0.09068619951040392
0.11502447980416157
0.13020578335373317
0.14104957160342718
0.14851973684210526
0.1544637392900857
0.15847995716034272
0.16370104039167688
0.16763693390452877
0.17012698898408812
0.17293834149326806
0.17574969400244797
0.17799877600979194
0.1799265605875153
0.18201499388004896
0.1836214810281518
0.1858705630354957
0.18691477968176257
0.18803932068543452
0.1895654834761322
0.19181456548347614
0.1935013769889841
0.19486689106487148
0.19558981028151776
0.19671435128518971
0.1980798653610771
0.1990437576499388
0.19976667686658509
0.20105186658506732
0.20193543451652388
0.2027386780905753
0.20386321909424726
0.20458613831089353
0.20538938188494493
0.20627294981640149
0.20715651774785804
0.20779911260709913
0.208843329253366
0.2090843023255814
0.21012851897184823
0.21093176254589965
0.21117273561811506
0.2118153304773562
0.21213662790697674
0.21245792533659733
0.21269889840881276
0.2131808445532436
0.21374311505507956
0.21422506119951043
0.21462668298653612
0.21486765605875152
0.21567089963280295
0.21631349449204407
0.21663479192166463
0.21751835985312118
0.21751835985312118
0.21767900856793146
0.21808063035495717
0.2188838739290086
0.21920517135862913
0.2199280905752754
0.22008873929008568
0.22041003671970627
0.22081165850673196
0.22137392900856795
0.22145425336597307
0.22161490208078335
0.22201652386780907
0.2220968482252142
0.22233782129742963
0.22257879436964503
0.22298041615667075
0.22322138922888618
0.22370333537331702
0.22378365973072217
0.22394430844553245
0.22434593023255814
0.22458690330477357
0.224827876376989
0.22490820073439413
0.22530982252141984
0.22539014687882497
0.22579176866585068
0.22627371481028152
0.2264343635250918
0.22651468788249696
0.22683598531211752
0.22731793145654836
0.22771955324357407
0.22812117503059975
0.22852279681762547
0.22884409424724603
0.22908506731946146
0.22940636474908202
0.22964733782129743
0.22980798653610773
0.23012928396572827
0.23020960832313342
0.23045058139534885
0.23053090575275398
0.2309325275397797
0.2311735006119951
0.23125382496940028
0.2313341493268054
0.2315751223990208
0.23189641982864137
0.23221771725826196
0.23229804161566708
0.23245869033047736
0.2325390146878825
0.2326996634026928
0.23277998776009792
0.23302096083231336
0.23334225826193392
0.23342258261933904
0.23366355569155448
0.23398485312117503
0.2343061505507956
0.23446679926560587
0.2347077723378213
0.2349487454100367
0.23510939412484702
0.23518971848225215
0.2352700428396573
0.2352700428396573
0.23535036719706243
0.2355110159118727
0.23575198898408814
0.23591263769889842
0.23615361077111385
0.23655523255813957
0.23655523255813957
0.2366355569155447
0.2366355569155447
0.23671588127294982
0.23679620563035497
0.2368765299877601
0.23695685434516522
0.2372781517747858
0.23735847613219094
0.23735847613219094
0.23735847613219094
0.23743880048959612
0.23751912484700125
0.23767977356181152
0.23800107099143208
0.23816171970624236
0.23816171970624236
0.23816171970624236
0.23832236842105264
0.23848301713586292
0.23856334149326808
0.23880431456548348
0.23912561199510404
0.23912561199510404
0.2392059363525092
0.23944690942472463
0.23968788249694004
0.23968788249694004
0.23976820685434516
0.23976820685434516
0.24016982864137087
0.24016982864137087
0.240250152998776
0.24033047735618118
0.24033047735618118
0.24033047735618118
0.2404108017135863
0.24073209914320684
0.24081242350061202
0.24089274785801715
0.24105339657282743
0.24105339657282743
0.24113372093023255
0.2412140452876377
0.24129436964504286
0.241374694002448
0.241374694002448
0.24145501835985314
0.24169599143206855
0.2420172888616891
0.24217793757649939
0.24225826193390454
0.24225826193390454
0.24241891064871482
0.2425795593635251
0.2427402080783354
0.24282053243574053
0.24282053243574053
0.24282053243574053
0.2429811811505508
0.24306150550795594
0.24306150550795594
0.24330247858017137
0.24354345165238678
0.24370410036719709
0.24386474908200736
0.24402539779681762
0.24402539779681762
0.24410572215422277
0.24418604651162792
0.24418604651162792
0.2443466952264382
0.24442701958384333
0.24442701958384333
0.24450734394124848
0.24466799265605876
0.24466799265605876
0.24466799265605876
0.24474831701346392
0.24482864137086904
0.24490896572827417
0.24506961444308445
0.24523026315789476
0.2455515605875153
0.24563188494492047
0.24579253365973072
0.24587285801713588
0.24619415544675644
0.24619415544675644
0.24643512851897184
0.24643512851897184
0.24643512851897184
0.24651545287637702
0.24651545287637702
0.24667610159118727
0.24691707466340268
0.24699739902080786
0.247077723378213
0.24723837209302327
0.24739902080783355
0.2474793451652387
0.24763999388004898
0.2477203182374541
0.2477203182374541
0.2477203182374541
0.24796129130966954
0.24820226438188495
0.24836291309669523
0.24836291309669523
0.24844323745410038
0.24852356181150553
0.24876453488372094
0.24884485924112607
0.24884485924112607
0.24884485924112607
0.24892518359853125
0.2490858323133415
0.24916615667074665
0.24924648102815178
0.2493268053855569
0.2493268053855569
0.24940712974296209
0.2494874541003672
0.24956777845777234
0.24956777845777234
0.24972842717258262
0.24972842717258262
0.24972842717258262
0.24972842717258262
0.24980875152998777
0.24996940024479805
0.24996940024479805
0.2500497246022032
0.2500497246022032
0.2500497246022032
0.2500497246022032
0.25021037331701346
0.25021037331701346
0.25029069767441864
0.25037102203182376
0.2506923194614443
0.2506923194614443
0.2506923194614443
0.2506923194614443
0.25093329253365976
0.25093329253365976
0.2510136168910649
0.2510136168910649
0.2510136168910649
0.2511742656058752
0.2512545899632803
0.25141523867809057
0.2514955630354957
0.251656211750306
0.25173653610771113
0.25173653610771113
0.25189718482252144
0.25189718482252144
0.25205783353733174
0.25205783353733174
0.25213815789473687
0.2522988066095471
0.2522988066095471
0.25237913096695225
0.25237913096695225
0.25245945532435743
0.25253977968176256
0.2526201040391677
0.2528610771113831
0.2528610771113831
0.25294140146878824
0.2530217258261934
0.2531823745410037
0.253343023255814
0.2534233476132191
0.25350367197062423
0.25350367197062423
0.25350367197062423
0.2535839963280294
0.2535839963280294
0.25366432068543454
0.25366432068543454
0.25366432068543454
0.25374464504283967
0.25374464504283967
0.2538249694002448
0.2538249694002448
0.2539052937576499
0.2540659424724602
0.2540659424724602
0.25414626682986535
0.25422659118727053
0.25422659118727053
0.25422659118727053
0.25422659118727053
0.25430691554467566
0.25430691554467566
0.25446756425948597
0.25446756425948597
0.2545478886168911
0.2546282129742962
0.2546282129742962
0.2546282129742962
0.2546282129742962
0.2546282129742962
0.2546282129742962
0.25470853733170135
0.2548691860465116
0.2548691860465116
0.2548691860465116
0.2549495104039168
0.2550298347613219
0.2550298347613219
0.2550298347613219
0.2551101591187271
0.2551101591187271
0.2551101591187271
0.2551904834761322
0.25543145654834765
0.25543145654834765
0.25551178090575277
0.25551178090575277
0.2555921052631579
0.255672429620563
0.25575275397796815
0.25575275397796815
0.25591340269277846
0.25591340269277846
0.25591340269277846
0.25607405140758877
0.256234700122399
0.2563150244798042
0.2563150244798042
0.2563150244798042
0.2563150244798042
0.25647567319461445
0.25647567319461445
0.25647567319461445
0.2565559975520196
0.2565559975520196
0.2565559975520196
0.2566363219094247
0.2566363219094247
0.2566363219094247
0.2567166462668299
0.256796970624235
0.2568772949816402
0.25703794369645044
0.25703794369645044
0.25703794369645044
0.25703794369645044
0.25703794369645044
0.25711826805385557
0.25711826805385557
0.25711826805385557
0.25711826805385557
0.25711826805385557
0.25711826805385557
0.2571985924112607
0.25743956548347613
0.25743956548347613
0.25760021419828644
0.25784118727050187
0.25784118727050187
0.25784118727050187
0.257921511627907
0.2580018359853121
0.25808216034271725
0.25808216034271725
0.25808216034271725
0.2581624847001224
0.25824280905752756
0.25824280905752756
0.2583231334149327
0.2583231334149327
0.2583231334149327
0.2583231334149327
0.2584034577723378
0.258483782129743
0.258483782129743
0.258483782129743
0.2585641064871481
0.25864443084455324
0.2587247552019584
0.25880507955936355
0.2588854039167687
0.2589657282741738
0.2589657282741738
0.2589657282741738
0.2589657282741738
0.2589657282741738
0.2589657282741738
0.2591263769889841
0.2591263769889841
0.2591263769889841
0.25920670134638923
0.25928702570379436
0.25928702570379436
0.2596083231334149
0.2596083231334149
0.2596083231334149
0.2596083231334149
0.2596886474908201
0.2596886474908201
0.2596886474908201
0.25984929620563035
0.25984929620563035
0.25984929620563035
0.25984929620563035
0.25984929620563035
0.26000994492044066
0.26000994492044066
0.26000994492044066
0.2601705936352509
0.2603312423500612
0.26041156670746635
0.26041156670746635
0.2604918910648715
0.2604918910648715
0.2604918910648715
0.2604918910648715
0.2604918910648715
0.2604918910648715
0.2604918910648715
0.2605722154222766
0.2605722154222766
0.2605722154222766
0.2605722154222766
0.2605722154222766
0.2606525397796818
0.2606525397796818
0.2606525397796818
0.2606525397796818
0.2607328641370869
0.26081318849449203
0.26081318849449203
0.2608935128518972
0.2608935128518972
0.2608935128518972
0.26097383720930234
0.26097383720930234
0.26105416156670747
0.26105416156670747
0.26105416156670747
0.26113448592411265
0.2612148102815178
0.2612148102815178
0.261375458996328
0.261375458996328
0.261375458996328
0.26145578335373315
0.26145578335373315
0.26153610771113833
0.26153610771113833
0.26153610771113833
0.26161643206854346
0.26161643206854346
0.2616967564259486
0.26177708078335377
0.26177708078335377
0.26177708078335377
0.26177708078335377
0.26177708078335377
0.261937729498164
0.261937729498164
0.261937729498164
0.26201805385556914
0.26201805385556914
0.26201805385556914
0.26201805385556914
0.26217870257037945
0.2623393512851897
0.2623393512851897
0.2623393512851897
0.2623393512851897
0.2624196756425949
0.2624196756425949
0.2624196756425949
0.2624196756425949
0.2625
0.2625
0.2625
0.2625803243574052
0.26266064871481026
0.26274097307221544
0.26282129742962057
0.26282129742962057
0.2629016217870257
0.2629016217870257
0.2629016217870257
0.2629016217870257
0.2629016217870257
0.2629016217870257
0.2629016217870257
0.2629819461444309
0.26314259485924113
0.26314259485924113
0.26314259485924113
0.26314259485924113
0.26322291921664626
0.26322291921664626
0.26322291921664626
0.26322291921664626
0.26322291921664626
0.26330324357405144
0.26330324357405144
0.26330324357405144
0.26330324357405144
0.26330324357405144
0.2633835679314565
0.2633835679314565
0.2634638922888617
0.26354421664626687
0.26354421664626687
0.26354421664626687
0.26354421664626687
0.26354421664626687
0.263624541003672
0.263624541003672
0.263624541003672
0.2637048653610771
0.2637048653610771
0.2637048653610771
0.2637048653610771
0.2637048653610771
0.2637048653610771
0.26378518971848225
0.26386551407588743
0.26386551407588743
0.26394583843329256
0.26410648714810286
0.26410648714810286
0.26410648714810286
0.26418681150550793
0.26418681150550793
0.2642671358629131
0.2642671358629131
0.26434746022031824
0.26434746022031824
0.26442778457772337
0.26450810893512855
0.26450810893512855
0.26450810893512855
0.26450810893512855
0.26450810893512855
0.26450810893512855
0.26450810893512855
0.26450810893512855
0.26450810893512855
0.26450810893512855
0.26450810893512855
0.2645884332925337
0.2645884332925337
0.2645884332925337
0.2646687576499388
0.2646687576499388
0.2646687576499388
0.2646687576499388
0.2648294063647491
0.2648294063647491
0.2648294063647491
0.26490973072215424
0.26499005507955936
0.26499005507955936
0.26507037943696454
0.26507037943696454
0.26507037943696454
0.2651507037943696
0.2652310281517748
0.2652310281517748
0.2653113525091799
0.2653113525091799
0.2653916768665851
0.2653916768665851
0.2653916768665851
0.2653916768665851
0.2653916768665851
0.2653916768665851
0.2653916768665851
0.26555232558139535
0.26563264993880054
0.26563264993880054
0.26563264993880054
0.26563264993880054
0.26563264993880054
0.26563264993880054
0.26563264993880054
0.26563264993880054
0.26563264993880054
0.26563264993880054
0.26563264993880054
0.2657932986536108
0.2657932986536108
0.26587362301101597
0.26587362301101597
0.26587362301101597
0.26595394736842104
0.26595394736842104
0.26595394736842104
0.26595394736842104
0.26595394736842104
0.26595394736842104
0.26595394736842104
0.26595394736842104
0.2660342717258262
0.2661949204406365
0.2661949204406365
0.2662752447980416
0.2662752447980416
0.2662752447980416
0.2662752447980416
0.2662752447980416
0.2663555691554468
0.2664358935128519
0.26651621787025703
0.2665965422276622
0.2665965422276622
0.2665965422276622
0.2665965422276622
0.2665965422276622
0.2665965422276622
0.2665965422276622
0.2666768665850673
0.26683751529987765
0.26683751529987765
0.26683751529987765
0.2669178396572827
0.2669178396572827
0.2669981640146879
0.2669981640146879
0.2669981640146879
0.2669981640146879
0.2669981640146879
0.267078488372093
0.2671588127294982
0.2671588127294982
0.2671588127294982
0.2671588127294982
0.2671588127294982
0.2671588127294982
0.2671588127294982
0.2672391370869033
0.2672391370869033
0.2672391370869033
0.2672391370869033
0.2672391370869033
0.2672391370869033
0.2672391370869033
0.2672391370869033
0.2672391370869033
0.2672391370869033
0.2672391370869033
0.2672391370869033
0.2672391370869033
0.26731946144430846
0.26731946144430846
0.26731946144430846
0.26731946144430846
0.26731946144430846
0.26739978580171364
0.26739978580171364
0.26739978580171364
0.26739978580171364
0.26739978580171364
0.26739978580171364
0.2674801101591187
0.2674801101591187
0.2675604345165239
0.2675604345165239
0.2675604345165239
0.2675604345165239
0.2675604345165239
0.267640758873929
0.267640758873929
0.267640758873929
0.26772108323133414
0.26772108323133414
0.26772108323133414
0.26772108323133414
0.26772108323133414
0.26772108323133414
0.26788173194614445
0.2679620563035496
0.2681227050183599
0.26820302937576496
0.26820302937576496
0.26820302937576496
0.26820302937576496
0.26820302937576496
0.26820302937576496
0.26820302937576496
0.26820302937576496
0.26820302937576496
0.2683636780905753
0.2683636780905753
0.2683636780905753
0.2683636780905753
0.2683636780905753
0.2683636780905753
0.2683636780905753
0.2683636780905753
0.2683636780905753
0.2684440024479804
0.26852432680538557
0.26852432680538557
0.2686046511627907
0.2686046511627907
0.2686046511627907
0.2686849755201958
0.2686849755201958
0.268765299877601
0.268765299877601
0.268765299877601
0.268765299877601
0.268765299877601
0.268765299877601
0.268765299877601
0.268765299877601
0.26884562423500613
0.26884562423500613
0.26884562423500613
0.26884562423500613
0.2689259485924113
0.2690062729498164
0.26908659730722156
0.26908659730722156
0.26908659730722156
0.26908659730722156
0.26916692166462675
0.26916692166462675
0.26916692166462675
0.26916692166462675
0.26916692166462675
0.26916692166462675
0.26916692166462675
0.26916692166462675
0.26916692166462675
0.26916692166462675
0.26916692166462675
0.26916692166462675
0.26916692166462675
0.2692472460220318
0.2692472460220318
0.2694078947368421
0.2694078947368421
0.2694078947368421
0.2694078947368421
0.2694078947368421
0.2694078947368421
0.2694078947368421
0.2694078947368421
0.2694078947368421
0.2694078947368421
0.2694078947368421
0.2694078947368421
0.2694078947368421
0.2694078947368421
0.2694078947368421
0.2694078947368421
0.2694078947368421
0.2694078947368421
0.2694078947368421
0.2694078947368421
0.2694078947368421
0.2694078947368421
0.2694078947368421
0.2694078947368421
0.2694078947368421
0.2694078947368421
0.2694078947368421
0.2694078947368421
0.26948821909424725
0.26948821909424725
0.26948821909424725
0.26948821909424725
0.26948821909424725
0.2695685434516524
0.2695685434516524
0.2695685434516524
0.26964886780905756
0.26964886780905756
0.2697291921664627
0.2697291921664627
0.2697291921664627
0.2697291921664627
0.2697291921664627
0.2697291921664627
0.2697291921664627
0.2697291921664627
0.2697291921664627
0.2697291921664627
0.2698095165238678
0.2698095165238678
0.2698095165238678
0.269889840881273
0.269889840881273
0.269889840881273
0.27005048959608324
0.2701308139534884
0.2701308139534884
0.2702111383108935
0.2702914626682987
0.2702914626682987
0.2702914626682987
0.2702914626682987
0.2702914626682987
0.2702914626682987
0.2702914626682987
0.2703717870257038
0.2703717870257038
0.2703717870257038
0.27045211138310893
0.27045211138310893
0.27045211138310893
0.27045211138310893
0.27045211138310893
0.27053243574051405
0.27061276009791924
0.2706930844553244
0.2706930844553244
0.2706930844553244
0.2706930844553244
0.2706930844553244
0.2706930844553244
0.2707734088127295
0.2707734088127295
0.2707734088127295
0.27085373317013467
0.27085373317013467
0.27085373317013467
0.27085373317013467
0.27085373317013467
0.27085373317013467
0.27085373317013467
0.2710143818849449
0.2710143818849449
0.2710143818849449
0.2710143818849449
0.2710947062423501
0.27117503059975523
0.27125535495716036
0.27125535495716036
0.27125535495716036
0.27125535495716036
0.27125535495716036
0.27125535495716036
0.2713356793145655
0.2713356793145655
0.2713356793145655
0.2713356793145655
0.2713356793145655
0.2713356793145655
0.2713356793145655
0.2713356793145655
0.2713356793145655
0.2713356793145655
0.2713356793145655
0.2713356793145655
0.27141600367197066
0.27141600367197066
0.2715766523867809
0.2715766523867809
0.2715766523867809
0.2715766523867809
0.2715766523867809
0.2715766523867809
0.2715766523867809
0.2715766523867809
0.2716569767441861
0.2716569767441861
0.2716569767441861
0.2716569767441861
0.2716569767441861
0.2716569767441861
0.27173730110159117
0.27173730110159117
0.27173730110159117
0.27173730110159117
0.27173730110159117
0.27173730110159117
0.27173730110159117
0.27173730110159117
0.27173730110159117
0.27173730110159117
0.27181762545899635
0.27181762545899635
0.27181762545899635
0.27181762545899635
0.27181762545899635
0.27181762545899635
0.27181762545899635
0.27181762545899635
0.27181762545899635
0.27181762545899635
0.27181762545899635
0.27181762545899635
0.2718979498164015
0.2718979498164015
0.2718979498164015
0.2718979498164015
0.2718979498164015
0.2718979498164015
0.2718979498164015
0.2718979498164015
0.2718979498164015
0.2718979498164015
0.2718979498164015
0.2718979498164015
0.2718979498164015
0.2718979498164015
0.2718979498164015
0.2719782741738066
0.2719782741738066
0.2720585985312118
0.2720585985312118
0.2720585985312118
0.2720585985312118
0.2720585985312118
0.2720585985312118
0.2720585985312118
0.2720585985312118
0.2721389228886169
0.2721389228886169
0.27221924724602203
0.27237989596083234
0.27237989596083234
0.27237989596083234
0.27237989596083234
0.27237989596083234
0.27237989596083234
0.27237989596083234
0.27246022031823747
0.27246022031823747
0.2725405446756426
0.2725405446756426
0.2725405446756426
0.2725405446756426
0.2725405446756426
0.2725405446756426
0.2726208690330478
0.2726208690330478
0.2726208690330478
0.2726208690330478
0.2726208690330478
0.2726208690330478
0.2727011933904529
0.2727011933904529
0.2727011933904529
0.2727011933904529
0.2727011933904529
0.2727011933904529
0.2727011933904529
0.2727011933904529
0.27286184210526315
0.27286184210526315
0.27286184210526315
0.27286184210526315
0.27286184210526315
0.27286184210526315
0.27286184210526315
0.27286184210526315
0.27286184210526315
0.27286184210526315
0.27286184210526315
0.27294216646266833
0.27294216646266833
0.27294216646266833
0.27302249082007346
0.27302249082007346
