0.08085985312117502
0.10136168910648714
0.11490208078335373
0.12415850673194614
0.13280293757649939
0.1383108935128519
0.14251835985312117
0.1460373317013464
0.1497858017135863
0.15231028151774786
0.1553702570379437
0.15865973072215422
0.16210220318237453
0.16409118727050184
0.1663096695226438
0.168375152998776
0.17005813953488372
0.17112913096695226
0.17258261933904528
0.17464810281517748
0.1759485924112607
0.17679008567931456
0.17755507955936353
0.17832007343941247
0.17939106487148102
0.18023255813953487
0.18115055079559364
0.1819920440636475
0.18245104039167687
0.18321603427172584
0.18398102815177478
0.18482252141982863
0.18535801713586292
0.18604651162790697
0.18650550795593634
0.18719400244798043
0.18795899632802937
0.18910648714810283
0.18964198286413708
0.19033047735618114
0.19086597307221542
0.1916309669522644
0.19216646266829865
0.19247246022031825
0.1932374541003672
0.19361995104039167
0.19407894736842105
0.19453794369645042
0.19484394124847002
0.19545593635250919
0.19599143206854344
0.19629742962056304
0.1966034271725826
0.1967564259485924
0.19752141982864138
0.19813341493268055
0.19828641370869032
0.1988984088127295
0.1992044063647491
0.19951040391676866
0.19958690330477355
0.19989290085679315
0.20012239902080783
0.20050489596083232
0.2008108935128519
0.2011168910648715
0.20119339045287638
0.20165238678090575
0.20180538555691555
0.20188188494492043
0.20257037943696451
0.20295287637698897
0.20318237454100369
0.20364137086903306
0.20387086903304774
0.2043298653610771
0.2045593635250918
0.2047123623011016
0.20494186046511628
0.20509485924112608
0.20540085679314565
0.20570685434516525
0.20601285189718482
0.2060893512851897
0.2064718482252142
0.2067778457772338
0.20738984088127296
0.20754283965728273
0.20761933904528765
0.20777233782129742
0.20807833537331702
0.2083078335373317
0.2083843329253366
0.2086903304773562
0.20891982864137087
0.20922582619339045
0.20991432068543453
0.2100673194614443
0.2102203182374541
0.210296817625459
0.21052631578947367
0.21090881272949816
0.21136780905752753
0.21136780905752753
0.21159730722154224
0.2119033047735618
0.2121328029375765
0.2122858017135863
0.21259179926560587
0.21259179926560587
0.21289779681762547
0.21305079559363524
0.21335679314565484
0.21335679314565484
0.21358629130966952
0.2136627906976744
0.213968788249694
0.2140452876376989
0.2143512851897185
0.21450428396572827
0.21458078335373318
0.21458078335373318
0.21473378212974295
0.21488678090575275
0.21519277845777235
0.21526927784577723
0.21526927784577723
0.21534577723378212
0.21549877600979192
0.2155752753977968
0.21565177478580172
0.2157282741738066
0.21580477356181152
0.2158812729498164
0.21618727050183598
0.21634026927784578
0.21641676866585066
0.21641676866585066
0.21664626682986537
0.21679926560587515
0.21702876376988983
0.21718176254589963
0.21756425948592412
0.21756425948592412
0.21771725826193392
0.2179467564259486
0.2179467564259486
0.21832925336597309
0.21832925336597309
0.21848225214198286
0.21855875152998777
0.21871175030599754
0.21886474908200734
0.21901774785801714
0.21917074663402691
0.2193237454100367
0.21940024479804163
0.2195532435740514
0.2197062423500612
0.2197062423500612
0.2197062423500612
0.21978274173806608
0.22001223990208077
0.22039473684210525
0.22039473684210525
0.22039473684210525
0.22054773561811505
0.22062423500611994
0.22070073439412485
0.22085373317013463
0.22093023255813954
0.22093023255813954
0.22100673194614442
0.22115973072215422
0.22131272949816402
0.22131272949816402
0.2214657282741738
0.2215422276621787
0.2217717258261934
0.2217717258261934
0.2217717258261934
0.2219247246022032
0.22200122399020808
0.22207772337821297
0.22207772337821297
0.22215422276621788
0.22223072215422277
0.22223072215422277
0.22246022031823745
0.22253671970624234
0.22268971848225214
0.22276621787025705
0.22291921664626682
0.22299571603427173
0.22299571603427173
0.2231487148102815
0.2233017135862913
0.2233782129742962
0.2234547123623011
0.223531211750306
0.2236842105263158
0.2236842105263158
0.22376070991432068
0.2238372093023256
0.22391370869033048
0.22406670746634028
0.22421970624235005
0.22421970624235005
0.22429620563035496
0.22444920440636476
0.22467870257037945
0.22483170134638922
0.2250611995104039
0.2250611995104039
0.2250611995104039
0.22513769889840882
0.22529069767441862
0.22529069767441862
0.2254436964504284
0.2254436964504284
0.2255201958384333
0.2255201958384333
0.2255201958384333
0.2255201958384333
0.2255966952264382
0.2255966952264382
0.225749694002448
0.22590269277845776
0.22605569155446756
0.22605569155446756
0.22613219094247247
0.22636168910648716
0.22643818849449204
0.22643818849449204
0.22651468788249693
0.22651468788249693
0.22651468788249693
0.22651468788249693
0.22651468788249693
0.22659118727050184
0.22666768665850673
0.22666768665850673
0.22666768665850673
0.22674418604651161
0.22674418604651161
0.2268971848225214
0.2268971848225214
0.2270501835985312
0.2270501835985312
0.2270501835985312
0.2271266829865361
0.227203182374541
0.2272796817625459
0.22735618115055078
0.2274326805385557
0.22750917992656058
0.22758567931456547
0.22766217870257038
0.22766217870257038
0.22766217870257038
0.22773867809057527
0.22773867809057527
0.22789167686658507
0.22789167686658507
0.22789167686658507
0.22789167686658507
0.22789167686658507
0.22796817625458995
0.22796817625458995
0.22812117503059975
0.22819767441860464
0.22819767441860464
0.22827417380660955
0.22827417380660955
0.22835067319461444
0.22842717258261933
0.22850367197062424
0.22850367197062424
0.22850367197062424
0.22858017135862913
0.22858017135862913
0.22858017135862913
0.22865667074663404
0.22865667074663404
0.22873317013463892
0.22888616891064872
0.22888616891064872
0.2289626682986536
0.2289626682986536
0.2290391676866585
0.2291156670746634
0.2291156670746634
0.22926866585067318
0.2293451652386781
0.2293451652386781
0.2294981640146879
0.22957466340269278
0.22957466340269278
0.22965116279069767
0.22965116279069767
0.22965116279069767
0.22965116279069767
0.22972766217870258
0.22980416156670747
0.22980416156670747
0.22980416156670747
0.22980416156670747
0.22980416156670747
0.22988066095471235
0.22995716034271727
0.22995716034271727
0.23003365973072215
0.23011015911872704
0.23011015911872704
0.23018665850673195
0.23026315789473684
0.23026315789473684
0.23033965728274175
0.23041615667074664
0.23056915544675644
0.23064565483476132
0.23064565483476132
0.2307221542227662
0.2307221542227662
0.23079865361077112
0.230875152998776
0.230875152998776
0.230875152998776
0.2309516523867809
0.2309516523867809
0.2309516523867809
0.2309516523867809
0.2311046511627907
0.2311046511627907
0.2311811505507956
0.23133414932680538
0.23133414932680538
0.2314106487148103
0.23148714810281518
0.23156364749082006
0.23156364749082006
0.23156364749082006
0.23171664626682986
0.23179314565483475
0.23179314565483475
0.23179314565483475
0.23179314565483475
0.23179314565483475
0.23179314565483475
0.23186964504283966
0.23194614443084455
0.23202264381884946
0.23209914320685435
0.23209914320685435
0.23217564259485923
0.23225214198286415
0.23232864137086903
0.23232864137086903
0.23240514075887392
0.23240514075887392
0.23240514075887392
0.23240514075887392
0.23248164014687883
0.23248164014687883
0.23248164014687883
0.23248164014687883
0.23255813953488372
0.23255813953488372
0.23255813953488372
0.2326346389228886
0.2326346389228886
0.2326346389228886
0.2326346389228886
0.23271113831089352
0.23271113831089352
0.2327876376988984
0.23286413708690332
0.233093635250918
0.233093635250918
0.233093635250918
0.233093635250918
0.2331701346389229
0.2331701346389229
0.2331701346389229
0.23324663402692777
0.23324663402692777
0.2333231334149327
0.2333231334149327
0.2333231334149327
0.23339963280293757
0.23339963280293757
0.23339963280293757
0.23339963280293757
0.23339963280293757
0.23339963280293757
0.23339963280293757
0.23362913096695226
0.23362913096695226
0.23378212974296206
0.23385862913096694
0.23385862913096694
0.23385862913096694
0.23385862913096694
0.23385862913096694
0.23393512851897186
0.23393512851897186
0.23393512851897186
0.23393512851897186
0.23401162790697674
0.23401162790697674
0.23401162790697674
0.23401162790697674
0.23401162790697674
0.23401162790697674
0.23408812729498163
0.23408812729498163
0.23408812729498163
0.23424112607099143
0.23424112607099143
0.23431762545899631
0.23431762545899631
0.23439412484700123
0.23439412484700123
0.23439412484700123
0.23439412484700123
0.23439412484700123
0.23447062423500611
0.2346236230110159
0.2346236230110159
0.2347766217870257
0.2347766217870257
0.2347766217870257
0.2347766217870257
0.2347766217870257
0.2350061199510404
0.2350061199510404
0.2350061199510404
0.2350061199510404
0.23508261933904528
0.23508261933904528
0.23515911872705017
0.23515911872705017
0.23515911872705017
0.23515911872705017
0.23515911872705017
0.23523561811505508
0.23531211750305997
0.23531211750305997
0.23531211750305997
0.23531211750305997
0.23531211750305997
0.23531211750305997
0.23531211750305997
0.23531211750305997
0.23531211750305997
0.23546511627906977
0.23546511627906977
0.23554161566707466
0.23554161566707466
0.23561811505507957
0.23561811505507957
0.23569461444308445
0.23569461444308445
0.23569461444308445
0.23584761321909425
0.23584761321909425
0.23584761321909425
0.23592411260709914
0.23615361077111383
0.23615361077111383
0.23615361077111383
0.23615361077111383
0.2363831089351285
0.2363831089351285
0.2363831089351285
0.23645960832313342
0.23645960832313342
0.23645960832313342
0.23645960832313342
0.23645960832313342
0.2365361077111383
0.2366891064871481
0.2366891064871481
0.2369186046511628
0.2369186046511628
0.2369186046511628
0.2369186046511628
0.2370716034271726
0.2370716034271726
0.23714810281517748
0.23714810281517748
0.23722460220318237
0.23722460220318237
0.23722460220318237
0.23722460220318237
0.23722460220318237
0.23722460220318237
0.23722460220318237
0.23722460220318237
0.23722460220318237
0.23730110159118728
0.23730110159118728
0.23737760097919217
0.23737760097919217
0.23737760097919217
0.23745410036719705
0.23745410036719705
0.23753059975520197
0.23760709914320685
0.23760709914320685
0.23760709914320685
0.23760709914320685
0.23776009791921665
0.23783659730722154
0.23791309669522645
0.23791309669522645
0.23798959608323134
0.23798959608323134
0.23814259485924114
0.23814259485924114
0.23821909424724602
0.23821909424724602
0.23821909424724602
0.2382955936352509
0.2382955936352509
0.2382955936352509
0.23837209302325582
0.23837209302325582
0.23837209302325582
0.23837209302325582
0.2385250917992656
0.2385250917992656
0.2385250917992656
0.2386015911872705
0.2386015911872705
0.2386015911872705
0.2386015911872705
0.2386015911872705
0.2386015911872705
0.2387545899632803
0.2388310893512852
0.238984088127295
0.23906058751529988
0.23906058751529988
0.23906058751529988
0.23913708690330476
0.23913708690330476
0.23913708690330476
0.23929008567931456
0.23929008567931456
0.23936658506731945
0.23944308445532436
0.23944308445532436
0.23944308445532436
0.23944308445532436
0.23944308445532436
0.23951958384332925
0.23967258261933905
0.23967258261933905
0.23974908200734393
0.23982558139534885
0.23982558139534885
0.23982558139534885
0.23990208078335373
0.23997858017135862
0.24005507955936353
0.24005507955936353
0.24005507955936353
0.24005507955936353
0.2402080783353733
0.2402080783353733
0.2403610771113831
0.2403610771113831
0.24043757649938802
0.24043757649938802
0.2405140758873929
0.2405140758873929
0.2406670746634027
0.2406670746634027
0.2406670746634027
0.2406670746634027
0.2406670746634027
0.24082007343941247
0.24082007343941247
0.2408965728274174
0.2408965728274174
0.2408965728274174
0.24097307221542227
0.24097307221542227
0.24097307221542227
0.24097307221542227
0.24097307221542227
0.24112607099143207
0.24112607099143207
0.24127906976744187
0.24127906976744187
0.24127906976744187
0.24127906976744187
0.24127906976744187
0.24127906976744187
0.24143206854345164
0.24143206854345164
0.24143206854345164
0.24143206854345164
0.24143206854345164
0.24143206854345164
0.24143206854345164
0.24143206854345164
0.24143206854345164
0.24143206854345164
0.24143206854345164
0.24143206854345164
0.24143206854345164
0.24143206854345164
0.24150856793145656
0.24166156670746633
0.24173806609547124
0.24173806609547124
0.24181456548347613
0.24189106487148102
0.24196756425948593
0.24204406364749081
0.24204406364749081
0.24212056303549573
0.24212056303549573
0.24212056303549573
0.24212056303549573
0.24219706242350061
0.24219706242350061
0.24219706242350061
0.24219706242350061
0.24219706242350061
0.24219706242350061
0.24219706242350061
0.24219706242350061
0.24219706242350061
0.24219706242350061
0.2422735618115055
0.2422735618115055
0.2424265605875153
0.2424265605875153
0.24250305997552019
0.2425795593635251
0.24265605875152998
0.24265605875152998
0.24265605875152998
0.24265605875152998
0.24265605875152998
0.24265605875152998
0.24265605875152998
0.24265605875152998
0.24273255813953487
0.24273255813953487
0.24273255813953487
0.24273255813953487
0.24273255813953487
0.24280905752753978
0.24280905752753978
0.24288555691554467
0.24288555691554467
0.24296205630354958
0.24303855569155447
0.24303855569155447
0.24303855569155447
0.24303855569155447
0.24303855569155447
0.24303855569155447
0.24311505507955936
0.24311505507955936
0.24311505507955936
0.24311505507955936
0.24311505507955936
0.24319155446756427
0.24326805385556916
0.24334455324357404
0.24334455324357404
0.24334455324357404
0.24334455324357404
0.24334455324357404
0.24334455324357404
0.24334455324357404
0.24334455324357404
0.24334455324357404
0.24342105263157895
0.24342105263157895
0.24349755201958384
0.24349755201958384
0.24349755201958384
0.24349755201958384
0.24357405140758873
0.24357405140758873
0.24372705018359853
0.24372705018359853
0.24372705018359853
0.24372705018359853
0.24372705018359853
0.24372705018359853
0.24372705018359853
0.24372705018359853
0.24380354957160344
0.24380354957160344
0.24388004895960833
0.24388004895960833
0.2439565483476132
0.24403304773561812
0.2441860465116279
0.2441860465116279
0.2441860465116279
0.2441860465116279
0.2442625458996328
0.2442625458996328
0.2442625458996328
0.2443390452876377
0.2443390452876377
0.24441554467564258
0.24441554467564258
0.24441554467564258
0.24441554467564258
0.24441554467564258
0.24441554467564258
0.24441554467564258
0.2444920440636475
0.2444920440636475
0.24456854345165238
0.2446450428396573
0.2446450428396573
0.2446450428396573
0.2446450428396573
0.24472154222766218
0.24472154222766218
0.24472154222766218
0.24472154222766218
0.24472154222766218
0.24472154222766218
0.24472154222766218
0.24472154222766218
0.24472154222766218
0.24472154222766218
0.24472154222766218
0.24472154222766218
0.24472154222766218
0.24472154222766218
0.24472154222766218
0.24472154222766218
0.24472154222766218
0.24472154222766218
0.24472154222766218
0.24472154222766218
0.24479804161566707
0.24479804161566707
0.24487454100367198
0.24487454100367198
0.24487454100367198
0.24495104039167687
0.24502753977968175
0.24510403916768667
0.24510403916768667
0.24510403916768667
0.24510403916768667
0.24510403916768667
0.24510403916768667
0.24510403916768667
0.24510403916768667
0.24510403916768667
0.24518053855569155
0.24518053855569155
0.24525703794369644
0.24525703794369644
0.24525703794369644
0.24525703794369644
0.24525703794369644
0.24533353733170135
0.24533353733170135
0.24533353733170135
0.24533353733170135
0.24548653610771115
0.24548653610771115
0.24548653610771115
0.24548653610771115
0.24548653610771115
0.24556303549571604
0.24556303549571604
0.24563953488372092
0.24571603427172584
0.24579253365973072
0.24579253365973072
0.24579253365973072
0.24579253365973072
0.2458690330477356
0.24594553243574052
0.24594553243574052
0.24594553243574052
0.24594553243574052
0.24594553243574052
0.24594553243574052
0.24594553243574052
0.24594553243574052
0.24594553243574052
0.24594553243574052
0.24594553243574052
0.2460220318237454
0.2460985312117503
0.2460985312117503
0.2460985312117503
0.2460985312117503
0.2460985312117503
0.2460985312117503
0.2460985312117503
0.2460985312117503
0.2460985312117503
0.2460985312117503
0.2461750305997552
0.2461750305997552
0.2461750305997552
0.2462515299877601
0.2462515299877601
0.2462515299877601
0.2462515299877601
0.2462515299877601
0.2462515299877601
0.2462515299877601
0.246328029375765
0.246328029375765
0.246328029375765
0.246328029375765
0.246328029375765
0.246328029375765
0.246328029375765
0.246328029375765
0.246328029375765
0.246328029375765
0.246328029375765
0.246328029375765
0.246328029375765
0.246328029375765
0.246328029375765
0.246328029375765
0.246328029375765
0.246328029375765
0.246328029375765
0.246328029375765
0.246328029375765
0.246328029375765
0.246328029375765
0.246328029375765
0.246328029375765
0.246328029375765
0.2464045287637699
0.2464045287637699
0.2464045287637699
0.2464045287637699
0.2464045287637699
0.2465575275397797
0.24663402692778458
0.24663402692778458
0.24671052631578946
0.24678702570379438
0.24678702570379438
0.24678702570379438
0.24686352509179926
0.24686352509179926
0.24686352509179926
0.24686352509179926
0.24694002447980415
0.24694002447980415
0.24701652386780906
0.24701652386780906
0.24701652386780906
0.24701652386780906
0.24716952264381886
0.24716952264381886
0.24716952264381886
0.24716952264381886
0.24716952264381886
0.24716952264381886
0.24716952264381886
0.24716952264381886
0.24716952264381886
0.24716952264381886
0.24716952264381886
0.24716952264381886
0.24716952264381886
0.24716952264381886
0.24716952264381886
0.24716952264381886
0.24716952264381886
0.24716952264381886
0.24732252141982863
0.24732252141982863
0.24732252141982863
0.24732252141982863
0.24732252141982863
0.24732252141982863
0.24732252141982863
0.24739902080783355
0.24739902080783355
0.24739902080783355
0.24747552019583843
0.24747552019583843
0.24762851897184823
0.24770501835985312
0.24770501835985312
0.24770501835985312
0.24770501835985312
0.24770501835985312
0.24770501835985312
0.24770501835985312
0.24770501835985312
0.24770501835985312
0.24770501835985312
0.24770501835985312
0.24770501835985312
0.24770501835985312
0.24770501835985312
0.24770501835985312
0.24770501835985312
0.247781517747858
0.247781517747858
0.247781517747858
0.247781517747858
0.24785801713586292
0.2479345165238678
0.2479345165238678
0.2479345165238678
0.24801101591187272
0.24801101591187272
0.24801101591187272
0.24801101591187272
0.24801101591187272
0.24801101591187272
0.24801101591187272
0.24801101591187272
0.24801101591187272
0.2480875152998776
0.2481640146878825
0.2481640146878825
0.2481640146878825
0.2481640146878825
0.2481640146878825
0.2481640146878825
0.2482405140758874
0.2482405140758874
0.2482405140758874
0.2482405140758874
0.2482405140758874
0.2482405140758874
0.2482405140758874
0.2482405140758874
0.2483170134638923
0.2483170134638923
0.24839351285189717
0.2484700122399021
0.2484700122399021
0.24854651162790697
0.24854651162790697
0.24854651162790697
0.24862301101591186
0.24862301101591186
0.24862301101591186
0.24877600979192166
0.24877600979192166
0.24877600979192166
0.24877600979192166
0.24877600979192166
0.24877600979192166
0.24892900856793146
0.24892900856793146
0.24900550795593634
0.24908200734394126
0.24908200734394126
0.24915850673194614
0.24923500611995103
0.24931150550795594
0.24931150550795594
0.24931150550795594
0.24931150550795594
0.24938800489596083
0.24938800489596083
0.24938800489596083
0.24938800489596083
0.24938800489596083
0.24938800489596083
0.24938800489596083
0.24938800489596083
0.24946450428396572
0.24946450428396572
0.24946450428396572
0.24946450428396572
0.24946450428396572
0.24946450428396572
0.24946450428396572
0.24946450428396572
0.24946450428396572
0.24946450428396572
0.24946450428396572
0.24946450428396572
0.24946450428396572
0.24946450428396572
0.24954100367197063
0.24961750305997552
0.24961750305997552
