0.08085985312117502
0.10136168910648714
0.11482558139534883
0.12415850673194614
0.13280293757649939
0.13785189718482252
0.14244186046511628
0.1458078335373317
0.149250305997552
0.15192778457772338
0.15475826193390452
0.15774173806609548
0.1608782129742962
0.1629436964504284
0.16485618115055078
0.16722766217870258
0.1687576499388005
0.17021113831089352
0.17151162790697674
0.17304161566707466
0.17480110159118728
0.17556609547123622
0.176484088127295
0.17755507955936353
0.1780905752753978
0.17931456548347613
0.18000305997552019
0.18061505507955936
0.18138004895960833
0.18222154222766218
0.18283353733170135
0.183828029375765
0.18428702570379438
0.18505201958384332
0.1855875152998776
0.18589351285189717
0.18658200734394126
0.18742350061199511
0.18803549571603428
0.18864749082007343
0.1891829865361077
0.19002447980416157
0.19048347613219094
0.1909424724602203
0.1913249694002448
0.19170746634026928
0.19208996328029376
0.19254895960832313
0.19293145654834762
0.193390452876377
0.19369645042839656
0.19384944920440636
0.19423194614443084
0.19423194614443084
0.19476744186046513
0.19530293757649939
0.19568543451652387
0.19637392900856793
0.19667992656058753
0.1969094247246022
0.1969859241126071
0.19721542227662178
0.1972919216646267
0.19767441860465115
0.19798041615667075
0.19836291309669524
0.1986689106487148
0.1988219094247246
0.19912790697674418
0.1992044063647491
0.19966340269277846
0.20027539779681763
0.2005813953488372
0.20119339045287638
0.20142288861689106
0.20165238678090575
0.20180538555691555
0.20203488372093023
0.20234088127294983
0.20257037943696451
0.2028763769889841
0.20310587515299877
0.20341187270501837
0.20364137086903306
0.20402386780905754
0.2043298653610771
0.20463586291309668
0.20509485924112608
0.20517135862913097
0.20555385556915545
0.20578335373317014
0.20616585067319462
0.2063188494492044
0.2064718482252142
0.206624847001224
0.20685434516523868
0.20731334149326805
0.20769583843329253
0.20792533659730722
0.20807833537331702
0.2083843329253366
0.20861383108935128
0.20930232558139536
0.20937882496940025
0.20945532435740513
0.20991432068543453
0.21014381884944922
0.2103733170134639
0.21067931456548347
0.21083231334149327
0.21090881272949816
0.21113831089351284
0.21144430844553244
0.21152080783353733
0.21159730722154224
0.21182680538555693
0.2119798041615667
0.21220930232558138
0.21236230110159118
0.21274479804161567
0.21282129742962055
0.21282129742962055
0.21297429620563035
0.21297429620563035
0.21305079559363524
0.21328029375764995
0.21328029375764995
0.21335679314565484
0.21373929008567932
0.2138157894736842
0.2138157894736842
0.2138922888616891
0.2141217870257038
0.2141982864137087
0.2143512851897185
0.21442778457772338
0.21465728274173806
0.21488678090575275
0.21488678090575275
0.21503977968176255
0.21519277845777235
0.21534577723378212
0.2155752753977968
0.21565177478580172
0.2157282741738066
0.2159577723378213
0.2161107711138311
0.2162637698898409
0.21641676866585066
0.21664626682986537
0.21664626682986537
0.21672276621787026
0.21687576499388006
0.21687576499388006
0.21702876376988983
0.21702876376988983
0.21718176254589963
0.21725826193390452
0.21733476132190943
0.21748776009791923
0.21756425948592412
0.21771725826193392
0.2179467564259486
0.2181762545899633
0.21825275397796817
0.21825275397796817
0.21832925336597309
0.21848225214198286
0.21863525091799266
0.21863525091799266
0.21871175030599754
0.21871175030599754
0.21871175030599754
0.21886474908200734
0.21917074663402691
0.2193237454100367
0.2194767441860465
0.2194767441860465
0.2197062423500612
0.2197062423500612
0.2197062423500612
0.219859241126071
0.219859241126071
0.219859241126071
0.21993574051407588
0.22008873929008568
0.22016523867809057
0.22024173806609548
0.22039473684210525
0.22054773561811505
0.22070073439412485
0.22100673194614442
0.22100673194614442
0.22100673194614442
0.22108323133414934
0.2212362301101591
0.2212362301101591
0.2214657282741738
0.2215422276621787
0.22169522643818848
0.22169522643818848
0.2217717258261934
0.2217717258261934
0.2217717258261934
0.22200122399020808
0.22207772337821297
0.22223072215422277
0.22223072215422277
0.22253671970624234
0.22261321909424725
0.22268971848225214
0.22284271725826194
0.22284271725826194
0.22284271725826194
0.22291921664626682
0.2231487148102815
0.22322521419828642
0.22322521419828642
0.22322521419828642
0.22322521419828642
0.22322521419828642
0.2233017135862913
0.2233782129742962
0.2233782129742962
0.2233782129742962
0.2236077111383109
0.2236842105263158
0.2236842105263158
0.2238372093023256
0.2238372093023256
0.22399020807833536
0.22414320685434516
0.22414320685434516
0.22414320685434516
0.22414320685434516
0.22414320685434516
0.22414320685434516
0.22414320685434516
0.22414320685434516
0.22421970624235005
0.22437270501835985
0.22437270501835985
0.22437270501835985
0.22437270501835985
0.22444920440636476
0.22452570379436965
0.22460220318237453
0.22460220318237453
0.22467870257037945
0.22467870257037945
0.22475520195838433
0.22475520195838433
0.22490820073439413
0.2250611995104039
0.2250611995104039
0.22513769889840882
0.22513769889840882
0.22529069767441862
0.22529069767441862
0.2254436964504284
0.2255966952264382
0.2255966952264382
0.2255966952264382
0.2255966952264382
0.2255966952264382
0.2255966952264382
0.225749694002448
0.225749694002448
0.225749694002448
0.225749694002448
0.22590269277845776
0.22597919216646267
0.22613219094247247
0.22613219094247247
0.22613219094247247
0.22613219094247247
0.22620869033047736
0.22628518971848224
0.22628518971848224
0.22628518971848224
0.22628518971848224
0.22628518971848224
0.22651468788249693
0.22659118727050184
0.22659118727050184
0.22666768665850673
0.22666768665850673
0.22697368421052633
0.2270501835985312
0.2271266829865361
0.2271266829865361
0.2271266829865361
0.227203182374541
0.2272796817625459
0.2272796817625459
0.22735618115055078
0.22735618115055078
0.22735618115055078
0.22735618115055078
0.22735618115055078
0.22735618115055078
0.22735618115055078
0.22750917992656058
0.22750917992656058
0.22750917992656058
0.22750917992656058
0.22758567931456547
0.22758567931456547
0.22773867809057527
0.22781517747858018
0.22789167686658507
0.22789167686658507
0.22796817625458995
0.22804467564259487
0.22812117503059975
0.22812117503059975
0.22819767441860464
0.22835067319461444
0.22835067319461444
0.22842717258261933
0.22842717258261933
0.22858017135862913
0.22865667074663404
0.22865667074663404
0.2288096695226438
0.2288096695226438
0.2288096695226438
0.2288096695226438
0.2288096695226438
0.22888616891064872
0.22888616891064872
0.22888616891064872
0.2290391676866585
0.2291921664626683
0.2291921664626683
0.22926866585067318
0.2293451652386781
0.22942166462668298
0.2294981640146879
0.2294981640146879
0.2294981640146879
0.22957466340269278
0.22965116279069767
0.22972766217870258
0.22972766217870258
0.22972766217870258
0.22972766217870258
0.22980416156670747
0.22980416156670747
0.22980416156670747
0.22980416156670747
0.22988066095471235
0.22995716034271727
0.22995716034271727
0.23011015911872704
0.23018665850673195
0.23018665850673195
0.23026315789473684
0.23026315789473684
0.23026315789473684
0.23026315789473684
0.23026315789473684
0.23026315789473684
0.23033965728274175
0.23033965728274175
0.23033965728274175
0.23041615667074664
0.23041615667074664
0.23049265605875152
0.23049265605875152
0.23056915544675644
0.23056915544675644
0.2307221542227662
0.23079865361077112
0.230875152998776
0.2311046511627907
0.2311046511627907
0.2311811505507956
0.2311811505507956
0.2311811505507956
0.2311811505507956
0.2311811505507956
0.2312576499388005
0.2312576499388005
0.23133414932680538
0.23148714810281518
0.23148714810281518
0.23148714810281518
0.23148714810281518
0.23148714810281518
0.23148714810281518
0.23148714810281518
0.23148714810281518
0.23148714810281518
0.23164014687882498
0.23171664626682986
0.23202264381884946
0.23202264381884946
0.23202264381884946
0.23202264381884946
0.23202264381884946
0.23202264381884946
0.23209914320685435
0.23209914320685435
0.23209914320685435
0.23209914320685435
0.23217564259485923
0.23217564259485923
0.23217564259485923
0.23217564259485923
0.23217564259485923
0.23225214198286415
0.23225214198286415
0.23232864137086903
0.23232864137086903
0.23232864137086903
0.23232864137086903
0.23232864137086903
0.23240514075887392
0.23240514075887392
0.23240514075887392
0.23248164014687883
0.23248164014687883
0.23248164014687883
0.23255813953488372
0.23255813953488372
0.23271113831089352
0.23271113831089352
0.23271113831089352
0.2327876376988984
0.2327876376988984
0.2327876376988984
0.23286413708690332
0.2329406364749082
0.2329406364749082
0.2329406364749082
0.2329406364749082
0.2329406364749082
0.2330171358629131
0.2330171358629131
0.233093635250918
0.233093635250918
0.2331701346389229
0.2333231334149327
0.2333231334149327
0.2333231334149327
0.2333231334149327
0.2333231334149327
0.2333231334149327
0.2333231334149327
0.2333231334149327
0.2333231334149327
0.23339963280293757
0.23339963280293757
0.23347613219094246
0.23347613219094246
0.23347613219094246
0.23347613219094246
0.23355263157894737
0.23362913096695226
0.23370563035495717
0.23378212974296206
0.23385862913096694
0.23385862913096694
0.23385862913096694
0.23401162790697674
0.23401162790697674
0.23408812729498163
0.23416462668298654
0.23416462668298654
0.23416462668298654
0.23424112607099143
0.23431762545899631
0.23439412484700123
0.23447062423500611
0.23447062423500611
0.23447062423500611
0.23454712362301103
0.2346236230110159
0.2347001223990208
0.2347766217870257
0.23492962056303549
0.2350061199510404
0.2350061199510404
0.23508261933904528
0.23508261933904528
0.23508261933904528
0.23508261933904528
0.23515911872705017
0.23515911872705017
0.23523561811505508
0.23523561811505508
0.23523561811505508
0.23523561811505508
0.23531211750305997
0.23531211750305997
0.23531211750305997
0.23531211750305997
0.23531211750305997
0.23531211750305997
0.23546511627906977
0.23554161566707466
0.23561811505507957
0.23561811505507957
0.23561811505507957
0.23561811505507957
0.23561811505507957
0.23561811505507957
0.23561811505507957
0.23569461444308445
0.23577111383108934
0.23592411260709914
0.23592411260709914
0.23592411260709914
0.23600061199510403
0.23607711138310894
0.23615361077111383
0.23630660954712362
0.23630660954712362
0.2363831089351285
0.2363831089351285
0.2363831089351285
0.2365361077111383
0.2365361077111383
0.2365361077111383
0.2365361077111383
0.2366126070991432
0.2366126070991432
0.2366891064871481
0.2366891064871481
0.236765605875153
0.236765605875153
0.236765605875153
0.236765605875153
0.23684210526315788
0.2369186046511628
0.23699510403916768
0.23714810281517748
0.23722460220318237
0.23722460220318237
0.23730110159118728
0.23730110159118728
0.23730110159118728
0.23730110159118728
0.23737760097919217
0.23737760097919217
0.23745410036719705
0.23753059975520197
0.23753059975520197
0.23753059975520197
0.23753059975520197
0.23760709914320685
0.23768359853121174
0.23776009791921665
0.23776009791921665
0.23776009791921665
0.23776009791921665
0.23776009791921665
0.23776009791921665
0.23783659730722154
0.23783659730722154
0.23783659730722154
0.23783659730722154
0.23791309669522645
0.23791309669522645
0.23791309669522645
0.23806609547123622
0.23821909424724602
0.23821909424724602
0.23821909424724602
0.2382955936352509
0.23837209302325582
0.23837209302325582
0.23837209302325582
0.23837209302325582
0.2384485924112607
0.2384485924112607
0.2384485924112607
0.2384485924112607
0.2385250917992656
0.2385250917992656
0.2386780905752754
0.2386780905752754
0.2387545899632803
0.2387545899632803
0.2387545899632803
0.2388310893512852
0.2388310893512852
0.23890758873929008
0.238984088127295
0.23906058751529988
0.23906058751529988
0.23906058751529988
0.23913708690330476
0.23913708690330476
0.23913708690330476
0.23913708690330476
0.23921358629130968
0.23921358629130968
0.23929008567931456
0.23929008567931456
0.23929008567931456
0.23929008567931456
0.23929008567931456
0.23929008567931456
0.23929008567931456
0.23929008567931456
0.23936658506731945
0.23936658506731945
0.23944308445532436
0.23944308445532436
0.23944308445532436
0.23944308445532436
0.23951958384332925
0.23959608323133416
0.23967258261933905
0.23967258261933905
0.23974908200734393
0.23982558139534885
0.23990208078335373
0.23990208078335373
0.23997858017135862
0.23997858017135862
0.23997858017135862
0.23997858017135862
0.23997858017135862
0.23997858017135862
0.23997858017135862
0.24005507955936353
0.24005507955936353
0.24005507955936353
0.24005507955936353
0.24005507955936353
0.24013157894736842
0.24013157894736842
0.2402080783353733
0.2402080783353733
0.2402080783353733
0.2402080783353733
0.2402080783353733
0.2403610771113831
0.2403610771113831
0.2403610771113831
0.24043757649938802
0.24043757649938802
0.2405140758873929
0.2405140758873929
0.2405140758873929
0.2405140758873929
0.2405140758873929
0.2405140758873929
0.2405905752753978
0.2405905752753978
0.2405905752753978
0.2406670746634027
0.2406670746634027
0.2406670746634027
0.2406670746634027
0.2406670746634027
0.2407435740514076
0.2407435740514076
0.2407435740514076
0.24082007343941247
0.2408965728274174
0.24097307221542227
0.24097307221542227
0.24097307221542227
0.24097307221542227
0.24097307221542227
0.24104957160342716
0.24104957160342716
0.24104957160342716
0.24104957160342716
0.24104957160342716
0.24104957160342716
0.24104957160342716
0.24104957160342716
0.24104957160342716
0.24112607099143207
0.24112607099143207
0.24112607099143207
0.24112607099143207
0.24112607099143207
0.24135556915544676
0.24135556915544676
0.24143206854345164
0.24143206854345164
0.24143206854345164
0.24150856793145656
0.24150856793145656
0.24150856793145656
0.24150856793145656
0.24150856793145656
0.24150856793145656
0.24150856793145656
0.24150856793145656
0.24150856793145656
0.24150856793145656
0.24150856793145656
0.24150856793145656
0.24150856793145656
0.24150856793145656
0.24158506731946144
0.24158506731946144
0.24166156670746633
0.24166156670746633
0.24166156670746633
0.24173806609547124
0.24173806609547124
0.24173806609547124
0.24173806609547124
0.24173806609547124
0.24181456548347613
0.24181456548347613
0.24189106487148102
0.24196756425948593
0.24196756425948593
0.24196756425948593
0.24204406364749081
0.24204406364749081
0.24204406364749081
0.24204406364749081
0.24204406364749081
0.24212056303549573
0.24212056303549573
0.24219706242350061
0.24219706242350061
0.24219706242350061
0.24219706242350061
0.24219706242350061
0.24219706242350061
0.24219706242350061
0.24219706242350061
0.24219706242350061
0.24219706242350061
0.24219706242350061
0.24219706242350061
0.24219706242350061
0.24219706242350061
0.24219706242350061
0.24219706242350061
0.24219706242350061
0.2422735618115055
0.2422735618115055
0.2422735618115055
0.2422735618115055
0.2422735618115055
0.2422735618115055
0.2423500611995104
0.2423500611995104
0.2423500611995104
0.2423500611995104
0.2423500611995104
0.2424265605875153
0.2424265605875153
0.2424265605875153
0.2424265605875153
0.24250305997552019
0.24250305997552019
0.24250305997552019
0.24250305997552019
0.2425795593635251
0.24265605875152998
0.24265605875152998
0.24273255813953487
0.24273255813953487
0.24273255813953487
0.24273255813953487
0.24273255813953487
0.24273255813953487
0.24273255813953487
0.24280905752753978
0.24288555691554467
0.24288555691554467
0.24288555691554467
0.24288555691554467
0.24296205630354958
0.24296205630354958
0.24296205630354958
0.24296205630354958
0.24296205630354958
0.24296205630354958
0.24296205630354958
0.24303855569155447
0.24303855569155447
0.24303855569155447
0.24303855569155447
0.24319155446756427
0.24319155446756427
0.24319155446756427
0.24319155446756427
0.24319155446756427
0.24319155446756427
0.24319155446756427
0.24319155446756427
0.24326805385556916
0.24326805385556916
0.24326805385556916
0.24334455324357404
0.24334455324357404
0.24334455324357404
0.24334455324357404
0.24334455324357404
0.24334455324357404
0.24334455324357404
0.24334455324357404
0.24342105263157895
0.24342105263157895
0.24349755201958384
0.24349755201958384
0.24349755201958384
0.24349755201958384
0.24349755201958384
0.24349755201958384
0.24357405140758873
0.24357405140758873
0.24357405140758873
0.24365055079559364
0.24365055079559364
0.24365055079559364
0.24365055079559364
0.24365055079559364
0.24365055079559364
0.24365055079559364
0.24365055079559364
0.24365055079559364
0.24365055079559364
0.24365055079559364
0.24365055079559364
0.24365055079559364
0.24365055079559364
0.24365055079559364
0.24365055079559364
0.24365055079559364
0.24365055079559364
0.24365055079559364
0.24365055079559364
0.24365055079559364
0.24372705018359853
0.24372705018359853
0.24372705018359853
0.24372705018359853
0.24372705018359853
0.24372705018359853
0.24372705018359853
0.24380354957160344
0.24380354957160344
0.24380354957160344
0.24380354957160344
0.24380354957160344
0.24380354957160344
0.24388004895960833
0.24388004895960833
0.24388004895960833
0.24388004895960833
0.24388004895960833
0.24388004895960833
0.24388004895960833
0.24388004895960833
0.24388004895960833
0.24388004895960833
0.2439565483476132
0.24403304773561812
0.24403304773561812
0.24403304773561812
0.24403304773561812
0.24403304773561812
0.24403304773561812
0.24403304773561812
0.244109547123623
0.244109547123623
0.244109547123623
0.244109547123623
0.244109547123623
0.244109547123623
0.244109547123623
0.2442625458996328
0.2442625458996328
0.2442625458996328
0.2442625458996328
0.2442625458996328
0.2442625458996328
0.2442625458996328
0.2442625458996328
0.2442625458996328
0.2442625458996328
0.2442625458996328
0.2443390452876377
0.2443390452876377
0.24441554467564258
0.24441554467564258
0.24441554467564258
0.24441554467564258
0.2444920440636475
0.2446450428396573
0.2446450428396573
0.2446450428396573
0.2446450428396573
0.2446450428396573
0.2446450428396573
0.2446450428396573
0.2446450428396573
0.24472154222766218
0.24472154222766218
0.24472154222766218
0.24472154222766218
0.24479804161566707
0.24479804161566707
0.24479804161566707
0.24479804161566707
0.24479804161566707
0.24479804161566707
0.24479804161566707
0.24487454100367198
0.24487454100367198
0.24487454100367198
0.24487454100367198
0.24487454100367198
0.24495104039167687
0.24495104039167687
0.24502753977968175
0.24510403916768667
0.24510403916768667
0.24510403916768667
0.24510403916768667
0.24510403916768667
0.24510403916768667
0.24510403916768667
0.24510403916768667
0.24510403916768667
0.24518053855569155
0.24518053855569155
0.24518053855569155
0.24518053855569155
0.24525703794369644
0.24525703794369644
0.24525703794369644
0.24525703794369644
0.24533353733170135
0.24533353733170135
0.24533353733170135
0.24533353733170135
0.24533353733170135
0.24541003671970624
0.24541003671970624
0.24548653610771115
0.24556303549571604
0.24556303549571604
0.24556303549571604
0.24563953488372092
0.24563953488372092
0.24563953488372092
0.24563953488372092
0.24563953488372092
0.24563953488372092
0.24571603427172584
0.24571603427172584
0.24579253365973072
0.24579253365973072
0.24594553243574052
0.24594553243574052
0.24594553243574052
0.2460220318237454
0.2460220318237454
0.2460220318237454
0.2460985312117503
0.2460985312117503
0.2460985312117503
0.2460985312117503
0.2461750305997552
0.2462515299877601
0.2462515299877601
0.2462515299877601
0.2462515299877601
0.2462515299877601
0.246328029375765
0.246328029375765
0.246328029375765
0.246328029375765
0.246328029375765
0.246328029375765
0.246328029375765
0.246328029375765
0.246328029375765
0.246328029375765
0.246328029375765
0.246328029375765
0.246328029375765
0.246328029375765
0.246328029375765
0.246328029375765
0.246328029375765
0.246328029375765
0.246328029375765
0.246328029375765
0.2464045287637699
0.24648102815177478
0.2465575275397797
0.2465575275397797
0.2465575275397797
0.2465575275397797
