0.0
0.022878059940517045
0.031037901319301456
0.038663921299473804
0.04499351788301685
0.04949286967131854
0.063982307633646
0.06779531762373217
0.07031190421718905
0.07191336841302524
0.07267597041104247
0.07328605200945626
0.07671776100053382
0.08327613818348203
0.08777548997178372
0.0880042705711889
0.08861435216960269
0.08876687256920614
0.0899870357660337
0.09296118355830092
0.0931899641577061
0.09448638755433539
0.09463890795393884
0.09502020895294745
0.09509646915274918
0.09555403035155952
0.09578281095096469
0.09585907115076642
0.09662167314878364
0.0967741935483871
0.0977655761458095
0.09829939754442156
0.09837565774422329
0.0993670403416457
0.09967208114085259
0.10012964233966293
0.10043468313886983
0.10119728513688706
0.1016548463356974
0.1019598871349043
0.10218866773430946
0.10241744833371463
0.10249370853351636
0.1032563105315336
0.10356135133074049
0.1039426523297491
0.10409517272935255
0.10432395332875773
0.10478151452756806
0.10501029512697323
0.10508655532677495
0.10531533592618013
0.10577289712499047
0.10630671852360253
0.10737436132082666
0.10767940212003356
0.10806070311904217
0.10821322351864562
0.10836574391824906
0.10844200411805079
0.10859452451765424
0.10882330511705941
0.10905208571646458
0.10928086631586975
0.10935712651567148
0.10950964691527491
0.11004346831388698
0.11019598871349043
0.11027224891329215
0.11050102951269733
0.11050102951269733
0.11065354991230077
0.11118737131091283
0.111416151910318
0.11179745290932662
0.11194997330893007
0.11217875390833525
0.11225501410813696
0.11240753450774041
0.11240753450774041
0.11263631510714558
0.11263631510714558
0.11263631510714558
0.11278883550674902
0.1130176161061542
0.1130176161061542
0.1130176161061542
0.11332265690536109
0.11332265690536109
0.11355143750476626
0.11378021810417144
0.1140089987035766
0.11423777930298178
0.11423777930298178
0.11423777930298178
0.11469534050179211
0.11477160070159384
0.11492412110119729
0.115000381300999
0.115000381300999
0.115000381300999
0.115000381300999
0.115000381300999
0.115000381300999
0.11522916190040418
0.11538168230000763
0.11545794249980935
0.11561046289941279
0.11583924349881797
0.11599176389842142
0.11599176389842142
0.11606802409822314
0.11614428429802486
0.11614428429802486
0.1162968046976283
0.11644932509723176
0.11644932509723176
0.11644932509723176
0.11644932509723176
0.11667810569663692
0.11675436589643864
0.11683062609624037
0.11698314649584382
0.11721192709524898
0.11766948829405934
0.11766948829405934
0.11812704949286967
0.11812704949286967
0.11827956989247312
0.11827956989247312
0.11827956989247312
0.11835583009227484
0.11881339129108519
0.1188896514908869
0.1188896514908869
0.1188896514908869
0.11896591169068862
0.1191946922900938
0.1191946922900938
0.11927095248989553
0.11927095248989553
0.11927095248989553
0.11927095248989553
0.11927095248989553
0.11927095248989553
0.11927095248989553
0.11934721268969725
0.11942347288949898
0.11957599328910241
0.11957599328910241
0.11957599328910241
0.11965225348890414
0.11972851368870586
0.11980477388850759
0.11980477388850759
0.1201860748875162
0.1201860748875162
0.12026233508731793
0.12033859528711965
0.12033859528711965
0.1204911156867231
0.12064363608632654
0.12079615648592999
0.12079615648592999
0.12079615648592999
0.12079615648592999
0.12079615648592999
0.12384656447799894
0.12384656447799894
0.12384656447799894
0.1240753450774041
0.12415160527720583
0.12422786547700755
0.12422786547700755
0.124380385876611
0.12445664607641271
0.12453290627621444
0.12468542667581789
0.12476168687561962
0.12544802867383512
0.12544802867383512
0.12544802867383512
0.12544802867383512
0.12544802867383512
0.12560054907343857
0.12575306947304202
0.12590558987264547
0.1259818500724472
0.12621063067185237
0.12621063067185237
0.12621063067185237
0.12636315107145582
0.12636315107145582
0.12636315107145582
0.12643941127125752
0.12643941127125752
0.12643941127125752
0.12643941127125752
0.12643941127125752
0.1266681918706627
0.12674445207046442
0.12674445207046442
0.12674445207046442
0.12674445207046442
0.12674445207046442
0.12682071227026614
0.12682071227026614
0.13101502325936093
0.13101502325936093
0.13101502325936093
0.13116754365896438
0.13132006405856783
0.13139632425836956
0.13147258445817128
0.131548844657973
0.13162510485777473
0.13162510485777473
0.13162510485777473
0.13162510485777473
0.13162510485777473
0.13170136505757646
0.13170136505757646
0.13177762525737818
0.1318538854571799
0.1318538854571799
0.13193014565698163
0.13215892625638678
0.13231144665599023
0.13238770685579196
0.13238770685579196
0.13238770685579196
0.13246396705559368
0.13269274765499886
0.13269274765499886
0.1347517730496454
0.1347517730496454
0.13482803324944712
0.1350568138488523
0.13536185464805917
0.13536185464805917
0.13536185464805917
0.1354381148478609
0.1354381148478609
0.1354381148478609
0.1354381148478609
0.1354381148478609
0.13559063524746434
0.13566689544726607
0.13589567604667124
0.13589567604667124
0.13589567604667124
0.1360481964462747
0.1360481964462747
0.1360481964462747
0.13612445664607642
0.13627697704567987
0.13650575764508502
0.13650575764508502
0.13650575764508502
0.13665827804468847
0.13665827804468847
0.1367345382444902
0.1367345382444902
0.13681079844429192
0.13681079844429192
0.13681079844429192
0.13688705864409365
0.13688705864409365
0.1370395790436971
0.1370395790436971
0.1370395790436971
0.1370395790436971
0.1370395790436971
0.13719209944330055
0.13719209944330055
0.13719209944330055
0.13719209944330055
0.13719209944330055
0.13719209944330055
0.13719209944330055
0.13726835964310227
0.13726835964310227
0.13726835964310227
0.13726835964310227
0.137344619842904
0.137344619842904
0.13749714024250745
0.13749714024250745
0.13749714024250745
0.13749714024250745
0.13749714024250745
0.13749714024250745
0.13749714024250745
0.13749714024250745
0.13749714024250745
0.13749714024250745
0.13749714024250745
0.13757340044230915
0.13757340044230915
0.13757340044230915
0.13757340044230915
0.1377259208419126
0.1377259208419126
0.1377259208419126
0.1377259208419126
0.13787844124151605
0.13787844124151605
0.13787844124151605
0.13810722184092122
0.13810722184092122
0.13818348204072295
0.13818348204072295
0.13841226264012813
0.1386410432395333
0.13879356363913672
0.13879356363913672
0.13894608403874018
0.13894608403874018
0.13894608403874018
0.13894608403874018
0.1390223442385419
0.1390223442385419
0.1390223442385419
0.1390223442385419
0.1390223442385419
0.1390223442385419
0.1390223442385419
0.1390223442385419
0.1390223442385419
0.1390223442385419
0.1390223442385419
0.1390223442385419
0.13909860443834363
0.13909860443834363
0.13917486463814535
0.13917486463814535
0.13925112483794708
0.13925112483794708
0.13925112483794708
0.1393273850377488
0.1393273850377488
0.13940364523755053
0.13940364523755053
0.13940364523755053
0.13947990543735225
0.13947990543735225
0.13955616563715398
0.1396324258369557
0.1396324258369557
0.1396324258369557
0.1396324258369557
0.13970868603675743
0.13970868603675743
0.13970868603675743
0.13978494623655913
0.13978494623655913
0.1403187676351712
0.1403187676351712
0.1403187676351712
0.1403187676351712
0.1403187676351712
0.1403187676351712
0.1403187676351712
0.1403187676351712
0.14039502783497293
0.14039502783497293
0.14039502783497293
0.14039502783497293
0.14047128803477466
0.14047128803477466
0.14047128803477466
0.14047128803477466
0.14047128803477466
0.14047128803477466
0.14047128803477466
0.14047128803477466
0.14070006863417983
0.14077632883398156
0.14077632883398156
0.14077632883398156
0.14077632883398156
0.14077632883398156
0.14077632883398156
0.14077632883398156
0.14077632883398156
0.14077632883398156
0.14092884923358498
0.14092884923358498
0.14092884923358498
0.14092884923358498
0.14092884923358498
0.14092884923358498
0.14108136963318843
0.14115762983299016
0.14115762983299016
0.14123389003279188
0.14123389003279188
0.14123389003279188
0.1413101502325936
0.14138641043239533
0.14138641043239533
0.14138641043239533
0.14146267063219706
0.14146267063219706
0.14146267063219706
0.14153893083199878
0.1416151910318005
0.1416151910318005
0.14237779302981773
0.14237779302981773
0.14237779302981773
0.14237779302981773
0.14237779302981773
0.14237779302981773
0.1432929154274384
0.1432929154274384
0.1432929154274384
0.14336917562724014
0.14336917562724014
0.14336917562724014
0.1435216960268436
0.1435216960268436
0.14375047662624876
0.14375047662624876
0.14375047662624876
0.14375047662624876
0.14375047662624876
0.14375047662624876
0.1438267368260505
0.1458095020208953
0.1458095020208953
0.1458095020208953
0.1458095020208953
0.1458095020208953
0.1458095020208953
0.1458095020208953
0.14603828262030047
0.14603828262030047
0.14603828262030047
0.14619080301990392
0.14619080301990392
0.14619080301990392
0.14619080301990392
0.14619080301990392
0.14619080301990392
0.14626706321970565
0.14634332341950737
0.1464195836193091
0.1464958438191108
0.14657210401891252
0.14657210401891252
0.14657210401891252
0.14657210401891252
0.14657210401891252
0.14657210401891252
0.1468008846183177
0.14687714481811942
0.14687714481811942
0.14687714481811942
0.14687714481811942
0.14695340501792115
0.14695340501792115
0.14702966521772287
0.14702966521772287
0.14702966521772287
0.14702966521772287
0.1471059254175246
0.1471059254175246
0.1471059254175246
0.1471059254175246
0.1471059254175246
0.14718218561732632
0.14733470601692977
0.14733470601692977
0.14733470601692977
0.14748722641653322
0.14748722641653322
0.14748722641653322
0.14748722641653322
0.14756348661633492
0.14763974681613665
0.14771600701593837
0.14771600701593837
0.14771600701593837
0.14771600701593837
0.14771600701593837
0.14771600701593837
0.14771600701593837
0.14771600701593837
0.14771600701593837
0.14771600701593837
0.14771600701593837
0.1477922672157401
0.1477922672157401
0.1477922672157401
0.1477922672157401
0.1477922672157401
0.148097308014947
0.148097308014947
0.148097308014947
0.148097308014947
0.148097308014947
0.148097308014947
0.14817356821474872
0.14817356821474872
0.14817356821474872
0.14817356821474872
0.14824982841455045
0.14824982841455045
0.14824982841455045
0.14832608861435218
0.14832608861435218
0.14847860901395563
0.14847860901395563
0.14847860901395563
0.14847860901395563
0.14855486921375735
0.14855486921375735
0.14855486921375735
0.14855486921375735
0.14855486921375735
0.14855486921375735
0.14855486921375735
0.14855486921375735
0.14855486921375735
0.14855486921375735
0.14855486921375735
0.14870738961336077
0.14870738961336077
0.14870738961336077
0.14870738961336077
0.1487836498131625
0.1487836498131625
0.1487836498131625
0.1487836498131625
0.1487836498131625
0.1487836498131625
0.1487836498131625
0.14885991001296422
0.14885991001296422
0.14885991001296422
0.14885991001296422
0.14885991001296422
0.14885991001296422
0.14885991001296422
0.14885991001296422
0.14885991001296422
0.14893617021276595
0.14893617021276595
0.14893617021276595
0.14893617021276595
0.14893617021276595
0.14893617021276595
0.14901243041256768
0.14901243041256768
0.14901243041256768
0.1490886906123694
0.1490886906123694
0.1490886906123694
0.1490886906123694
0.14916495081217113
0.14924121101197285
0.14924121101197285
0.14924121101197285
0.14924121101197285
0.14924121101197285
0.14924121101197285
0.14924121101197285
0.14924121101197285
0.14924121101197285
0.14924121101197285
0.14924121101197285
0.14924121101197285
0.14924121101197285
0.14924121101197285
0.14931747121177458
0.14931747121177458
0.14931747121177458
0.14931747121177458
0.1493937314115763
0.1493937314115763
0.1493937314115763
0.14946999161137803
0.14946999161137803
0.14946999161137803
0.14946999161137803
0.14946999161137803
0.14946999161137803
0.14954625181117975
0.14954625181117975
0.14954625181117975
0.14954625181117975
0.14954625181117975
0.14954625181117975
0.14954625181117975
0.14954625181117975
0.14962251201098148
0.1496987722107832
0.1496987722107832
0.1496987722107832
0.1496987722107832
0.1496987722107832
0.1496987722107832
0.1496987722107832
0.1496987722107832
0.14985129261038663
0.14985129261038663
0.14985129261038663
0.14985129261038663
0.14985129261038663
0.15000381300999008
0.15000381300999008
0.15000381300999008
0.15000381300999008
0.15000381300999008
0.1500800732097918
0.1500800732097918
0.1500800732097918
0.1500800732097918
0.1500800732097918
0.1500800732097918
0.15015633340959353
0.15023259360939525
0.15023259360939525
0.15030885380919698
0.15030885380919698
0.15030885380919698
0.15030885380919698
0.15030885380919698
0.15030885380919698
0.15030885380919698
0.15030885380919698
0.15030885380919698
0.15030885380919698
0.15030885380919698
0.15030885380919698
0.15030885380919698
0.1503851140089987
0.1503851140089987
0.15046137420880043
0.15053763440860216
0.15061389460840388
0.15061389460840388
0.15061389460840388
0.15061389460840388
0.15061389460840388
0.15061389460840388
0.15076641500800733
0.15076641500800733
0.15076641500800733
0.15091893540761075
0.15091893540761075
0.15091893540761075
0.15091893540761075
0.15091893540761075
0.15091893540761075
0.15091893540761075
0.15091893540761075
0.15091893540761075
0.15091893540761075
0.15091893540761075
0.15099519560741248
0.15099519560741248
0.15114771600701593
0.15114771600701593
0.15114771600701593
0.15114771600701593
0.15114771600701593
0.15114771600701593
0.15114771600701593
0.15130023640661938
0.15130023640661938
0.15130023640661938
0.15130023640661938
0.1513764966064211
0.1513764966064211
0.15145275680622283
0.15152901700602456
0.15152901700602456
0.15152901700602456
0.15160527720582628
0.15160527720582628
0.15160527720582628
0.15160527720582628
0.15160527720582628
0.15160527720582628
0.151681537405628
0.151681537405628
0.151681537405628
0.151681537405628
0.151681537405628
0.15175779760542973
0.15175779760542973
0.15175779760542973
0.15183405780523146
0.15183405780523146
0.15191031800503318
0.15191031800503318
0.15191031800503318
0.15191031800503318
0.15191031800503318
0.15191031800503318
0.1520628384046366
0.1520628384046366
0.1520628384046366
0.1520628384046366
0.1520628384046366
0.1520628384046366
0.15213909860443833
0.15221535880424006
0.15221535880424006
0.15221535880424006
0.15229161900404178
0.15229161900404178
0.15229161900404178
0.15229161900404178
0.15229161900404178
0.15229161900404178
0.1523678792038435
0.1523678792038435
0.1523678792038435
0.1523678792038435
0.1523678792038435
0.1523678792038435
0.1523678792038435
0.1523678792038435
0.1523678792038435
0.1523678792038435
0.1523678792038435
0.15244413940364523
0.15244413940364523
0.15244413940364523
0.15244413940364523
0.15244413940364523
0.15252039960344696
0.15259665980324869
0.15259665980324869
0.1526729200030504
0.1526729200030504
0.1526729200030504
0.15274918020285214
0.15274918020285214
0.15274918020285214
0.15274918020285214
0.15274918020285214
0.15274918020285214
0.15282544040265386
0.15282544040265386
0.1529017006024556
0.1529017006024556
0.1529017006024556
0.1529017006024556
0.1529017006024556
0.1529017006024556
0.1529017006024556
0.1529017006024556
0.1529017006024556
0.1529017006024556
0.1529017006024556
0.1529017006024556
0.1529017006024556
0.1529017006024556
0.1529017006024556
0.15305422100205904
0.15305422100205904
0.15305422100205904
0.15305422100205904
0.15305422100205904
0.15313048120186074
0.15313048120186074
0.15320674140166246
0.15320674140166246
0.15320674140166246
0.15328300160146419
0.15328300160146419
0.15328300160146419
0.15328300160146419
0.15328300160146419
0.15328300160146419
0.15328300160146419
0.15328300160146419
0.15328300160146419
0.15328300160146419
0.15328300160146419
0.15328300160146419
0.1533592618012659
0.15351178220086936
0.15351178220086936
0.15351178220086936
0.15351178220086936
0.15351178220086936
0.15351178220086936
0.15351178220086936
0.15351178220086936
0.15351178220086936
0.15351178220086936
0.15351178220086936
0.15351178220086936
0.15351178220086936
0.15351178220086936
0.15351178220086936
0.1535880424006711
0.1535880424006711
0.1535880424006711
0.1535880424006711
0.1535880424006711
0.1535880424006711
0.1535880424006711
0.1535880424006711
0.1535880424006711
0.1536643026004728
0.1536643026004728
0.1536643026004728
0.1536643026004728
0.1536643026004728
0.1536643026004728
0.1536643026004728
0.1536643026004728
0.1536643026004728
0.1536643026004728
0.1536643026004728
0.1536643026004728
0.1536643026004728
0.1536643026004728
0.1536643026004728
0.1536643026004728
0.1536643026004728
0.1536643026004728
0.1536643026004728
0.1536643026004728
0.1536643026004728
0.1536643026004728
0.1548844657973004
0.1548844657973004
0.1548844657973004
0.1548844657973004
0.1548844657973004
0.1548844657973004
0.1548844657973004
0.1548844657973004
0.1548844657973004
0.1548844657973004
0.1548844657973004
0.1548844657973004
0.1548844657973004
0.15496072599710212
0.15496072599710212
0.15496072599710212
0.15496072599710212
0.15496072599710212
0.15496072599710212
0.15503698619690384
0.15503698619690384
0.15503698619690384
0.15503698619690384
0.15503698619690384
0.15503698619690384
0.15503698619690384
0.15503698619690384
0.15503698619690384
0.15503698619690384
0.15503698619690384
0.15503698619690384
0.15503698619690384
0.15503698619690384
0.15503698619690384
0.15503698619690384
0.15503698619690384
0.15503698619690384
0.15503698619690384
0.15503698619690384
0.15503698619690384
0.15503698619690384
0.15511324639670557
0.15511324639670557
0.15511324639670557
0.15511324639670557
0.15511324639670557
0.15511324639670557
0.15511324639670557
0.15511324639670557
0.15511324639670557
0.15511324639670557
0.1551895065965073
0.15526576679630902
0.15526576679630902
0.15526576679630902
0.15526576679630902
0.1558758483947228
0.15595210859452452
0.15595210859452452
0.15595210859452452
0.15602836879432624
0.15602836879432624
0.15602836879432624
0.15602836879432624
0.15602836879432624
0.15602836879432624
0.15602836879432624
0.15602836879432624
0.15602836879432624
0.15602836879432624
0.15602836879432624
0.15610462899412797
0.15610462899412797
0.15610462899412797
0.15610462899412797
0.1561808891939297
0.1561808891939297
0.1561808891939297
0.1561808891939297
0.1561808891939297
0.1561808891939297
0.1561808891939297
0.1561808891939297
0.1561808891939297
0.1561808891939297
0.1561808891939297
0.1561808891939297
0.1561808891939297
0.1561808891939297
0.1561808891939297
0.1561808891939297
0.1561808891939297
0.1561808891939297
0.1561808891939297
0.1561808891939297
0.15625714939373142
0.15625714939373142
0.15625714939373142
0.15625714939373142
0.15625714939373142
0.15625714939373142
0.15625714939373142
0.15625714939373142
0.15625714939373142
0.15625714939373142
0.15633340959353315
0.15633340959353315
0.15633340959353315
0.15633340959353315
0.15633340959353315
0.15633340959353315
0.15633340959353315
0.15633340959353315
0.15633340959353315
0.15633340959353315
0.15633340959353315
0.15633340959353315
0.15633340959353315
0.15633340959353315
0.15633340959353315
0.15633340959353315
0.15633340959353315
0.15633340959353315
0.15633340959353315
0.15633340959353315
0.15633340959353315
0.15633340959353315
0.15633340959353315
0.15633340959353315
0.15633340959353315
0.15633340959353315
0.15633340959353315
0.15633340959353315
0.15633340959353315
0.15633340959353315
0.15633340959353315
0.15633340959353315
0.15633340959353315
0.15633340959353315
0.15633340959353315
0.15633340959353315
0.15633340959353315
0.15633340959353315
0.15633340959353315
0.15633340959353315
0.15633340959353315
0.15633340959353315
0.15633340959353315
0.15633340959353315
0.15633340959353315
0.15633340959353315
0.15633340959353315
0.15633340959353315
0.15633340959353315
0.15633340959353315
0.15633340959353315
0.15640966979333487
0.15640966979333487
0.15648592999313657
0.15648592999313657
0.15648592999313657
0.15648592999313657
0.15648592999313657
0.15648592999313657
0.15648592999313657
0.15648592999313657
0.15648592999313657
0.15648592999313657
