0.08274231678486997
0.10447647372836116
0.11850835049187829
0.1276595744680851
0.13551437504766262
0.1428353542286281
0.14786852741554182
0.15175779760542973
0.15503698619690384
0.15839243498817968
0.1614428429802486
0.16441699077251581
0.16708609776557615
0.16945016395942958
0.171814230153283
0.17394951574773126
0.17555097994356744
0.1766948829405933
0.17806756653702432
0.17913520933424845
0.18035537253107603
0.1818805765271105
0.1837870815221536
0.18493098451917944
0.1860748875162053
0.1870662701136277
0.18828643331045528
0.18912529550827423
0.18973537710668803
0.19080301990391216
0.19171814230153283
0.19240448409974834
0.1931670860977656
0.1938534278959811
0.19438724929459314
0.19469229009380004
0.19507359109280867
0.195531152291619
0.19606497369023107
0.1968275756882483
0.1974376572866621
0.19827651948448105
0.1987340806832914
0.1988103408830931
0.1994204224815069
0.20033554487912758
0.20079310607793793
0.20155570807595516
0.2017082284755586
0.20193700907496379
0.20231831007397238
0.20254709067337756
0.202699611072981
0.20285213147258446
0.2030046518721879
0.20323343247159306
0.20369099367040341
0.20430107526881722
0.20475863646762754
0.20513993746663617
0.20544497826584307
0.2059025394646534
0.20605505986425685
0.20643636086326547
0.20674140166247235
0.20712270266148097
0.2071989628612827
0.20735148326088615
0.20773278425989475
0.20796156485929992
0.20826660565850683
0.208495386257912
0.20857164645771373
0.20880042705711888
0.20880042705711888
0.20895294745672233
0.20933424845573095
0.2094867688553344
0.20956302905513613
0.20956302905513613
0.2097918096545413
0.20994433005414473
0.21009685045374818
0.2104781514527568
0.2107831922519637
0.21093571265156716
0.21093571265156716
0.21101197285136888
0.21131701365057576
0.21131701365057576
0.21162205444978266
0.21162205444978266
0.21169831464958438
0.21192709524898956
0.21230839624799816
0.21253717684740334
0.2126896972470068
0.21291847784641196
0.21314725844581714
0.21322351864561886
0.2133760390452223
0.213452299245024
0.213452299245024
0.21352855944482574
0.21375734004423091
0.21383360024403264
0.2139861206436361
0.21421490124304127
0.214291161442843
0.2143674216426447
0.21459620224204987
0.21474872264165332
0.21482498284145504
0.21490124304125677
0.21490124304125677
0.21505376344086022
0.21543506443986885
0.21551132463967054
0.21581636543887744
0.21635018683748952
0.21642644703729125
0.21650270723709297
0.2166552276366964
0.21688400823610157
0.21718904903530847
0.21734156943491192
0.21741782963471365
0.21741782963471365
0.21741782963471365
0.21741782963471365
0.2175703500343171
0.21772287043392052
0.21787539083352397
0.21787539083352397
0.2179516510333257
0.21810417143292915
0.21810417143292915
0.21818043163273088
0.2182566918325326
0.21848547243193778
0.2185617326317395
0.2185617326317395
0.21879051323114468
0.21879051323114468
0.21886677343094638
0.21886677343094638
0.21901929383054983
0.21909555403035155
0.21909555403035155
0.21917181423015328
0.219248074429955
0.21947685502936018
0.21970563562876536
0.2199344162281705
0.22008693662777395
0.2202394570273774
0.22031571722717913
0.22039197742698086
0.2205444978265843
0.22062075802638603
0.22062075802638603
0.22069701822618776
0.22069701822618776
0.22069701822618776
0.22069701822618776
0.22077327842598948
0.22077327842598948
0.2208495386257912
0.22107831922519636
0.22107831922519636
0.22115457942499808
0.2212308396247998
0.22138336002440326
0.22145962022420498
0.22145962022420498
0.22145962022420498
0.22145962022420498
0.22145962022420498
0.2215358804240067
0.22168840082361016
0.22176466102341189
0.22191718142301534
0.22191718142301534
0.22191718142301534
0.22199344162281706
0.2220697018226188
0.2220697018226188
0.2221459620224205
0.2221459620224205
0.22229848242202394
0.22237474262182566
0.2225272630214291
0.22267978342103256
0.2227560436208343
0.222832303820636
0.2230610844200412
0.2230610844200412
0.22313734461984291
0.22321360481964464
0.22321360481964464
0.22321360481964464
0.22321360481964464
0.2234423854190498
0.2235186456188515
0.2235186456188515
0.22359490581865324
0.2237474262182567
0.22389994661786014
0.22397620681766187
0.22420498741706704
0.22420498741706704
0.22428124761686877
0.2243575078166705
0.2244337680164722
0.22458628841607564
0.22458628841607564
0.22458628841607564
0.2247388088156791
0.22489132921528254
0.22496758941508427
0.225043849614886
0.225043849614886
0.22512010981468772
0.22519637001448944
0.22527263021429117
0.22542515061389462
0.22542515061389462
0.22557767101349804
0.22557767101349804
0.22557767101349804
0.22557767101349804
0.22557767101349804
0.22557767101349804
0.22557767101349804
0.22557767101349804
0.2257301914131015
0.22580645161290322
0.22580645161290322
0.22588271181270494
0.22588271181270494
0.22595897201250667
0.2260352322123084
0.22611149241211012
0.2263402730115153
0.2263402730115153
0.2263402730115153
0.2263402730115153
0.2263402730115153
0.22649279341111875
0.22656905361092047
0.22656905361092047
0.22664531381072217
0.22664531381072217
0.22664531381072217
0.22664531381072217
0.2267215740105239
0.2267215740105239
0.2267215740105239
0.22679783421032562
0.22679783421032562
0.22687409441012735
0.22695035460992907
0.22695035460992907
0.2270266148097308
0.2270266148097308
0.2270266148097308
0.2270266148097308
0.2270266148097308
0.22710287500953252
0.22710287500953252
0.22725539540913597
0.2273316556089377
0.2273316556089377
0.22740791580873942
0.22748417600854115
0.2276366964081446
0.2276366964081446
0.2276366964081446
0.2276366964081446
0.2276366964081446
0.22771295660794633
0.22778921680774802
0.22778921680774802
0.22794173720735147
0.22794173720735147
0.2280179974071532
0.22817051780675665
0.22817051780675665
0.22817051780675665
0.22824677800655838
0.2283230382063601
0.2283230382063601
0.2283230382063601
0.22839929840616183
0.22839929840616183
0.22839929840616183
0.22839929840616183
0.22847555860596355
0.22847555860596355
0.22855181880576528
0.22870433920536873
0.22870433920536873
0.22878059940517045
0.22885685960497215
0.22893311980477388
0.22893311980477388
0.2290093800045756
0.2290093800045756
0.2290093800045756
0.2290093800045756
0.2290093800045756
0.2290093800045756
0.22908564020437733
0.22916190040417905
0.22916190040417905
0.22916190040417905
0.22923816060398078
0.2293144208037825
0.2293144208037825
0.2293144208037825
0.2293144208037825
0.22939068100358423
0.22939068100358423
0.22939068100358423
0.22946694120338595
0.22946694120338595
0.22954320140318768
0.22954320140318768
0.2296194616029894
0.2296194616029894
0.22969572180279113
0.22969572180279113
0.22984824220239458
0.22984824220239458
0.22984824220239458
0.2299245024021963
0.2299245024021963
0.23015328300160146
0.23015328300160146
0.23022954320140318
0.2303058034012049
0.2303058034012049
0.2303058034012049
0.23038206360100663
0.23053458400061008
0.2306108442004118
0.2306108442004118
0.23068710440021353
0.23076336460001526
0.23076336460001526
0.23083962479981698
0.2309158849996187
0.23099214519942043
0.23099214519942043
0.23099214519942043
0.23106840539922216
0.23106840539922216
0.23122092579882558
0.23122092579882558
0.2312971859986273
0.23137344619842903
0.23152596659803248
0.23167848699763594
0.23167848699763594
0.23175474719743766
0.23183100739723939
0.23183100739723939
0.23183100739723939
0.2319072675970411
0.2319072675970411
0.2319072675970411
0.2319072675970411
0.2319072675970411
0.2319072675970411
0.2319072675970411
0.2319072675970411
0.23198352779684284
0.2321360481964463
0.2321360481964463
0.2321360481964463
0.23221230839624799
0.23221230839624799
0.2322885685960497
0.23236482879585144
0.23244108899565316
0.23244108899565316
0.23244108899565316
0.2325173491954549
0.2325173491954549
0.2325173491954549
0.2325173491954549
0.2325936093952566
0.2325936093952566
0.2325936093952566
0.23266986959505834
0.23266986959505834
0.23266986959505834
0.23266986959505834
0.23266986959505834
0.23266986959505834
0.23274612979486006
0.23274612979486006
0.2328223899946618
0.2328223899946618
0.2328986501944635
0.2328986501944635
0.2328986501944635
0.2328986501944635
0.2328986501944635
0.2331274307938687
0.2331274307938687
0.2331274307938687
0.23320369099367041
0.23320369099367041
0.23320369099367041
0.23320369099367041
0.23320369099367041
0.23327995119347214
0.23335621139327384
0.23335621139327384
0.23335621139327384
0.23335621139327384
0.2335087317928773
0.2335087317928773
0.2335087317928773
0.2335087317928773
0.23358499199267901
0.23366125219248074
0.23366125219248074
0.23373751239228246
0.23373751239228246
0.23389003279188592
0.23389003279188592
0.23389003279188592
0.23389003279188592
0.23396629299168764
0.23396629299168764
0.23396629299168764
0.2341188133912911
0.23427133379089454
0.23427133379089454
0.23427133379089454
0.23434759399069627
0.23434759399069627
0.23434759399069627
0.23434759399069627
0.23434759399069627
0.23434759399069627
0.23434759399069627
0.23442385419049797
0.23442385419049797
0.23442385419049797
0.23457637459010142
0.23465263478990314
0.2348051551895066
0.23495767558911004
0.2351101959887135
0.23518645618851522
0.23526271638831694
0.23549149698772212
0.23549149698772212
0.23549149698772212
0.23556775718752382
0.23556775718752382
0.23564401738732554
0.23572027758712727
0.23572027758712727
0.23572027758712727
0.23572027758712727
0.23572027758712727
0.23572027758712727
0.23572027758712727
0.23572027758712727
0.235796537786929
0.235796537786929
0.23587279798673072
0.23587279798673072
0.23594905818653245
0.23602531838633417
0.2361015785861359
0.23617783878593762
0.23625409898573935
0.23625409898573935
0.2364066193853428
0.2364066193853428
0.23648287958514452
0.23648287958514452
0.23648287958514452
0.23648287958514452
0.23648287958514452
0.23648287958514452
0.23648287958514452
0.23663539998474797
0.23663539998474797
0.23663539998474797
0.23663539998474797
0.23663539998474797
0.23663539998474797
0.23663539998474797
0.23663539998474797
0.23663539998474797
0.23663539998474797
0.23663539998474797
0.23663539998474797
0.23671166018454967
0.2367879203843514
0.2367879203843514
0.2367879203843514
0.23686418058415312
0.23694044078395485
0.23694044078395485
0.23694044078395485
0.23694044078395485
0.23694044078395485
0.23694044078395485
0.23694044078395485
0.2370929611835583
0.23716922138336002
0.23716922138336002
0.23716922138336002
0.23716922138336002
0.23724548158316175
0.23724548158316175
0.2373980019827652
0.23755052238236865
0.23762678258217038
0.23762678258217038
0.23762678258217038
0.23785556318157552
0.23785556318157552
0.23785556318157552
0.23793182338137725
0.23793182338137725
0.23793182338137725
0.23800808358117898
0.23800808358117898
0.23800808358117898
0.23800808358117898
0.2380843437809807
0.2380843437809807
0.23816060398078243
0.23823686418058415
0.23831312438038588
0.23831312438038588
0.23831312438038588
0.23831312438038588
0.23831312438038588
0.23831312438038588
0.2383893845801876
0.23846564477998933
0.23854190497979105
0.23854190497979105
0.23854190497979105
0.23854190497979105
0.23861816517959278
0.23861816517959278
0.23861816517959278
0.23861816517959278
0.23861816517959278
0.2386944253793945
0.23877068557919623
0.23877068557919623
0.23884694577899795
0.23884694577899795
0.23884694577899795
0.23884694577899795
0.23884694577899795
0.23884694577899795
0.23892320597879965
0.2390757263784031
0.2390757263784031
0.2390757263784031
0.2390757263784031
0.2390757263784031
0.23915198657820483
0.23915198657820483
0.23915198657820483
0.23915198657820483
0.23915198657820483
0.23915198657820483
0.23915198657820483
0.23922824677800655
0.23930450697780828
0.23945702737741173
0.23945702737741173
0.23953328757721346
0.23960954777701518
0.23960954777701518
0.2396858079768169
0.2396858079768169
0.2396858079768169
0.23976206817661863
0.23976206817661863
0.23976206817661863
0.23976206817661863
0.23976206817661863
0.23976206817661863
0.23983832837642036
0.23983832837642036
0.23983832837642036
0.23983832837642036
0.23983832837642036
0.23983832837642036
0.23991458857622208
0.23991458857622208
0.2400671089758255
0.2400671089758255
0.2400671089758255
0.2400671089758255
0.2400671089758255
0.2400671089758255
0.2400671089758255
0.2400671089758255
0.2400671089758255
0.24014336917562723
0.24014336917562723
0.24014336917562723
0.24014336917562723
0.24014336917562723
0.24014336917562723
0.24014336917562723
0.24014336917562723
0.24014336917562723
0.24014336917562723
0.24021962937542896
0.24021962937542896
0.24021962937542896
0.24021962937542896
0.24029588957523068
0.2403721497750324
0.2403721497750324
0.2403721497750324
0.2403721497750324
0.2403721497750324
0.2403721497750324
0.2403721497750324
0.24044840997483413
0.24044840997483413
0.24044840997483413
0.24044840997483413
0.24044840997483413
0.24044840997483413
0.24052467017463586
0.24052467017463586
0.24052467017463586
0.24052467017463586
0.24052467017463586
0.24052467017463586
0.24052467017463586
0.24052467017463586
0.24052467017463586
0.24052467017463586
0.24052467017463586
0.24060093037443758
0.2406771905742393
0.24075345077404103
0.24075345077404103
0.24075345077404103
0.24075345077404103
0.24075345077404103
0.24090597117364448
0.24090597117364448
0.2409822313734462
0.2409822313734462
0.2409822313734462
0.2409822313734462
0.2409822313734462
0.2409822313734462
0.24105849157324793
0.24113475177304963
0.24113475177304963
0.24113475177304963
0.24121101197285136
0.24121101197285136
0.24121101197285136
0.24128727217265308
0.2413635323724548
0.2413635323724548
0.24143979257225653
0.24143979257225653
0.24143979257225653
0.24143979257225653
0.24151605277205826
0.24151605277205826
0.2416685731716617
0.2416685731716617
0.24174483337146344
0.24174483337146344
0.24182109357126516
0.2418973537710669
0.2418973537710669
0.2419736139708686
0.24204987417067034
0.2422023945702738
0.2422023945702738
0.2422023945702738
0.24227865477007549
0.2423549149698772
0.24243117516967894
0.24243117516967894
0.24243117516967894
0.24250743536948066
0.24250743536948066
0.24250743536948066
0.24250743536948066
0.24250743536948066
0.2426599557690841
0.2426599557690841
0.2428887363684893
0.2428887363684893
0.2428887363684893
0.2428887363684893
0.2428887363684893
0.2428887363684893
0.2428887363684893
0.2428887363684893
0.24296499656829101
0.24296499656829101
0.24296499656829101
0.2431937771676962
0.2431937771676962
0.2433462975672996
0.2433462975672996
0.24342255776710134
0.24342255776710134
0.24342255776710134
0.24342255776710134
0.24349881796690306
0.2435750781667048
0.2435750781667048
0.24365133836650651
0.24372759856630824
0.24372759856630824
0.24372759856630824
0.24372759856630824
0.24380385876610997
0.24380385876610997
0.24380385876610997
0.24380385876610997
0.2438801189659117
0.2438801189659117
0.2438801189659117
0.2438801189659117
0.24395637916571342
0.24395637916571342
0.24395637916571342
0.24395637916571342
0.24403263936551514
0.24403263936551514
0.24403263936551514
0.24403263936551514
0.24403263936551514
0.24403263936551514
0.24403263936551514
0.24403263936551514
0.24403263936551514
0.24403263936551514
0.24403263936551514
0.24403263936551514
0.24403263936551514
0.24410889956531687
0.24410889956531687
0.24410889956531687
0.24410889956531687
0.2441851597651186
0.2441851597651186
0.24426141996492032
0.24426141996492032
0.24426141996492032
0.24426141996492032
0.24426141996492032
0.24426141996492032
0.24433768016472204
0.24441394036452377
0.24441394036452377
0.24441394036452377
0.24441394036452377
0.24449020056432547
0.24464272096392892
0.24464272096392892
0.24464272096392892
0.24464272096392892
0.24464272096392892
0.24464272096392892
0.24471898116373064
0.24471898116373064
0.24471898116373064
0.24471898116373064
0.24471898116373064
0.24479524136353237
0.24479524136353237
0.24479524136353237
0.24479524136353237
0.24479524136353237
0.24479524136353237
0.24479524136353237
0.2448715015633341
0.24494776176313582
0.24494776176313582
0.24502402196293754
0.24510028216273927
0.24510028216273927
0.24525280256234272
0.24525280256234272
0.24525280256234272
0.24525280256234272
0.24525280256234272
0.24525280256234272
0.24532906276214445
0.24532906276214445
0.24532906276214445
0.24532906276214445
0.24532906276214445
0.24540532296194617
0.24540532296194617
0.2454815831617479
0.2454815831617479
0.2454815831617479
0.2454815831617479
0.2454815831617479
0.2454815831617479
0.2455578433615496
0.2455578433615496
0.24563410356135132
0.24563410356135132
0.24563410356135132
0.24563410356135132
0.24571036376115304
0.24571036376115304
0.24571036376115304
0.24571036376115304
0.24571036376115304
0.24571036376115304
0.24571036376115304
0.24571036376115304
0.24571036376115304
0.24571036376115304
0.24571036376115304
0.24571036376115304
0.24571036376115304
0.24571036376115304
0.24571036376115304
0.24571036376115304
0.24571036376115304
0.2458628841607565
0.2458628841607565
0.2458628841607565
0.2458628841607565
0.2458628841607565
0.2458628841607565
0.2458628841607565
0.24601540456035995
0.24609166476016167
0.24609166476016167
0.2461679249599634
0.2461679249599634
0.24624418515976512
0.24624418515976512
0.24624418515976512
0.24624418515976512
0.24624418515976512
0.24624418515976512
0.24624418515976512
0.24624418515976512
0.24624418515976512
0.24624418515976512
0.24624418515976512
0.24624418515976512
0.24624418515976512
0.24632044535956685
0.24632044535956685
0.24632044535956685
0.24632044535956685
0.24632044535956685
0.24632044535956685
0.24632044535956685
0.24639670555936857
0.2464729657591703
0.2464729657591703
0.2464729657591703
0.2464729657591703
0.2464729657591703
0.2464729657591703
0.2464729657591703
0.2464729657591703
0.24654922595897202
0.24654922595897202
0.24654922595897202
0.24654922595897202
0.24654922595897202
0.24654922595897202
0.24654922595897202
0.24654922595897202
0.24654922595897202
0.24654922595897202
0.24662548615877375
0.24662548615877375
0.24662548615877375
0.24662548615877375
0.24670174635857545
0.24670174635857545
0.24670174635857545
0.24670174635857545
0.24670174635857545
0.24677800655837717
0.2468542667581789
0.24693052695798062
0.24700678715778235
0.24700678715778235
0.24700678715778235
0.24708304735758407
0.24708304735758407
0.24708304735758407
0.24708304735758407
0.24708304735758407
0.24708304735758407
0.24708304735758407
0.24708304735758407
0.24708304735758407
0.24708304735758407
0.24708304735758407
0.24708304735758407
0.24708304735758407
0.24708304735758407
0.24708304735758407
0.24708304735758407
0.2471593075573858
0.2471593075573858
0.2471593075573858
0.2471593075573858
0.2471593075573858
0.2471593075573858
0.24723556775718752
0.24723556775718752
0.24731182795698925
0.24731182795698925
0.24731182795698925
0.24731182795698925
0.24731182795698925
0.24731182795698925
0.24738808815679098
0.24738808815679098
0.24738808815679098
0.24738808815679098
0.24738808815679098
0.24738808815679098
0.2474643483565927
0.2474643483565927
0.2474643483565927
0.24761686875619615
0.24761686875619615
0.24761686875619615
0.24761686875619615
0.24761686875619615
0.24761686875619615
0.24761686875619615
0.24761686875619615
0.24761686875619615
0.24761686875619615
0.24761686875619615
0.24761686875619615
0.24761686875619615
0.24761686875619615
0.24761686875619615
0.24761686875619615
0.24761686875619615
0.24761686875619615
0.24761686875619615
0.24761686875619615
0.24769312895599788
0.24769312895599788
0.24769312895599788
0.24769312895599788
0.24769312895599788
0.24769312895599788
0.24769312895599788
0.24769312895599788
0.24769312895599788
0.2477693891557996
0.2477693891557996
0.2477693891557996
0.2477693891557996
0.2477693891557996
0.2477693891557996
0.2477693891557996
0.2477693891557996
0.2477693891557996
0.2477693891557996
0.2477693891557996
0.2477693891557996
0.2477693891557996
0.2477693891557996
0.2477693891557996
0.2477693891557996
0.2477693891557996
0.2477693891557996
0.2477693891557996
0.2477693891557996
0.2477693891557996
0.2477693891557996
