0.06909174102036147
0.08785175017158545
0.10043468313886983
0.10828948371844735
0.11393273850377487
0.11965225348890414
0.12491420727522307
0.12933729886372303
0.13276900785480059
0.13665827804468847
0.1393273850377488
0.14176771143140396
0.14458933882406771
0.14664836421871424
0.14893617021276595
0.15130023640661938
0.1533592618012659
0.15473194539769694
0.1558758483947228
0.15755357279036072
0.15884999618699
0.16068024098223138
0.16190040417905896
0.1629680469762831
0.1639594295737055
0.16456951117211926
0.16556089376954167
0.16685731716617097
0.16739113856478305
0.16815374056280027
0.16929764355982613
0.17028902615724853
0.1712041485548692
0.17204301075268819
0.1727293525509037
0.17333943414931746
0.17394951574773126
0.1744070769465416
0.1750171585449554
0.17524593914436057
0.17562724014336917
0.1766948829405933
0.17715244413940365
0.17776252573781742
0.17837260733623123
0.17905894913444673
0.17951651033325708
0.17989781133226568
0.18012659193167085
0.18043163273087776
0.1809654541294898
0.1812704949286967
0.1815755357279036
0.1818805765271105
0.18210935712651566
0.18249065812552429
0.18294821932433464
0.18332952032334324
0.1835583009227484
0.18393960192175704
0.18432090292076564
0.1844734233203691
0.18470220391977427
0.18531228551818807
0.18592236711660184
0.18599862731640357
0.18599862731640357
0.18622740791580875
0.1863799283154122
0.18668496911461907
0.18699000991382597
0.1873713109128346
0.18790513231144665
0.1880576527110501
0.18828643331045528
0.18882025470906733
0.18927781590787768
0.18943033630748113
0.1896591169068863
0.18988789750629145
0.19019293830549835
0.1906504995043087
0.19087928010371388
0.19118432090292076
0.19156562190192938
0.19171814230153283
0.191946922900938
0.19202318310073974
0.19217570350034316
0.19255700449935179
0.19278578509875696
0.1928620452985587
0.19301456569816214
0.1932433462975673
0.19339586669717074
0.19370090749637764
0.1938534278959811
0.19431098909479144
0.19461602989399832
0.1948448104934035
0.19522611149241212
0.19537863189201557
0.19545489209181727
0.195531152291619
0.19568367269122244
0.19568367269122244
0.19591245329062762
0.19629375428963625
0.1964462746892397
0.19659879508884312
0.1968275756882483
0.19690383588805002
0.19705635628765347
0.19728513688705865
0.1974376572866621
0.19759017768626555
0.19766643788606725
0.1978189582856707
0.1981239990848776
0.1981239990848776
0.19827651948448105
0.19835277968428278
0.19858156028368795
0.1987340806832914
0.19903912148249828
0.1991153816823
0.19919164188210173
0.19934416228170518
0.19949668268130863
0.19964920308091208
0.19995424388011895
0.20003050407992068
0.20003050407992068
0.20003050407992068
0.20003050407992068
0.20025928467932586
0.20033554487912758
0.2004118050789293
0.20056432547853276
0.20086936627773966
0.20086936627773966
0.20086936627773966
0.20094562647754138
0.2010981468771448
0.2010981468771448
0.20147944787615343
0.20155570807595516
0.20178448867536034
0.20186074887516206
0.20193700907496379
0.20193700907496379
0.20208952947456724
0.20208952947456724
0.20208952947456724
0.20208952947456724
0.20224204987417066
0.2023945702737741
0.20247083047357584
0.2026233508731793
0.202699611072981
0.20285213147258446
0.2029283916723862
0.2029283916723862
0.2030046518721879
0.2030046518721879
0.20315717227179136
0.20353847327079996
0.20353847327079996
0.20353847327079996
0.2036147334706017
0.20369099367040341
0.20384351407000686
0.2039197742698086
0.20399603446961032
0.20407229466941204
0.2042248150690155
0.20430107526881722
0.20437733546861891
0.20468237626782582
0.20483489666742927
0.20483489666742927
0.20506367726683444
0.20513993746663617
0.2052161976664379
0.20529245786623962
0.20552123846564477
0.2055974986654465
0.20575001906504994
0.20582627926485167
0.20597879966445512
0.20597879966445512
0.20605505986425685
0.20613132006405857
0.2062075802638603
0.2062075802638603
0.20643636086326547
0.20643636086326547
0.2065888812628689
0.20674140166247235
0.20681766186227407
0.2068939220620758
0.2068939220620758
0.2068939220620758
0.2068939220620758
0.20697018226187752
0.20697018226187752
0.20697018226187752
0.20697018226187752
0.20704644246167925
0.20704644246167925
0.20727522306108442
0.20742774346068787
0.20742774346068787
0.2075040036604896
0.20758026386029133
0.20773278425989475
0.20780904445969647
0.20780904445969647
0.2081903454587051
0.20826660565850683
0.20826660565850683
0.208495386257912
0.20857164645771373
0.20857164645771373
0.20857164645771373
0.20864790665751545
0.20872416685731718
0.20872416685731718
0.2088766872569206
0.2088766872569206
0.2088766872569206
0.20895294745672233
0.20910546785632578
0.20925798825592923
0.20925798825592923
0.20941050865553268
0.20941050865553268
0.20956302905513613
0.20971554945473958
0.20971554945473958
0.2097918096545413
0.20986806985434303
0.21002059025394645
0.21009685045374818
0.21024937085335163
0.21024937085335163
0.21032563105315336
0.21032563105315336
0.21040189125295508
0.2104781514527568
0.2104781514527568
0.2104781514527568
0.2104781514527568
0.21055441165255853
0.21055441165255853
0.21055441165255853
0.21070693205216198
0.2107831922519637
0.2107831922519637
0.21085945245176543
0.21101197285136888
0.2111644932509723
0.2111644932509723
0.2111644932509723
0.2111644932509723
0.21124075345077403
0.21131701365057576
0.21139327385037748
0.21154579424998093
0.21162205444978266
0.21162205444978266
0.21162205444978266
0.21169831464958438
0.2117745748493861
0.21185083504918784
0.2120033554487913
0.212079615648593
0.2121558758483947
0.2121558758483947
0.21230839624799816
0.21230839624799816
0.21253717684740334
0.21261343704720506
0.2126896972470068
0.2126896972470068
0.2127659574468085
0.2127659574468085
0.2127659574468085
0.2127659574468085
0.2127659574468085
0.2127659574468085
0.2129947380462137
0.21307099824601541
0.21314725844581714
0.21314725844581714
0.21314725844581714
0.21314725844581714
0.21314725844581714
0.21329977884542056
0.21329977884542056
0.21329977884542056
0.213452299245024
0.213452299245024
0.21352855944482574
0.21352855944482574
0.21352855944482574
0.2136810798444292
0.2136810798444292
0.2136810798444292
0.21383360024403264
0.21383360024403264
0.21390986044383437
0.2139861206436361
0.21406238084343782
0.21413864104323954
0.21421490124304127
0.214291161442843
0.2143674216426447
0.21451994204224814
0.21451994204224814
0.21451994204224814
0.21459620224204987
0.21459620224204987
0.2146724624418516
0.2146724624418516
0.21482498284145504
0.21482498284145504
0.21490124304125677
0.21490124304125677
0.21490124304125677
0.2149775032410585
0.21505376344086022
0.21505376344086022
0.21505376344086022
0.21505376344086022
0.21520628384046367
0.21520628384046367
0.21535880424006712
0.21543506443986885
0.21558758483947227
0.215663845039274
0.21574010523907572
0.21574010523907572
0.21581636543887744
0.21581636543887744
0.21589262563867917
0.21589262563867917
0.2159688858384809
0.2159688858384809
0.2159688858384809
0.2159688858384809
0.21612140623808435
0.21612140623808435
0.21619766643788607
0.21619766643788607
0.21619766643788607
0.21619766643788607
0.21635018683748952
0.21635018683748952
0.21635018683748952
0.21635018683748952
0.21635018683748952
0.21635018683748952
0.21642644703729125
0.21650270723709297
0.21650270723709297
0.21650270723709297
0.21650270723709297
0.21650270723709297
0.21650270723709297
0.21650270723709297
0.21650270723709297
0.2165789674368947
0.2166552276366964
0.2166552276366964
0.2166552276366964
0.21673148783649812
0.21673148783649812
0.21673148783649812
0.21673148783649812
0.21680774803629985
0.21680774803629985
0.21680774803629985
0.21680774803629985
0.21680774803629985
0.21680774803629985
0.21680774803629985
0.21680774803629985
0.21688400823610157
0.21688400823610157
0.21688400823610157
0.21688400823610157
0.21688400823610157
0.21688400823610157
0.21688400823610157
0.2169602684359033
0.2169602684359033
0.2169602684359033
0.21703652863570502
0.21718904903530847
0.2172653092351102
0.2172653092351102
0.2172653092351102
0.21734156943491192
0.21734156943491192
0.21734156943491192
0.21741782963471365
0.2175703500343171
0.21772287043392052
0.21779913063372225
0.21787539083352397
0.2179516510333257
0.2179516510333257
0.21802791123312742
0.21810417143292915
0.21810417143292915
0.21818043163273088
0.21818043163273088
0.21818043163273088
0.21818043163273088
0.21818043163273088
0.21818043163273088
0.2182566918325326
0.2182566918325326
0.2182566918325326
0.21840921223213605
0.21840921223213605
0.21840921223213605
0.21840921223213605
0.21840921223213605
0.21840921223213605
0.21840921223213605
0.21848547243193778
0.2185617326317395
0.2185617326317395
0.2185617326317395
0.21871425303134295
0.21871425303134295
0.21886677343094638
0.2189430336307481
0.2189430336307481
0.21901929383054983
0.219248074429955
0.219248074429955
0.21932433462975673
0.21932433462975673
0.21932433462975673
0.21932433462975673
0.21932433462975673
0.21940059482955845
0.21940059482955845
0.21940059482955845
0.21940059482955845
0.21940059482955845
0.21940059482955845
0.21947685502936018
0.21947685502936018
0.21947685502936018
0.21947685502936018
0.21947685502936018
0.2195531152291619
0.2195531152291619
0.21970563562876536
0.21970563562876536
0.21970563562876536
0.21970563562876536
0.21970563562876536
0.21970563562876536
0.21978189582856708
0.21978189582856708
0.21978189582856708
0.21978189582856708
0.2198581560283688
0.2198581560283688
0.2198581560283688
0.2198581560283688
0.2199344162281705
0.2199344162281705
0.2199344162281705
0.2199344162281705
0.2199344162281705
0.2199344162281705
0.2199344162281705
0.22001067642797223
0.22001067642797223
0.22008693662777395
0.22008693662777395
0.22016319682757568
0.2202394570273774
0.2202394570273774
0.2202394570273774
0.22031571722717913
0.22031571722717913
0.22031571722717913
0.22039197742698086
0.22039197742698086
0.22039197742698086
0.22046823762678258
0.22046823762678258
0.2205444978265843
0.22069701822618776
0.22069701822618776
0.22069701822618776
0.22069701822618776
0.22069701822618776
0.22069701822618776
0.22069701822618776
0.2208495386257912
0.22092579882559293
0.22092579882559293
0.22092579882559293
0.22092579882559293
0.22092579882559293
0.22092579882559293
0.22092579882559293
0.22092579882559293
0.22100205902539466
0.22100205902539466
0.22107831922519636
0.22115457942499808
0.2212308396247998
0.2212308396247998
0.2212308396247998
0.2212308396247998
0.2212308396247998
0.2212308396247998
0.22130709982460153
0.22130709982460153
0.22130709982460153
0.22130709982460153
0.22145962022420498
0.22145962022420498
0.2215358804240067
0.2215358804240067
0.2215358804240067
0.2215358804240067
0.22161214062380843
0.22161214062380843
0.22161214062380843
0.22161214062380843
0.22168840082361016
0.22168840082361016
0.22168840082361016
0.22168840082361016
0.22168840082361016
0.22168840082361016
0.22176466102341189
0.22176466102341189
0.22176466102341189
0.22176466102341189
0.2218409212232136
0.22191718142301534
0.22191718142301534
0.22191718142301534
0.22191718142301534
0.2220697018226188
0.2220697018226188
0.2220697018226188
0.2221459620224205
0.2221459620224205
0.2221459620224205
0.2221459620224205
0.2222222222222222
0.2222222222222222
0.22229848242202394
0.22229848242202394
0.22229848242202394
0.22237474262182566
0.22245100282162739
0.22245100282162739
0.22245100282162739
0.22245100282162739
0.22245100282162739
0.2225272630214291
0.2225272630214291
0.2225272630214291
0.2227560436208343
0.2227560436208343
0.2227560436208343
0.2227560436208343
0.222832303820636
0.222832303820636
0.222832303820636
0.222832303820636
0.22290856402043774
0.22298482422023946
0.22298482422023946
0.22298482422023946
0.22298482422023946
0.22298482422023946
0.2230610844200412
0.22313734461984291
0.22313734461984291
0.22321360481964464
0.22321360481964464
0.22321360481964464
0.22321360481964464
0.22321360481964464
0.22321360481964464
0.22321360481964464
0.22321360481964464
0.22321360481964464
0.22321360481964464
0.22321360481964464
0.22321360481964464
0.22321360481964464
0.22321360481964464
0.22321360481964464
0.22321360481964464
0.22321360481964464
0.22328986501944634
0.22328986501944634
0.22328986501944634
0.22328986501944634
0.22336612521924806
0.22336612521924806
0.22336612521924806
0.22336612521924806
0.2234423854190498
0.2234423854190498
0.2235186456188515
0.2235186456188515
0.2235186456188515
0.22367116601845496
0.22367116601845496
0.22367116601845496
0.22367116601845496
0.2237474262182567
0.2237474262182567
0.2237474262182567
0.2237474262182567
0.2237474262182567
0.2237474262182567
0.2237474262182567
0.2237474262182567
0.2237474262182567
0.2237474262182567
0.2237474262182567
0.22389994661786014
0.22389994661786014
0.22389994661786014
0.22389994661786014
0.22397620681766187
0.22397620681766187
0.2240524670174636
0.2240524670174636
0.2240524670174636
0.2240524670174636
0.2240524670174636
0.2240524670174636
0.2240524670174636
0.22412872721726532
0.22412872721726532
0.22412872721726532
0.22412872721726532
0.22412872721726532
0.22412872721726532
0.22420498741706704
0.22420498741706704
0.22420498741706704
0.22428124761686877
0.22428124761686877
0.22428124761686877
0.22428124761686877
0.22428124761686877
0.2243575078166705
0.2243575078166705
0.2243575078166705
0.22451002821627392
0.22451002821627392
0.22451002821627392
0.22451002821627392
0.22451002821627392
0.22451002821627392
0.22458628841607564
0.22458628841607564
0.22458628841607564
0.22458628841607564
0.22458628841607564
0.22458628841607564
0.22458628841607564
0.22458628841607564
0.22458628841607564
0.22458628841607564
0.22466254861587737
0.22466254861587737
0.22466254861587737
0.22466254861587737
0.22466254861587737
0.22466254861587737
0.22466254861587737
0.2247388088156791
0.2247388088156791
0.2247388088156791
0.22481506901548082
0.22489132921528254
0.22489132921528254
0.22489132921528254
0.22489132921528254
0.22489132921528254
0.22489132921528254
0.22489132921528254
0.22489132921528254
0.22489132921528254
0.22489132921528254
0.22489132921528254
0.22496758941508427
0.22496758941508427
0.22496758941508427
0.225043849614886
0.225043849614886
0.22512010981468772
0.22519637001448944
0.22527263021429117
0.22527263021429117
0.22527263021429117
0.22527263021429117
0.22527263021429117
0.22527263021429117
0.22527263021429117
0.22527263021429117
0.22542515061389462
0.22542515061389462
0.22550141081369632
0.22557767101349804
0.22557767101349804
0.22557767101349804
0.22557767101349804
0.22557767101349804
0.22557767101349804
0.22565393121329977
0.22565393121329977
0.22565393121329977
0.22565393121329977
0.22565393121329977
0.2257301914131015
0.2257301914131015
0.2257301914131015
0.22580645161290322
0.22580645161290322
0.22580645161290322
0.22580645161290322
0.22580645161290322
0.22588271181270494
0.22588271181270494
0.22588271181270494
0.22588271181270494
0.22595897201250667
0.22595897201250667
0.2260352322123084
0.2260352322123084
0.22611149241211012
0.22611149241211012
0.22611149241211012
0.22611149241211012
0.22611149241211012
0.22611149241211012
0.22611149241211012
0.22626401281171357
0.22626401281171357
0.22626401281171357
0.22626401281171357
0.2263402730115153
0.2263402730115153
0.22641653321131702
0.22641653321131702
0.22641653321131702
0.22641653321131702
0.22649279341111875
0.22649279341111875
0.22649279341111875
0.22649279341111875
0.22649279341111875
0.22649279341111875
0.22649279341111875
0.22649279341111875
0.22649279341111875
0.22649279341111875
0.22649279341111875
0.22649279341111875
0.22649279341111875
0.22649279341111875
0.22649279341111875
0.22649279341111875
0.22656905361092047
0.22656905361092047
0.22656905361092047
0.22664531381072217
0.2267215740105239
0.2267215740105239
0.2267215740105239
0.2267215740105239
0.2267215740105239
0.2267215740105239
0.22679783421032562
0.22679783421032562
0.22679783421032562
0.22679783421032562
0.22679783421032562
0.22679783421032562
0.22687409441012735
0.22687409441012735
0.22687409441012735
0.22687409441012735
0.22687409441012735
0.22687409441012735
0.22687409441012735
0.22687409441012735
0.22687409441012735
0.22687409441012735
0.22687409441012735
0.22687409441012735
0.22687409441012735
0.22695035460992907
0.2270266148097308
0.2270266148097308
0.2270266148097308
0.2270266148097308
0.2270266148097308
0.22710287500953252
0.22710287500953252
0.22717913520933425
0.22717913520933425
0.22717913520933425
0.22725539540913597
0.22725539540913597
0.22725539540913597
0.2273316556089377
0.2273316556089377
0.2273316556089377
0.2273316556089377
0.2273316556089377
0.2273316556089377
0.2273316556089377
0.2273316556089377
0.2273316556089377
0.22740791580873942
0.22740791580873942
0.22740791580873942
0.22740791580873942
0.22740791580873942
0.22740791580873942
0.22740791580873942
0.22740791580873942
0.22740791580873942
0.22740791580873942
0.22740791580873942
0.22740791580873942
0.22740791580873942
0.22740791580873942
0.22740791580873942
0.22740791580873942
0.22740791580873942
0.22740791580873942
0.22740791580873942
0.22748417600854115
0.22748417600854115
0.22748417600854115
0.22748417600854115
0.22748417600854115
0.22748417600854115
0.22748417600854115
0.22748417600854115
0.22748417600854115
0.22748417600854115
0.22748417600854115
0.22748417600854115
0.22748417600854115
0.22748417600854115
0.22748417600854115
0.22748417600854115
0.22748417600854115
0.22748417600854115
0.22748417600854115
0.22748417600854115
0.22756043620834288
0.22756043620834288
0.2276366964081446
0.2276366964081446
0.2276366964081446
0.2276366964081446
0.2276366964081446
0.2276366964081446
0.2276366964081446
0.2276366964081446
0.2276366964081446
0.2276366964081446
0.2276366964081446
0.2276366964081446
0.2276366964081446
0.2276366964081446
0.2276366964081446
0.2276366964081446
0.2276366964081446
0.22771295660794633
0.22771295660794633
0.22771295660794633
0.22778921680774802
0.22778921680774802
0.22778921680774802
0.22778921680774802
0.22778921680774802
0.22778921680774802
0.22786547700754975
0.22794173720735147
0.22794173720735147
0.22794173720735147
0.22794173720735147
0.2280179974071532
0.22809425760695493
0.22809425760695493
0.22809425760695493
0.22809425760695493
0.22809425760695493
0.22809425760695493
0.22809425760695493
0.22809425760695493
0.22809425760695493
0.22809425760695493
0.22809425760695493
0.22809425760695493
0.22809425760695493
0.22809425760695493
0.22809425760695493
0.22809425760695493
0.22809425760695493
0.22809425760695493
0.22809425760695493
0.22809425760695493
0.22809425760695493
0.22809425760695493
0.22809425760695493
0.22824677800655838
0.22824677800655838
0.22824677800655838
0.22824677800655838
0.22824677800655838
0.22824677800655838
0.22824677800655838
0.22824677800655838
0.22839929840616183
0.22839929840616183
0.22839929840616183
0.22839929840616183
0.22839929840616183
0.22839929840616183
0.22839929840616183
0.22839929840616183
0.22839929840616183
0.22839929840616183
0.22847555860596355
0.22847555860596355
0.22847555860596355
0.22847555860596355
0.22847555860596355
0.22847555860596355
0.22847555860596355
0.22847555860596355
0.22847555860596355
0.22847555860596355
0.22847555860596355
0.22855181880576528
0.22855181880576528
0.22855181880576528
0.22855181880576528
0.22855181880576528
0.22855181880576528
0.228628079005567
0.228628079005567
0.22870433920536873
0.22870433920536873
0.22870433920536873
0.22870433920536873
0.22870433920536873
0.22870433920536873
0.22870433920536873
0.22878059940517045
0.22878059940517045
0.22878059940517045
0.22878059940517045
0.22878059940517045
0.22878059940517045
0.22885685960497215
0.22885685960497215
0.22893311980477388
0.22893311980477388
0.22893311980477388
0.22893311980477388
0.22893311980477388
0.22893311980477388
0.2290093800045756
0.2290093800045756
0.2290093800045756
0.2290093800045756
0.2290093800045756
0.2290093800045756
0.2290093800045756
0.2290093800045756
0.2290093800045756
0.22908564020437733
0.22908564020437733
