0.04987417067032716
0.0717608480134218
0.07862426599557691
0.0860977655761458
0.09402882635552505
0.10142606573629223
0.1081369633188439
0.11156867230992146
0.11309387630595592
0.11652558529703348
0.11858461069168001
0.12010981468771448
0.1217875390833524
0.12293144208037825
0.12399908487760238
0.1253717684740334
0.1266681918706627
0.12811713566689545
0.12918477846411958
0.1302524212613437
0.13132006405856783
0.13246396705559368
0.13330282925341264
0.13429421185083504
0.1350568138488523
0.1354381148478609
0.1364294974452833
0.137344619842904
0.13810722184092122
0.13909860443834363
0.14016624723556775
0.1416151910318005
0.14245405322961946
0.1435216960268436
0.14436055822466254
0.1451231602226798
0.14619080301990392
0.14702966521772287
0.14786852741554182
0.14855486921375735
0.14954625181117975
0.14985129261038663
0.15053763440860216
0.15091893540761075
0.15152901700602456
0.15191031800503318
0.15252039960344696
0.15320674140166246
0.1536643026004728
0.15412186379928317
0.15465568519789522
0.15564706779531762
0.1561808891939297
0.1571722717913521
0.15793487378936932
0.1581636543887745
0.15831617478837795
0.15862121558758485
0.15923129718599863
0.1594600777854038
0.15961259818500725
0.15991763898421413
0.16037520018302448
0.16060398078242966
0.16106154198123998
0.16167162357965378
0.16205292457866238
0.16220544497826583
0.16266300617707619
0.16289178677648136
0.16319682757568824
0.16350186837489514
0.1637306489743003
0.16411194997330894
0.1643407305727141
0.164645771371921
0.1652558529703348
0.16556089376954167
0.16571341416914512
0.16609471516815374
0.16617097536795547
0.16632349576755892
0.16678105696636925
0.1669335773659727
0.16700983756577442
0.16731487836498132
0.16739113856478305
0.16739113856478305
0.1675436589643865
0.16784869976359337
0.1679249599633951
0.16807748036299855
0.16815374056280027
0.168230000762602
0.16838252116220545
0.1685350415618089
0.16868756196141235
0.16884008236101578
0.16929764355982613
0.16983146495843818
0.1702127659574468
0.1702127659574468
0.17028902615724853
0.17044154655685198
0.17067032715625716
0.17097536795546403
0.1712041485548692
0.17143292915427438
0.1715091893540761
0.17158544955387783
0.17166170975367956
0.17173796995348128
0.171814230153283
0.171814230153283
0.17189049035308474
0.17211927095248988
0.17211927095248988
0.17211927095248988
0.1721955311522916
0.1721955311522916
0.17242431175169678
0.17257683215130024
0.17288187295050714
0.1730343933501106
0.1731106535499123
0.17333943414931746
0.1734156943491192
0.1734919545489209
0.1734919545489209
0.17356821474872264
0.17356821474872264
0.1737207351483261
0.17387325554792954
0.17387325554792954
0.17425455654693817
0.17433081674673986
0.17448333714634331
0.17455959734614504
0.1747121177457485
0.17478837794555022
0.17494089834515367
0.17509341874475712
0.17524593914436057
0.1753221993441623
0.1753221993441623
0.17547471974376572
0.17547471974376572
0.17547471974376572
0.17555097994356744
0.1757035003431709
0.1757035003431709
0.17577976054297262
0.17577976054297262
0.17593228094257607
0.17593228094257607
0.17593228094257607
0.1760085411423778
0.1760085411423778
0.1760085411423778
0.17623732174178297
0.1763135819415847
0.17638984214138642
0.17654236254098984
0.17654236254098984
0.17654236254098984
0.17661862274079157
0.1766948829405933
0.1766948829405933
0.1766948829405933
0.17684740334019675
0.17692366353999847
0.17715244413940365
0.17722870433920537
0.17738122473880882
0.17745748493861055
0.17745748493861055
0.17753374513841227
0.17776252573781742
0.17783878593761915
0.17791504613742087
0.17791504613742087
0.17806756653702432
0.17814382673682605
0.1782963471364295
0.17837260733623123
0.17844886753603295
0.17867764813543813
0.17867764813543813
0.17883016853504155
0.17883016853504155
0.178982688934645
0.17913520933424845
0.17936398993365363
0.17936398993365363
0.17951651033325708
0.17966903073286053
0.17966903073286053
0.17974529093266225
0.1799740715320674
0.18012659193167085
0.18012659193167085
0.18020285213147258
0.18020285213147258
0.1802791123312743
0.18035537253107603
0.18035537253107603
0.18035537253107603
0.18035537253107603
0.18035537253107603
0.18035537253107603
0.18043163273087776
0.18050789293067948
0.1805841531304812
0.1805841531304812
0.18066041333028293
0.18066041333028293
0.18081293372988638
0.18081293372988638
0.18081293372988638
0.1808891939296881
0.1809654541294898
0.18104171432929153
0.18111797452909326
0.18111797452909326
0.18119423472889498
0.1812704949286967
0.18134675512849843
0.18134675512849843
0.18134675512849843
0.18142301532830016
0.18165179592770533
0.18172805612750706
0.18172805612750706
0.18180431632730878
0.1818805765271105
0.18195683672691224
0.18195683672691224
0.18203309692671396
0.18218561732631738
0.18218561732631738
0.1822618775261191
0.18233813772592083
0.18241439792572256
0.182566918325326
0.18264317852512774
0.18271943872492946
0.1827956989247312
0.18294821932433464
0.18294821932433464
0.18302447952413636
0.18302447952413636
0.1831007397239381
0.1831007397239381
0.1831007397239381
0.1831007397239381
0.18317699992373981
0.18317699992373981
0.1832532601235415
0.1832532601235415
0.18332952032334324
0.1834820407229467
0.1834820407229467
0.1835583009227484
0.1835583009227484
0.18363456112255014
0.18363456112255014
0.18371082132235186
0.18371082132235186
0.18371082132235186
0.18371082132235186
0.18371082132235186
0.1837870815221536
0.18386334172195531
0.18386334172195531
0.18386334172195531
0.18393960192175704
0.18401586212155877
0.18401586212155877
0.18401586212155877
0.18401586212155877
0.18401586212155877
0.18401586212155877
0.18401586212155877
0.1840921223213605
0.1840921223213605
0.18424464272096394
0.18432090292076564
0.18432090292076564
0.18439716312056736
0.18439716312056736
0.1844734233203691
0.18454968352017082
0.18454968352017082
0.18454968352017082
0.18454968352017082
0.18470220391977427
0.18470220391977427
0.18485472431937772
0.18485472431937772
0.18485472431937772
0.18485472431937772
0.18493098451917944
0.18493098451917944
0.18500724471898117
0.1850835049187829
0.18515976511858462
0.18515976511858462
0.18515976511858462
0.18523602531838634
0.18531228551818807
0.1853885457179898
0.1853885457179898
0.1854648059177915
0.1854648059177915
0.18554106611759322
0.18554106611759322
0.18561732631739494
0.18561732631739494
0.18569358651719667
0.18584610691680012
0.18592236711660184
0.18599862731640357
0.1860748875162053
0.18615114771600702
0.18615114771600702
0.18615114771600702
0.18615114771600702
0.18615114771600702
0.18615114771600702
0.18615114771600702
0.18615114771600702
0.18630366811561047
0.18630366811561047
0.18630366811561047
0.1863799283154122
0.1863799283154122
0.18645618851521392
0.18660870891481735
0.18668496911461907
0.1867612293144208
0.18683748951422252
0.18683748951422252
0.18714253031342942
0.18744757111263632
0.18744757111263632
0.18744757111263632
0.18744757111263632
0.18752383131243805
0.18760009151223977
0.18760009151223977
0.18760009151223977
0.18760009151223977
0.18760009151223977
0.18760009151223977
0.18760009151223977
0.18760009151223977
0.18760009151223977
0.18760009151223977
0.18760009151223977
0.18760009151223977
0.18760009151223977
0.1877526119118432
0.18782887211164492
0.18782887211164492
0.18790513231144665
0.18790513231144665
0.18790513231144665
0.18790513231144665
0.18790513231144665
0.18798139251124837
0.1880576527110501
0.18821017311065355
0.18821017311065355
0.18821017311065355
0.18821017311065355
0.18821017311065355
0.18828643331045528
0.18828643331045528
0.188362693510257
0.18843895371005873
0.18851521390986045
0.18851521390986045
0.18859147410966218
0.18859147410966218
0.18859147410966218
0.1886677343094639
0.1886677343094639
0.18882025470906733
0.18889651490886905
0.18897277510867078
0.1890490353084725
0.18912529550827423
0.1893540761076794
0.1893540761076794
0.18943033630748113
0.1896591169068863
0.1896591169068863
0.1896591169068863
0.18973537710668803
0.18981163730648976
0.18981163730648976
0.18981163730648976
0.18988789750629145
0.18988789750629145
0.18988789750629145
0.18996415770609318
0.19011667810569663
0.19011667810569663
0.19026919850530008
0.19026919850530008
0.19042171890490353
0.19042171890490353
0.19042171890490353
0.19049797910470526
0.19049797910470526
0.19072675970411043
0.19080301990391216
0.19087928010371388
0.1909555403035156
0.1910318005033173
0.1910318005033173
0.19110806070311903
0.19110806070311903
0.19110806070311903
0.19110806070311903
0.19110806070311903
0.19118432090292076
0.19118432090292076
0.19126058110272248
0.1913368413025242
0.1913368413025242
0.1913368413025242
0.19148936170212766
0.19148936170212766
0.19156562190192938
0.1916418821017311
0.1916418821017311
0.1916418821017311
0.1916418821017311
0.1916418821017311
0.1916418821017311
0.1916418821017311
0.1916418821017311
0.19171814230153283
0.19171814230153283
0.19171814230153283
0.19171814230153283
0.19179440250133456
0.19179440250133456
0.19179440250133456
0.19187066270113629
0.19187066270113629
0.191946922900938
0.191946922900938
0.19217570350034316
0.19217570350034316
0.1923282238999466
0.1923282238999466
0.19240448409974834
0.19240448409974834
0.19240448409974834
0.19240448409974834
0.19240448409974834
0.19248074429955006
0.19255700449935179
0.1926332646991535
0.1926332646991535
0.1926332646991535
0.19278578509875696
0.19278578509875696
0.19278578509875696
0.19278578509875696
0.19278578509875696
0.1929383054983604
0.1929383054983604
0.19309082589796386
0.19309082589796386
0.19309082589796386
0.1931670860977656
0.1931670860977656
0.1931670860977656
0.1931670860977656
0.1931670860977656
0.1932433462975673
0.193319606497369
0.19339586669717074
0.19339586669717074
0.19347212689697246
0.19347212689697246
0.19347212689697246
0.19347212689697246
0.19347212689697246
0.19347212689697246
0.19347212689697246
0.19347212689697246
0.19347212689697246
0.19347212689697246
0.19347212689697246
0.19347212689697246
0.19347212689697246
0.1936246472965759
0.1936246472965759
0.19370090749637764
0.19370090749637764
0.19370090749637764
0.19377716769617936
0.19377716769617936
0.19377716769617936
0.19377716769617936
0.1938534278959811
0.1938534278959811
0.19400594829558454
0.194158468695188
0.194158468695188
0.194158468695188
0.194158468695188
0.19423472889498972
0.19423472889498972
0.19423472889498972
0.19431098909479144
0.19438724929459314
0.19438724929459314
0.19446350949439486
0.1945397696941966
0.1945397696941966
0.1945397696941966
0.19469229009380004
0.19469229009380004
0.19476855029360177
0.1948448104934035
0.19492107069320522
0.19499733089300694
0.1951498512926104
0.1951498512926104
0.1951498512926104
0.1951498512926104
0.1951498512926104
0.1951498512926104
0.19522611149241212
0.19522611149241212
0.19530237169221384
0.19530237169221384
0.19537863189201557
0.19537863189201557
0.19537863189201557
0.19537863189201557
0.19545489209181727
0.19545489209181727
0.195531152291619
0.19560741249142072
0.19560741249142072
0.19560741249142072
0.19568367269122244
0.19568367269122244
0.19568367269122244
0.19575993289102417
0.1958361930908259
0.1958361930908259
0.19591245329062762
0.19591245329062762
0.19591245329062762
0.19591245329062762
0.19591245329062762
0.19598871349042934
0.19598871349042934
0.19606497369023107
0.1961412338900328
0.1961412338900328
0.1961412338900328
0.1961412338900328
0.1961412338900328
0.1961412338900328
0.1961412338900328
0.19621749408983452
0.19629375428963625
0.19629375428963625
0.19629375428963625
0.19637001448943797
0.19637001448943797
0.19637001448943797
0.19652253488904142
0.19659879508884312
0.19659879508884312
0.19659879508884312
0.19659879508884312
0.19659879508884312
0.19659879508884312
0.19659879508884312
0.19659879508884312
0.19659879508884312
0.19659879508884312
0.19659879508884312
0.19659879508884312
0.19659879508884312
0.19659879508884312
0.19667505528864485
0.19667505528864485
0.19667505528864485
0.19675131548844657
0.19675131548844657
0.19675131548844657
0.1968275756882483
0.1968275756882483
0.19690383588805002
0.19690383588805002
0.19698009608785175
0.19705635628765347
0.19720887668725692
0.19720887668725692
0.19736139708686037
0.19736139708686037
0.19736139708686037
0.1974376572866621
0.1974376572866621
0.19751391748646382
0.19759017768626555
0.19759017768626555
0.19759017768626555
0.19759017768626555
0.19759017768626555
0.19759017768626555
0.19759017768626555
0.19766643788606725
0.19766643788606725
0.19766643788606725
0.19766643788606725
0.19766643788606725
0.19766643788606725
0.19766643788606725
0.19766643788606725
0.19774269808586897
0.19774269808586897
0.1978189582856707
0.1978189582856707
0.19789521848547242
0.19789521848547242
0.19789521848547242
0.19789521848547242
0.19789521848547242
0.19789521848547242
0.19797147868527415
0.19797147868527415
0.19804773888507587
0.19804773888507587
0.19804773888507587
0.1981239990848776
0.19820025928467933
0.19820025928467933
0.19827651948448105
0.19827651948448105
0.19835277968428278
0.19835277968428278
0.19835277968428278
0.19850530008388623
0.19850530008388623
0.19858156028368795
0.19858156028368795
0.19858156028368795
0.19858156028368795
0.19865782048348968
0.1987340806832914
0.1987340806832914
0.1988103408830931
0.1988103408830931
0.1988103408830931
0.19888660108289483
0.19903912148249828
0.19903912148249828
0.19903912148249828
0.19903912148249828
0.19903912148249828
0.1991153816823
0.1991153816823
0.19919164188210173
0.19919164188210173
0.19919164188210173
0.19926790208190345
0.19934416228170518
0.19934416228170518
0.1994204224815069
0.1994204224815069
0.1994204224815069
0.1994204224815069
0.1994204224815069
0.1994204224815069
0.1994204224815069
0.19949668268130863
0.19949668268130863
0.19949668268130863
0.19949668268130863
0.19949668268130863
0.19949668268130863
0.19949668268130863
0.19949668268130863
0.19949668268130863
0.19949668268130863
0.19949668268130863
0.19949668268130863
0.19949668268130863
0.19949668268130863
0.19949668268130863
0.19957294288111035
0.19957294288111035
0.19957294288111035
0.19964920308091208
0.19964920308091208
0.19964920308091208
0.19964920308091208
0.19964920308091208
0.1997254632807138
0.19980172348051553
0.19980172348051553
0.19980172348051553
0.19987798368031726
0.19995424388011895
0.19995424388011895
0.20003050407992068
0.2001067642797224
0.2001067642797224
0.2001067642797224
0.2001067642797224
0.20018302447952413
0.20025928467932586
0.20033554487912758
0.20033554487912758
0.20033554487912758
0.20033554487912758
0.20033554487912758
0.20033554487912758
0.2004118050789293
0.2004118050789293
0.2004118050789293
0.2004118050789293
0.2004118050789293
0.2004118050789293
0.2004118050789293
0.20064058567833448
0.20079310607793793
0.20086936627773966
0.20094562647754138
0.20094562647754138
0.20102188667734308
0.20102188667734308
0.2010981468771448
0.2010981468771448
0.2010981468771448
0.2010981468771448
0.2010981468771448
0.2010981468771448
0.2010981468771448
0.20117440707694653
0.20117440707694653
0.20125066727674826
0.20125066727674826
0.20125066727674826
0.20132692747654998
0.20132692747654998
0.20132692747654998
0.20132692747654998
0.20132692747654998
0.2014031876763517
0.2014031876763517
0.2014031876763517
0.2014031876763517
0.2014031876763517
0.2014031876763517
0.2014031876763517
0.2014031876763517
0.2014031876763517
0.2014031876763517
0.20147944787615343
0.20155570807595516
0.20155570807595516
0.20155570807595516
0.20155570807595516
0.20163196827575688
0.20163196827575688
0.20163196827575688
0.20163196827575688
0.20163196827575688
0.2017082284755586
0.2017082284755586
0.20178448867536034
0.20193700907496379
0.20193700907496379
0.2020132692747655
0.2020132692747655
0.2020132692747655
0.2020132692747655
0.2020132692747655
0.2020132692747655
0.2020132692747655
0.2020132692747655
0.2020132692747655
0.2020132692747655
0.2020132692747655
0.2020132692747655
0.2020132692747655
0.2020132692747655
0.2020132692747655
0.2020132692747655
0.2020132692747655
0.2020132692747655
0.2020132692747655
0.2020132692747655
0.2020132692747655
0.2020132692747655
0.20216578967436893
0.20216578967436893
0.20216578967436893
0.20216578967436893
0.20224204987417066
0.20224204987417066
0.20224204987417066
0.20224204987417066
0.20224204987417066
0.20224204987417066
0.20224204987417066
0.20224204987417066
0.20224204987417066
0.20224204987417066
0.20224204987417066
0.20231831007397238
0.2023945702737741
0.2023945702737741
0.2023945702737741
0.2023945702737741
0.2023945702737741
0.2023945702737741
0.2023945702737741
0.2023945702737741
0.2023945702737741
0.20254709067337756
0.20254709067337756
0.20254709067337756
0.20254709067337756
0.20254709067337756
0.20254709067337756
0.20254709067337756
0.20254709067337756
0.2026233508731793
0.2026233508731793
0.2026233508731793
0.2026233508731793
0.2026233508731793
0.202699611072981
0.20277587127278274
0.20285213147258446
0.20285213147258446
0.20285213147258446
0.20285213147258446
0.20285213147258446
0.20285213147258446
0.20285213147258446
0.20285213147258446
0.20285213147258446
0.20285213147258446
0.20285213147258446
0.2029283916723862
0.2029283916723862
0.2029283916723862
0.2029283916723862
0.2029283916723862
0.2029283916723862
0.2029283916723862
0.2029283916723862
0.2029283916723862
0.2029283916723862
0.2029283916723862
0.2030046518721879
0.2030046518721879
0.20308091207198964
0.20308091207198964
0.20308091207198964
0.20308091207198964
0.20315717227179136
0.20315717227179136
0.20315717227179136
0.20315717227179136
0.20315717227179136
0.20323343247159306
0.20323343247159306
0.20323343247159306
0.20323343247159306
0.20323343247159306
0.20323343247159306
0.2033096926713948
0.2033096926713948
0.2033096926713948
0.2033859528711965
0.2033859528711965
0.2033859528711965
0.20346221307099824
0.20346221307099824
0.20346221307099824
0.20346221307099824
0.20346221307099824
0.20346221307099824
0.20346221307099824
0.20346221307099824
0.20346221307099824
0.20353847327079996
0.2036147334706017
0.20369099367040341
0.20376725387020514
0.20376725387020514
0.20376725387020514
0.20376725387020514
0.20376725387020514
0.20376725387020514
0.20376725387020514
0.20376725387020514
0.20384351407000686
0.2039197742698086
0.2039197742698086
0.20399603446961032
0.20414855486921377
0.2042248150690155
0.20430107526881722
0.20430107526881722
0.20437733546861891
0.20437733546861891
0.20437733546861891
0.20437733546861891
0.20437733546861891
0.20437733546861891
0.20437733546861891
0.20437733546861891
0.20437733546861891
0.20445359566842064
0.20445359566842064
0.20445359566842064
0.20445359566842064
0.20452985586822237
0.20452985586822237
0.2046061160680241
0.2046061160680241
0.2046061160680241
0.20475863646762754
0.20475863646762754
0.20475863646762754
0.20475863646762754
0.20475863646762754
0.20475863646762754
0.20475863646762754
0.20475863646762754
0.20475863646762754
0.20475863646762754
0.20483489666742927
0.20483489666742927
0.20483489666742927
0.20483489666742927
0.20483489666742927
0.20483489666742927
0.20483489666742927
0.20483489666742927
0.20483489666742927
0.204911156867231
0.204911156867231
0.204911156867231
0.20498741706703272
0.20498741706703272
0.20498741706703272
0.20506367726683444
0.20506367726683444
0.20506367726683444
0.20506367726683444
0.20506367726683444
0.20513993746663617
0.20513993746663617
0.20513993746663617
0.20513993746663617
0.20513993746663617
0.20513993746663617
0.20513993746663617
0.20513993746663617
0.2052161976664379
0.20529245786623962
0.20529245786623962
0.20529245786623962
0.20529245786623962
0.20529245786623962
0.20529245786623962
0.20529245786623962
0.20529245786623962
0.20529245786623962
0.20529245786623962
0.20536871806604134
0.20536871806604134
0.20536871806604134
0.20536871806604134
0.20536871806604134
0.20536871806604134
0.20536871806604134
0.20544497826584307
0.20544497826584307
0.20544497826584307
0.20544497826584307
0.20544497826584307
0.20544497826584307
