0.005109433386715473
0.007931060779379242
0.009990086174025775
0.010828948371844734
0.012201631968275757
0.013726835964310227
0.015023259360939525
0.016700983756577442
0.017844886753603295
0.019522611149241212
0.02120033554487913
0.022649279341111873
0.02409822313734462
0.0250133455349653
0.025928467932585984
0.02722489132921528
0.027911233127430792
0.028368794326241134
0.028826355525051476
0.029207656524060092
0.029436437123465265
0.02997025852207733
0.030199039121482498
0.030809120719896287
0.03088538091969801
0.0314954625181118
0.032181804316327306
0.0324868451155342
0.03286814611454282
0.032944406314344546
0.03332570731335316
0.033630748112560054
0.033630748112560054
0.03370700831236178
0.03385952871196522
0.03416456951117212
0.03462213070998246
0.03469839090978418
0.03469839090978418
0.034774651109585906
0.03492717150918936
0.0350796919087928
0.0350796919087928
0.03530847250819797
0.03546099290780142
0.035613513307404865
0.035613513307404865
0.035613513307404865
0.035766033707008316
0.035842293906810034
0.035842293906810034
0.035994814306413485
0.0360710745062152
0.03614733470601693
0.03629985510562038
0.0363761153054221
0.036604895904827274
0.03675741630443072
0.03690993670403416
0.03698619690383589
0.03698619690383589
0.03698619690383589
0.037214977503241056
0.03729123770304278
0.03729123770304278
0.03744375810264623
0.037596278502249676
0.037825059101654845
0.037977579501258296
0.037977579501258296
0.038206360100663465
0.038282620300465184
0.038282620300465184
0.038435140700068635
0.03851140089987036
0.03851140089987036
0.038663921299473804
0.03889270189887897
0.0389689620986807
0.039045222298482424
0.03919774269808587
0.03919774269808587
0.03927400289788759
0.03927400289788759
0.03927400289788759
0.03935026309768932
0.03935026309768932
0.03942652329749104
0.03965530389689621
0.03965530389689621
0.03973156409669793
0.03980782429649966
0.03980782429649966
0.040036604895904826
0.04011286509570655
0.04011286509570655
0.04011286509570655
0.04011286509570655
0.04011286509570655
0.04018912529550828
0.04018912529550828
0.04034164569511172
0.04034164569511172
0.040417905894913446
0.040417905894913446
0.040646686494318615
0.04072294669412034
0.04072294669412034
0.04079920689392206
0.040875467093723784
0.041104247693128954
0.041104247693128954
0.04118050789293068
0.04118050789293068
0.041256768092732404
0.04133302829253413
0.04140928849233585
0.041485548692137574
0.041485548692137574
0.0415618088919393
0.04171432929154274
0.041866849691146193
0.04194310989094791
0.04209563029055136
0.04217189049035309
0.042248150690154807
0.04232441088995653
0.04232441088995653
0.04232441088995653
0.042476931289559976
0.042629451689163426
0.04270571188896515
0.04278197208876687
0.04293449248837032
0.043010752688172046
0.04316327308777549
0.04316327308777549
0.04339205368718066
0.043468313886982385
0.043468313886982385
0.043468313886982385
0.043468313886982385
0.04362083428658583
0.04362083428658583
0.04362083428658583
0.043697094486387554
0.043697094486387554
0.043697094486387554
0.043697094486387554
0.043697094486387554
0.043697094486387554
0.043697094486387554
0.043697094486387554
0.043697094486387554
0.04377335468618928
0.04392587508579272
0.04392587508579272
0.04415465568519789
0.04423091588499962
0.04423091588499962
0.04423091588499962
0.04430717608480134
0.04430717608480134
0.04430717608480134
0.04430717608480134
0.04445969648440479
0.04445969648440479
0.04453595668420651
0.04453595668420651
0.04453595668420651
0.04453595668420651
0.04453595668420651
0.04453595668420651
0.04461221688400824
0.04461221688400824
0.04461221688400824
0.04461221688400824
0.04461221688400824
0.04461221688400824
0.04461221688400824
0.04461221688400824
0.044688477083809956
0.044688477083809956
0.04484099748341341
0.04484099748341341
0.04491725768321513
0.04491725768321513
0.04499351788301685
0.04499351788301685
0.04499351788301685
0.0451460382826203
0.0451460382826203
0.0451460382826203
0.0451460382826203
0.0451460382826203
0.0451460382826203
0.04522229848242203
0.04522229848242203
0.04522229848242203
0.04522229848242203
0.045298558682223745
0.045298558682223745
0.045298558682223745
0.045298558682223745
0.045298558682223745
0.045298558682223745
0.045527339281628915
0.04575611988103409
0.04575611988103409
0.04575611988103409
0.04575611988103409
0.04575611988103409
0.04575611988103409
0.04583238008083581
0.046061160680240985
0.046061160680240985
0.046061160680240985
0.046061160680240985
0.046061160680240985
0.046137420880042704
0.04621368107984443
0.046289941279646155
0.04636620147944787
0.04636620147944787
0.046518721879051324
0.04667124227865477
0.04667124227865477
0.04674750247845649
0.04674750247845649
0.046900022878059944
0.046900022878059944
0.046900022878059944
0.04705254327766339
0.04705254327766339
0.04705254327766339
0.04712880347746511
0.04720506367726683
0.04720506367726683
0.04728132387706856
0.04728132387706856
0.04743384427667201
0.04743384427667201
0.04743384427667201
0.04758636467627545
0.04766262487607718
0.0477388850758789
0.04781514527568062
0.047891405475482346
0.04796766567528407
0.04796766567528407
0.04796766567528407
0.04796766567528407
0.04796766567528407
0.04804392587508579
0.04804392587508579
0.04819644627468924
0.04842522687409441
0.04857774727369786
0.04857774727369786
0.048730267673301304
0.04880652787310303
0.04888278807290475
0.048959048272706474
0.0490353084725082
0.0490353084725082
0.049111568672309924
0.049111568672309924
0.049111568672309924
0.049111568672309924
0.049111568672309924
0.049111568672309924
0.049111568672309924
0.04926408907191337
0.04926408907191337
0.049340349271715093
0.049340349271715093
0.049340349271715093
0.049340349271715093
0.049340349271715093
0.049340349271715093
0.04941660947151681
0.04949286967131854
0.04956912987112026
0.04964539007092199
0.04964539007092199
0.04979791047052543
0.04979791047052543
0.04987417067032716
0.04987417067032716
0.04987417067032716
0.04987417067032716
0.04987417067032716
0.04987417067032716
0.04995043087012888
0.04995043087012888
0.04995043087012888
0.04995043087012888
0.0500266910699306
0.050102951269732326
0.05025547166933577
0.05025547166933577
0.05025547166933577
0.05025547166933577
0.05025547166933577
0.05025547166933577
0.05025547166933577
0.050331731869137496
0.050331731869137496
0.050331731869137496
0.050331731869137496
0.05040799206893922
0.050484252268740946
0.05078929306794784
0.05078929306794784
0.05086555326774956
0.05086555326774956
0.05086555326774956
0.050941813467551285
0.050941813467551285
0.050941813467551285
0.050941813467551285
0.05109433386715473
0.05109433386715473
0.05109433386715473
0.051323114466559905
0.051323114466559905
0.051323114466559905
0.051323114466559905
0.051323114466559905
0.05139937466636162
0.05139937466636162
0.05147563486616335
0.051551895065965074
0.051551895065965074
0.051551895065965074
0.0516281552657668
0.0516281552657668
0.0516281552657668
0.0516281552657668
0.0516281552657668
0.0516281552657668
0.0516281552657668
0.05170441546556852
0.05170441546556852
0.05185693586517197
0.05200945626477541
0.05208571646457714
0.05216197666437886
0.05231449706398231
0.05239075726378403
0.05239075726378403
0.05246701746358576
0.05246701746358576
0.05246701746358576
0.05246701746358576
0.052543277663387476
0.0526195378631892
0.0526195378631892
0.0526195378631892
0.0526195378631892
0.05269579806299093
0.05269579806299093
0.052772058262792645
0.052772058262792645
0.05284831846259437
0.05284831846259437
0.05284831846259437
0.05284831846259437
0.05300083886219782
0.05300083886219782
0.05300083886219782
0.05300083886219782
0.05300083886219782
0.05300083886219782
0.05300083886219782
0.05300083886219782
0.05300083886219782
0.05300083886219782
0.05300083886219782
0.05300083886219782
0.05300083886219782
0.05300083886219782
0.05300083886219782
0.05300083886219782
0.05300083886219782
0.05300083886219782
0.05307709906199954
0.05307709906199954
0.05322961946160299
0.05322961946160299
0.053305879661404716
0.053305879661404716
0.05345840006100816
0.05345840006100816
0.05345840006100816
0.05345840006100816
0.05345840006100816
0.05345840006100816
0.05345840006100816
0.05345840006100816
0.05345840006100816
0.05345840006100816
0.05345840006100816
0.05345840006100816
0.05345840006100816
0.05345840006100816
0.053534660260809885
0.053534660260809885
0.053610920460611604
0.053610920460611604
0.053610920460611604
0.053610920460611604
0.053610920460611604
0.05368718066041333
0.05368718066041333
0.053763440860215055
0.053763440860215055
0.053992221459620224
0.05406848165942195
0.054144741859223675
0.05422100205902539
0.05422100205902539
0.05429726225882712
0.054373522458628844
0.05452604285823229
0.05460230305803401
0.05467856325783574
0.05467856325783574
0.05467856325783574
0.05475482345763746
0.05483108365743918
0.054983604057042626
0.054983604057042626
0.054983604057042626
0.054983604057042626
0.054983604057042626
0.05513612445664608
0.0552123846564478
0.055364905056051246
0.055364905056051246
0.055364905056051246
0.05544116525585297
0.05544116525585297
0.05544116525585297
0.05544116525585297
0.0555174254556547
0.0555174254556547
0.0555174254556547
0.0555174254556547
0.0555174254556547
0.0555174254556547
0.0555174254556547
0.0555174254556547
0.0555174254556547
0.0555174254556547
0.055593685655456415
0.055593685655456415
0.055593685655456415
0.055593685655456415
0.05566994585525814
0.055746206055059866
0.055822466254861584
0.05589872645466331
0.05589872645466331
0.05589872645466331
0.05589872645466331
0.05589872645466331
0.055974986654465035
0.055974986654465035
0.055974986654465035
0.055974986654465035
0.055974986654465035
0.05605124685426676
0.05612750705406848
0.05612750705406848
0.056203767253870204
0.05628002745367193
0.05628002745367193
0.05628002745367193
0.056356287653473655
0.056356287653473655
0.056356287653473655
0.056356287653473655
0.056356287653473655
0.056356287653473655
0.056356287653473655
0.056356287653473655
0.056356287653473655
0.056356287653473655
0.056356287653473655
0.0565088080530771
0.0565088080530771
0.0565088080530771
0.0565088080530771
0.0565088080530771
0.0565088080530771
0.0565088080530771
0.0565088080530771
0.0565088080530771
0.05666132845268054
0.05673758865248227
0.05673758865248227
0.05673758865248227
0.05673758865248227
0.05673758865248227
0.05673758865248227
0.056813848852283994
0.05689010905208572
0.05689010905208572
0.05696636925188744
0.05696636925188744
0.05696636925188744
0.05696636925188744
0.05696636925188744
0.05696636925188744
0.05696636925188744
0.05696636925188744
0.05696636925188744
0.05696636925188744
0.05696636925188744
0.05696636925188744
0.05696636925188744
0.05696636925188744
0.05704262945168916
0.05711888965149089
0.057195149851292613
0.05727141005109433
0.05727141005109433
0.05727141005109433
0.05734767025089606
0.05742393045069778
0.0575001906504995
0.0575001906504995
0.0575001906504995
0.0575001906504995
0.0575001906504995
0.0575001906504995
0.0575001906504995
0.0575001906504995
0.0575001906504995
0.057576450850301227
0.057576450850301227
0.05765271105010295
0.05765271105010295
0.05765271105010295
0.05772897124990468
0.05772897124990468
0.05772897124990468
0.05772897124990468
0.057805231449706396
0.057805231449706396
0.057957751849309846
0.057957751849309846
0.057957751849309846
0.05803401204911157
0.05811027224891329
0.05811027224891329
0.05811027224891329
0.05811027224891329
0.05811027224891329
0.058186532448715016
0.058186532448715016
0.058186532448715016
0.058186532448715016
0.058186532448715016
0.058186532448715016
0.058186532448715016
0.058186532448715016
0.058186532448715016
0.058186532448715016
0.058186532448715016
0.058186532448715016
0.05826279264851674
0.05826279264851674
0.05826279264851674
0.05826279264851674
0.05826279264851674
0.05833905284831846
0.058415313048120185
0.058415313048120185
0.05849157324792191
0.05849157324792191
0.05849157324792191
0.05849157324792191
0.058567833447723636
0.058567833447723636
0.058567833447723636
0.058567833447723636
0.05872035384732708
0.05872035384732708
0.05872035384732708
0.05872035384732708
0.05872035384732708
0.05872035384732708
0.05872035384732708
0.05872035384732708
0.05872035384732708
0.05872035384732708
0.05872035384732708
0.05872035384732708
0.05872035384732708
0.058796614047128805
0.058796614047128805
0.058796614047128805
0.058796614047128805
0.058796614047128805
0.058796614047128805
0.058796614047128805
0.05887287424693053
0.05887287424693053
0.05887287424693053
0.05894913444673225
0.059025394646533974
0.0591016548463357
0.0591016548463357
0.0591016548463357
0.0591016548463357
0.0591016548463357
0.0591016548463357
0.0591016548463357
0.05917791504613742
0.05917791504613742
0.05917791504613742
0.05917791504613742
0.05917791504613742
0.05917791504613742
0.05917791504613742
0.05925417524593914
0.05925417524593914
0.05925417524593914
0.05933043544574087
0.05933043544574087
0.059406695645542594
0.05948295584534431
0.05948295584534431
0.05948295584534431
0.05948295584534431
0.05948295584534431
0.05948295584534431
0.05948295584534431
0.05948295584534431
0.05948295584534431
0.05948295584534431
0.05948295584534431
0.05948295584534431
0.05948295584534431
0.05948295584534431
0.05948295584534431
0.05955921604514604
0.05955921604514604
0.05955921604514604
0.05955921604514604
0.05955921604514604
0.05955921604514604
0.05955921604514604
0.05955921604514604
0.05963547624494776
0.05963547624494776
0.05963547624494776
0.05963547624494776
0.05963547624494776
0.05963547624494776
0.05971173644474949
0.05971173644474949
0.05971173644474949
0.05978799664455121
0.05978799664455121
0.05986425684435293
0.05994051704415466
0.05994051704415466
0.060016777243956376
0.060016777243956376
0.060016777243956376
0.060016777243956376
0.060016777243956376
0.060016777243956376
0.060016777243956376
0.060016777243956376
0.060016777243956376
0.060016777243956376
0.060016777243956376
0.0600930374437581
0.0600930374437581
0.0600930374437581
0.0600930374437581
0.06016929764355983
0.06024555784336155
0.06024555784336155
0.06024555784336155
0.06024555784336155
0.06024555784336155
0.06024555784336155
0.06024555784336155
0.06032181804316327
0.060398078242964996
0.060398078242964996
0.060398078242964996
0.060398078242964996
0.06047433844276672
0.06047433844276672
0.06047433844276672
0.06047433844276672
0.06047433844276672
0.06047433844276672
0.06055059864256845
0.06055059864256845
0.060626858842370165
0.060626858842370165
0.06070311904217189
0.06070311904217189
0.06070311904217189
0.06070311904217189
0.06070311904217189
0.06070311904217189
0.06070311904217189
0.06070311904217189
0.06070311904217189
0.06070311904217189
0.06070311904217189
0.060779379241973616
0.060779379241973616
0.060779379241973616
0.060779379241973616
0.060779379241973616
0.060779379241973616
0.060779379241973616
0.060779379241973616
0.060779379241973616
0.060779379241973616
0.060779379241973616
0.060779379241973616
0.060779379241973616
0.060779379241973616
0.060855639441775335
0.060855639441775335
0.060855639441775335
0.06093189964157706
0.06093189964157706
0.06093189964157706
0.06093189964157706
0.06093189964157706
0.061008159841378785
0.061008159841378785
0.061008159841378785
0.061008159841378785
0.06108442004118051
0.06108442004118051
0.06108442004118051
0.06108442004118051
0.06108442004118051
0.06108442004118051
0.06108442004118051
0.06108442004118051
0.061236940440783955
0.061236940440783955
0.061236940440783955
0.061236940440783955
0.061236940440783955
0.06131320064058568
0.06131320064058568
0.06131320064058568
0.06131320064058568
0.06131320064058568
0.0613894608403874
0.061465721040189124
0.061465721040189124
0.061465721040189124
0.061465721040189124
0.061465721040189124
0.061465721040189124
0.06154198123999085
0.06154198123999085
0.06154198123999085
0.06154198123999085
0.06154198123999085
0.061618241439792575
0.06169450163959429
0.06169450163959429
0.06169450163959429
0.06169450163959429
0.06169450163959429
0.06169450163959429
0.06169450163959429
0.06169450163959429
0.06169450163959429
0.06169450163959429
0.06169450163959429
0.06169450163959429
0.06169450163959429
0.06169450163959429
0.06169450163959429
0.06177076183939602
0.06177076183939602
0.06177076183939602
0.061847022039197744
0.061847022039197744
0.061847022039197744
0.061847022039197744
0.061847022039197744
0.061847022039197744
0.061847022039197744
0.06192328223899947
0.06192328223899947
0.06192328223899947
0.06192328223899947
0.06199954243880119
0.06199954243880119
0.06199954243880119
0.06199954243880119
0.06199954243880119
0.06199954243880119
0.06199954243880119
0.06199954243880119
0.06199954243880119
0.06199954243880119
0.06199954243880119
0.06199954243880119
0.06199954243880119
0.06199954243880119
0.06199954243880119
0.06199954243880119
0.06199954243880119
0.06199954243880119
0.06199954243880119
0.06199954243880119
0.06199954243880119
0.06199954243880119
0.06199954243880119
0.06199954243880119
0.06199954243880119
0.06199954243880119
0.06199954243880119
0.06207580263860291
0.06207580263860291
0.06222832303820636
0.06222832303820636
0.06222832303820636
0.06238084343780981
0.06238084343780981
0.06238084343780981
0.06238084343780981
0.06238084343780981
0.06238084343780981
0.06245710363761153
0.06245710363761153
0.06245710363761153
0.06245710363761153
0.06245710363761153
0.06245710363761153
0.06245710363761153
0.06253336383741326
0.06253336383741326
0.06253336383741326
0.06253336383741326
0.06253336383741326
0.06253336383741326
0.06260962403721498
0.06260962403721498
0.06260962403721498
0.06260962403721498
0.06260962403721498
0.06260962403721498
0.06260962403721498
0.06260962403721498
0.06260962403721498
0.06260962403721498
0.06260962403721498
0.06260962403721498
0.06260962403721498
0.06260962403721498
0.06260962403721498
0.0626858842370167
0.06276214443681842
0.06283840463662015
0.06283840463662015
0.06291466483642187
0.06291466483642187
0.0629909250362236
0.0629909250362236
0.0629909250362236
0.06306718523602532
0.06306718523602532
0.06314344543582705
0.06314344543582705
0.06314344543582705
0.06321970563562876
0.06329596583543048
0.06337222603523221
0.06337222603523221
0.06337222603523221
0.06337222603523221
0.06337222603523221
0.06337222603523221
0.06344848623503394
0.06344848623503394
0.06344848623503394
0.06344848623503394
0.06352474643483566
0.06367726683443911
0.06367726683443911
0.06375352703424082
0.06375352703424082
0.06375352703424082
0.06375352703424082
0.06375352703424082
0.06375352703424082
0.06375352703424082
0.06375352703424082
0.06375352703424082
0.06375352703424082
0.06375352703424082
0.06375352703424082
0.06375352703424082
0.06375352703424082
0.06375352703424082
0.06375352703424082
0.06375352703424082
0.06375352703424082
0.06375352703424082
0.06375352703424082
0.06375352703424082
0.06375352703424082
0.06375352703424082
0.06375352703424082
0.06382978723404255
0.06382978723404255
0.06382978723404255
0.06382978723404255
0.06382978723404255
0.06382978723404255
0.06390604743384427
0.06390604743384427
0.06390604743384427
0.06390604743384427
0.06390604743384427
0.06390604743384427
0.06390604743384427
0.06390604743384427
0.06390604743384427
0.06390604743384427
0.06390604743384427
0.06390604743384427
0.063982307633646
0.063982307633646
0.063982307633646
0.063982307633646
0.063982307633646
0.063982307633646
0.06405856783344772
0.06405856783344772
0.06405856783344772
0.06405856783344772
0.06405856783344772
0.06405856783344772
0.06413482803324945
0.06421108823305118
0.06421108823305118
0.06421108823305118
0.06421108823305118
0.0642873484328529
0.06436360863265461
0.06436360863265461
0.06436360863265461
0.06436360863265461
0.06436360863265461
0.06436360863265461
0.06436360863265461
0.06451612903225806
0.06459238923205979
0.06459238923205979
0.06459238923205979
0.06466864943186151
0.06474490963166324
0.06474490963166324
0.06474490963166324
0.06474490963166324
0.06474490963166324
0.06474490963166324
0.06474490963166324
0.06482116983146496
0.06482116983146496
0.06489743003126668
0.0649736902310684
0.0649736902310684
0.0649736902310684
0.0649736902310684
0.0649736902310684
0.0649736902310684
0.0649736902310684
0.0649736902310684
0.0649736902310684
0.06504995043087013
0.06520247083047358
0.06520247083047358
0.06520247083047358
0.06520247083047358
0.06520247083047358
0.06520247083047358
0.06520247083047358
0.06535499123007703
0.06535499123007703
