0.028834203330847626
0.03939845886154611
0.04623415361670395
0.05101913994531444
0.05456127268207805
0.05760626398210291
0.05953268704946557
0.06201839423315934
0.06469052945563013
0.0664926671638081
0.06754909271687795
0.06941337310464828
0.07065622669649516
0.07202336564752672
0.07301764852100423
0.07401193139448173
0.07506835694755158
0.07624906785980612
0.07730549341287596
0.07780263484961472
0.07910763112105394
0.07991548595575441
0.08097191150882425
0.08177976634352473
0.08227690778026349
0.08308476261496396
0.08389261744966443
0.08445190156599552
0.08519761372110365
0.08606761123539647
0.08693760874968928
0.08749689286602039
0.08818046234153616
0.08867760377827492
0.08905045985582899
0.08954760129256774
0.0899204573701218
0.09029331344767587
0.09097688292319164
0.09159830971911509
0.09221973651503852
0.09253044991300025
0.09290330599055431
0.0935868754660701
0.0940218742232165
0.09439473030077057
0.0947054436987323
0.095016157096694
0.09557544121302511
0.09601043997017152
0.09663186676609495
0.09700472284364901
0.0976882923191648
0.09812329107631121
0.09843400447427293
0.09911757394978872
0.09930400198856575
0.0998011434253045
0.10004971414367388
0.10042257022122794
0.10098185433755903
0.10129256773552076
0.10172756649266716
0.10203827989062889
0.10241113596818295
0.10303256276410638
0.10340541884166045
0.10377827491921451
0.10415113099676858
0.10452398707432264
0.10477255779269203
0.10483470047228437
0.10508327119065373
0.10539398458861546
0.1058911260253542
0.10620183942331593
0.10663683818046234
0.10694755157842406
0.1071339796172011
0.10763112105393985
0.10819040517027094
0.10831469052945562
0.108563261247825
0.10887397464578673
0.10899826000497141
0.1092468307233408
0.10980611483967188
0.11017897091722595
0.11048968431518767
0.1106761123539647
0.11086254039274174
0.11098682575192642
0.11129753914988814
0.11167039522744221
0.11191896594581158
0.11198110862540393
0.11241610738255034
0.11272682078051205
0.11291324881928909
0.11328610489684315
0.11359681829480488
0.11384538901317424
0.11409395973154363
0.114342530449913
0.11459110116828237
0.11471538652746706
0.1149018145662441
0.11527467064379816
0.11558538404175989
0.11577181208053691
0.1160203827989063
0.11620681083768332
0.11664180959482973
0.11707680835197613
0.11720109371116083
0.1174496644295302
0.1180089485458613
0.11831966194382301
0.11850608998260005
0.1185682326621924
0.11881680338056178
0.11912751677852348
0.11943823017648521
0.11962465821526225
0.11981108625403927
0.11993537161322396
0.11999751429281631
0.12030822769077802
0.12043251304996272
0.12086751180710913
0.1211160825254785
0.12142679592344022
0.1215510812826249
0.12192393736017897
0.12204822271936366
0.12229679343773303
0.12229679343773303
0.12235893611732537
0.12248322147651007
0.12273179219487944
0.12298036291324882
0.1232289336316182
0.12329107631121054
0.12329107631121054
0.12347750434998757
0.12372607506835695
0.12378821774794929
0.12385036042754163
0.12397464578672632
0.12397464578672632
0.12409893114591102
0.12434750186428038
0.1246582152622421
0.12484464330101915
0.12490678598061149
0.12509321401938853
0.12509321401938853
0.12546607009694258
0.1256524981357196
0.125901068854089
0.12614963957245837
0.12639821029082773
0.12652249565001242
0.12658463832960476
0.1267710663683818
0.1267710663683818
0.1268953517275665
0.12708177976634352
0.1272060651255282
0.12726820780512055
0.12726820780512055
0.12757892120308229
0.12757892120308229
0.12770320656226697
0.127889634601044
0.12801391996022868
0.12813820531941336
0.1282003479990057
0.12832463335819042
0.12838677603778276
0.1284489187173751
0.1284489187173751
0.12851106139696744
0.12863534675615212
0.12882177479492915
0.1288839174745215
0.12900820283370618
0.12907034551329855
0.1293189162316679
0.1294432015908526
0.12969177230922196
0.12987820034799902
0.12994034302759136
0.13012677106636839
0.13025105642555307
0.13037534178473775
0.13049962714392244
0.13056176982351478
0.1306860551826995
0.13074819786229183
0.13081034054188417
0.13105891126025354
0.13118319661943822
0.1313074819786229
0.1313074819786229
0.13143176733780762
0.1315560526969923
0.13161819537658465
0.13180462341536167
0.13192890877454636
0.1319910514541387
0.1319910514541387
0.1319910514541387
0.13205319413373104
0.13217747949291572
0.13217747949291572
0.13217747949291572
0.1322396221725081
0.13242605021128512
0.1325503355704698
0.13273676360924683
0.1328610489684315
0.13292319164802385
0.1331096196868009
0.1332339050459856
0.13335819040517027
0.13342033308476262
0.13348247576435496
0.1335446184439473
0.1335446184439473
0.13366890380313198
0.13379318916231667
0.13379318916231667
0.13385533184190904
0.13391747452150138
0.13391747452150138
0.13397961720109372
0.13397961720109372
0.13404175988068606
0.13416604523987075
0.1342281879194631
0.1344146159582401
0.13447675863783246
0.1345389013174248
0.13460104399701714
0.13460104399701714
0.1346631866766095
0.13472532935620185
0.13472532935620185
0.1347874720357942
0.13484961471538653
0.13484961471538653
0.13484961471538653
0.13484961471538653
0.13491175739497888
0.13491175739497888
0.13503604275416356
0.13516032811334824
0.13522247079294059
0.13528461347253293
0.1354088988317176
0.1354088988317176
0.13553318419090232
0.13559532687049466
0.1357817549092717
0.1357817549092717
0.1357817549092717
0.13590604026845637
0.13603032562764106
0.13615461098682574
0.13615461098682574
0.13621675366641808
0.13621675366641808
0.1363410390256028
0.13652746706437982
0.13658960974397216
0.13658960974397216
0.13658960974397216
0.1366517524235645
0.1367760377827492
0.13683818046234153
0.13683818046234153
0.13683818046234153
0.13702460850111856
0.13702460850111856
0.13708675118071093
0.13714889386030327
0.13714889386030327
0.13714889386030327
0.13714889386030327
0.13727317921948795
0.1373353218990803
0.1373353218990803
0.1373353218990803
0.13745960725826498
0.13752174993785732
0.137646035297042
0.137646035297042
0.137646035297042
0.13783246333581903
0.13783246333581903
0.13795674869500374
0.13795674869500374
0.13801889137459608
0.13808103405418842
0.13808103405418842
0.13814317673378076
0.1382053194133731
0.1382053194133731
0.1382053194133731
0.1383296047725578
0.13839174745215013
0.13845389013174247
0.13845389013174247
0.13845389013174247
0.13851603281133482
0.13851603281133482
0.13857817549092716
0.13857817549092716
0.13870246085011187
0.13870246085011187
0.1387646035297042
0.1387646035297042
0.13882674620929655
0.1388888888888889
0.13895103156848124
0.13895103156848124
0.13895103156848124
0.13895103156848124
0.13901317424807358
0.13913745960725826
0.13926174496644295
0.1393238876460353
0.13938603032562763
0.13938603032562763
0.13951031568481234
0.13951031568481234
0.13951031568481234
0.13957245836440468
0.13957245836440468
0.13957245836440468
0.13957245836440468
0.13957245836440468
0.13957245836440468
0.13969674372358937
0.13982102908277405
0.13982102908277405
0.14000745712155108
0.14013174248073576
0.14013174248073576
0.1401938851603281
0.14025602783992044
0.1403181705195128
0.1403181705195128
0.14050459855828984
0.14050459855828984
0.14056674123788218
0.14062888391747452
0.14069102659706686
0.14081531195625155
0.14081531195625155
0.14081531195625155
0.14081531195625155
0.14081531195625155
0.1408774546358439
0.1408774546358439
0.1408774546358439
0.14093959731543623
0.14100173999502857
0.14100173999502857
0.14100173999502857
0.14112602535421329
0.14118816803380563
0.14118816803380563
0.14118816803380563
0.14137459607258265
0.14149888143176734
0.14149888143176734
0.14156102411135968
0.14156102411135968
0.14162316679095202
0.14168530947054436
0.1418717375093214
0.1418717375093214
0.1418717375093214
0.14193388018891376
0.14205816554809844
0.14224459358687547
0.14236887894606015
0.14236887894606015
0.14236887894606015
0.14236887894606015
0.14236887894606015
0.1424310216256525
0.14249316430524483
0.14249316430524483
0.14255530698483718
0.14274173502361423
0.14280387770320657
0.14286602038279891
0.14286602038279891
0.1429903057419836
0.14305244842157594
0.14305244842157594
0.14305244842157594
0.14311459110116828
0.14311459110116828
0.14311459110116828
0.14317673378076062
0.14323887646035297
0.14323887646035297
0.1433010191399453
0.1433010191399453
0.1433010191399453
0.1433010191399453
0.1433010191399453
0.14336316181953765
0.14342530449913
0.14342530449913
0.14342530449913
0.14342530449913
0.14342530449913
0.14342530449913
0.14348744717872233
0.1435495898583147
0.1435495898583147
0.14361173253790704
0.14361173253790704
0.14361173253790704
0.14361173253790704
0.14361173253790704
0.14373601789709173
0.14373601789709173
0.14373601789709173
0.14373601789709173
0.14373601789709173
0.14373601789709173
0.14379816057668407
0.14379816057668407
0.14379816057668407
0.1438603032562764
0.1438603032562764
0.1439845886154611
0.1439845886154611
0.1439845886154611
0.14404673129505344
0.14404673129505344
0.14404673129505344
0.14410887397464578
0.14410887397464578
0.14417101665423812
0.14423315933383046
0.14429530201342283
0.14429530201342283
0.14429530201342283
0.14435744469301517
0.14441958737260752
0.14448173005219986
0.14448173005219986
0.14448173005219986
0.14460601541138454
0.14460601541138454
0.14460601541138454
0.14466815809097688
0.14473030077056923
0.14473030077056923
0.1448545861297539
0.1448545861297539
0.1448545861297539
0.1448545861297539
0.1448545861297539
0.1448545861297539
0.14491672880934625
0.1451031568481233
0.1451031568481233
0.1451031568481233
0.1451031568481233
0.14516529952771565
0.145227442207308
0.145227442207308
0.14528958488690033
0.14528958488690033
0.14528958488690033
0.14528958488690033
0.14535172756649267
0.14535172756649267
0.14541387024608501
0.14547601292567736
0.1455381556052697
0.1455381556052697
0.14560029828486204
0.14566244096445438
0.14572458364404672
0.14572458364404672
0.14572458364404672
0.1458488690032314
0.1458488690032314
0.14591101168282378
0.14597315436241612
0.14603529704200846
0.1460974397216008
0.1460974397216008
0.1460974397216008
0.14615958240119314
0.14615958240119314
0.14628386776037783
0.14634601043997017
0.1464081531195625
0.1464081531195625
0.1464081531195625
0.1464081531195625
0.1464081531195625
0.1464081531195625
0.1464081531195625
0.14647029579915485
0.14647029579915485
0.14647029579915485
0.14647029579915485
0.14647029579915485
0.14647029579915485
0.14647029579915485
0.1465324384787472
0.1465324384787472
0.14665672383793188
0.14665672383793188
0.14671886651752425
0.14671886651752425
0.14671886651752425
0.1467810091971166
0.1467810091971166
0.1467810091971166
0.14684315187670893
0.14684315187670893
0.14684315187670893
0.14684315187670893
0.14684315187670893
0.14690529455630127
0.14690529455630127
0.14690529455630127
0.14696743723589362
0.14696743723589362
0.14696743723589362
0.14696743723589362
0.14696743723589362
0.14702957991548596
0.14702957991548596
0.14702957991548596
0.14702957991548596
0.1470917225950783
0.1470917225950783
0.14715386527467064
0.14721600795426298
0.14721600795426298
0.14721600795426298
0.14721600795426298
0.14734029331344767
0.14746457867263235
0.14752672135222472
0.14752672135222472
0.14752672135222472
0.14758886403181706
0.14758886403181706
0.14758886403181706
0.1476510067114094
0.1476510067114094
0.1476510067114094
0.1476510067114094
0.1476510067114094
0.1477752920705941
0.14783743475018643
0.14783743475018643
0.14783743475018643
0.14783743475018643
0.14783743475018643
0.14783743475018643
0.14783743475018643
0.14783743475018643
0.14783743475018643
0.14783743475018643
0.14783743475018643
0.14789957742977877
0.1480860054685558
0.1480860054685558
0.1480860054685558
0.1480860054685558
0.1480860054685558
0.1480860054685558
0.1480860054685558
0.1480860054685558
0.14821029082774048
0.14827243350733282
0.14827243350733282
0.14827243350733282
0.14827243350733282
0.14827243350733282
0.14827243350733282
0.14827243350733282
0.1483345761869252
0.14839671886651754
0.14845886154610988
0.14845886154610988
0.14852100422570222
0.14858314690529456
0.14858314690529456
0.14858314690529456
0.14858314690529456
0.14858314690529456
0.14858314690529456
0.14858314690529456
0.14858314690529456
0.14858314690529456
0.14858314690529456
0.14858314690529456
0.14858314690529456
0.14858314690529456
0.14858314690529456
0.14858314690529456
0.14858314690529456
0.14858314690529456
0.14858314690529456
0.14858314690529456
0.1486452895848869
0.1486452895848869
0.1486452895848869
0.1486452895848869
0.1486452895848869
0.1486452895848869
0.1486452895848869
0.1486452895848869
0.1486452895848869
0.1486452895848869
0.1486452895848869
0.1486452895848869
0.1486452895848869
0.1486452895848869
0.1486452895848869
0.1486452895848869
0.14870743226447924
0.14870743226447924
0.1487695749440716
0.14883171762366393
0.14883171762366393
0.14889386030325627
0.1489560029828486
0.1489560029828486
0.14901814566244095
0.14901814566244095
0.14901814566244095
0.14901814566244095
0.1490802883420333
0.1490802883420333
0.1490802883420333
0.1490802883420333
0.14914243102162567
0.14914243102162567
0.14914243102162567
0.14914243102162567
0.14914243102162567
0.149204573701218
0.1493288590604027
0.14939100173999503
0.14939100173999503
0.14945314441958737
0.14945314441958737
0.14945314441958737
0.14945314441958737
0.14945314441958737
0.14945314441958737
0.14945314441958737
0.14951528709917972
0.14951528709917972
0.14951528709917972
0.14957742977877206
0.14957742977877206
0.14957742977877206
0.14957742977877206
0.1496395724583644
0.1496395724583644
0.14970171513795674
0.14970171513795674
0.14970171513795674
0.14970171513795674
0.14970171513795674
0.14976385781754908
0.14982600049714143
0.14982600049714143
0.14982600049714143
0.14982600049714143
0.14982600049714143
0.14982600049714143
0.14982600049714143
0.14982600049714143
0.14988814317673377
0.14988814317673377
0.15007457121551082
0.15007457121551082
0.15013671389510316
0.15013671389510316
0.15013671389510316
0.15013671389510316
0.15013671389510316
0.15013671389510316
0.15013671389510316
0.15013671389510316
0.15013671389510316
0.15013671389510316
0.15013671389510316
0.15013671389510316
0.1501988565746955
0.1501988565746955
0.15026099925428785
0.15026099925428785
0.15026099925428785
0.15026099925428785
0.15026099925428785
0.15026099925428785
0.15026099925428785
0.1503231419338802
0.1503231419338802
0.1503231419338802
0.1503231419338802
0.15038528461347253
0.15038528461347253
0.15038528461347253
0.15038528461347253
0.15038528461347253
0.15038528461347253
0.15038528461347253
0.15050956997265721
0.15050956997265721
0.15050956997265721
0.15050956997265721
0.15050956997265721
0.1506338553318419
0.15069599801143424
0.1507581406910266
0.1507581406910266
0.1507581406910266
0.15082028337061895
0.1508824260502113
0.1508824260502113
0.1508824260502113
0.1508824260502113
0.15100671140939598
0.15100671140939598
0.15100671140939598
0.15100671140939598
0.15100671140939598
0.15106885408898832
0.15106885408898832
0.15106885408898832
0.15113099676858066
0.15113099676858066
0.151193139448173
0.15125528212776534
0.15125528212776534
0.15137956748695003
0.15137956748695003
0.15144171016654237
0.15144171016654237
0.15144171016654237
0.15156599552572708
0.15162813820531942
0.15162813820531942
0.15162813820531942
0.15169028088491177
0.15169028088491177
0.15169028088491177
0.15169028088491177
0.1517524235645041
0.1517524235645041
0.15181456624409645
0.15181456624409645
0.15181456624409645
0.1518767089236888
0.1518767089236888
0.1518767089236888
0.1518767089236888
0.1518767089236888
0.15193885160328113
0.15200099428287348
0.15206313696246582
0.15206313696246582
0.15206313696246582
0.15206313696246582
0.15212527964205816
0.1521874223216505
0.1521874223216505
0.15224956500124284
0.15237385036042755
0.1524359930400199
0.15249813571961224
0.15249813571961224
0.15249813571961224
0.15256027839920458
0.15256027839920458
0.15256027839920458
0.15256027839920458
0.15262242107879692
0.15262242107879692
0.15262242107879692
0.15262242107879692
0.15262242107879692
0.15268456375838926
0.1527467064379816
0.1527467064379816
0.1527467064379816
0.1527467064379816
0.15280884911757395
0.1528709917971663
0.1528709917971663
0.1528709917971663
0.1528709917971663
0.1528709917971663
0.15293313447675863
0.15299527715635097
0.15305741983594331
0.15311956251553566
0.15311956251553566
0.15311956251553566
0.15311956251553566
0.15318170519512803
0.15324384787472037
0.1533059905543127
0.1533059905543127
0.1533059905543127
0.1533059905543127
0.1533059905543127
0.1533059905543127
0.1533059905543127
0.1533059905543127
0.1533059905543127
0.1533059905543127
0.15336813323390505
0.15336813323390505
0.15336813323390505
0.15336813323390505
0.15336813323390505
0.15336813323390505
0.15336813323390505
0.1534302759134974
0.1534302759134974
0.1534302759134974
0.1534302759134974
0.15349241859308974
0.15349241859308974
0.15349241859308974
0.15349241859308974
0.15349241859308974
0.15349241859308974
0.15355456127268208
0.15355456127268208
0.15355456127268208
0.15355456127268208
0.15355456127268208
0.15355456127268208
0.15355456127268208
0.15355456127268208
0.15355456127268208
0.15355456127268208
0.15355456127268208
0.15361670395227442
0.15361670395227442
0.15361670395227442
0.15361670395227442
0.15367884663186676
0.1537409893114591
0.1537409893114591
0.1537409893114591
0.1537409893114591
0.1537409893114591
0.1537409893114591
0.1537409893114591
0.1537409893114591
0.1537409893114591
0.1537409893114591
0.15380313199105144
0.1538652746706438
0.1538652746706438
0.1538652746706438
0.1538652746706438
0.1538652746706438
0.1538652746706438
0.1538652746706438
0.1538652746706438
0.1538652746706438
0.1538652746706438
0.1538652746706438
0.1538652746706438
0.1538652746706438
0.1538652746706438
0.1538652746706438
0.1538652746706438
0.1538652746706438
0.1538652746706438
0.1538652746706438
0.1538652746706438
0.1538652746706438
0.15392741735023613
0.15392741735023613
0.15392741735023613
0.1539895600298285
0.1539895600298285
0.1539895600298285
0.1539895600298285
0.15405170270942084
0.15405170270942084
0.15411384538901318
0.15411384538901318
0.15411384538901318
0.15417598806860552
0.15417598806860552
0.15423813074819787
0.15423813074819787
0.1543002734277902
0.15436241610738255
0.15436241610738255
0.15436241610738255
0.15436241610738255
0.15436241610738255
0.15436241610738255
0.15436241610738255
0.15436241610738255
0.15436241610738255
0.15436241610738255
0.15436241610738255
0.15436241610738255
0.15436241610738255
0.15436241610738255
0.15436241610738255
0.15436241610738255
0.15436241610738255
0.15436241610738255
0.15436241610738255
0.15436241610738255
0.1544245587869749
0.1544245587869749
0.15448670146656723
0.15454884414615958
0.15461098682575192
0.15461098682575192
0.15461098682575192
0.15461098682575192
0.15461098682575192
0.15461098682575192
0.15461098682575192
0.15461098682575192
0.15467312950534426
0.15467312950534426
0.15467312950534426
0.15467312950534426
0.15467312950534426
0.15467312950534426
0.15467312950534426
0.1547352721849366
0.15479741486452897
0.15479741486452897
0.1548595575441213
0.1548595575441213
0.1548595575441213
0.15492170022371365
0.15492170022371365
0.15492170022371365
0.15492170022371365
0.15492170022371365
0.15492170022371365
0.15492170022371365
0.15492170022371365
0.15492170022371365
0.15492170022371365
0.15492170022371365
0.154983842903306
0.154983842903306
0.154983842903306
0.15504598558289834
0.15510812826249068
0.15510812826249068
0.15510812826249068
0.15510812826249068
0.15523241362167536
0.1552945563012677
0.1552945563012677
0.15535669898086005
0.15535669898086005
0.1554188416604524
0.1554188416604524
0.1554188416604524
0.15548098434004473
0.15560526969922944
0.15560526969922944
0.15566741237882178
0.15566741237882178
0.15566741237882178
0.15566741237882178
0.15566741237882178
0.15572955505841413
0.15572955505841413
0.15572955505841413
0.15572955505841413
0.15579169773800647
0.15579169773800647
