0.028834203330847626
0.03939845886154611
0.04623415361670395
0.05101913994531444
0.054499130002485706
0.05741983594332588
0.05947054436987323
0.06164553815560527
0.06382053194133731
0.065933383047477
0.06730052199850857
0.0686055182699478
0.07022122793934875
0.071712652249565
0.07270693512304251
0.07363907531692766
0.07463335819040517
0.0759383544618444
0.0769326373353219
0.07767834949043002
0.07885906040268456
0.07966691523738503
0.08066119811086254
0.0815933383047477
0.08215262242107879
0.08289833457618692
0.0837061894108874
0.0842654735272185
0.08488690032314193
0.08588118319661944
0.08662689535172757
0.08755903554561273
0.08811831966194382
0.08849117573949788
0.08898831717623663
0.08942331593338304
0.08985831469052946
0.09041759880686055
0.09079045488441462
0.09153616703952275
0.09215759383544618
0.09253044991300025
0.09284116331096197
0.0935868754660701
0.09408401690280885
0.09433258762117823
0.0945811583395476
0.0951404424558787
0.09538901317424807
0.09601043997017152
0.09644543872731792
0.09688043748446433
0.09743972160079542
0.09787472035794184
0.09837186179468059
0.098806860551827
0.09930400198856575
0.09992542878448919
0.10004971414367388
0.10067114093959731
0.10098185433755903
0.1013547104151131
0.10172756649266716
0.10216256524981357
0.10241113596818295
0.10303256276410638
0.10340541884166045
0.10371613223962217
0.10421327367636092
0.10452398707432264
0.10464827243350733
0.10489684315187671
0.10514541387024609
0.1054561272682078
0.10576684066616952
0.10632612478250063
0.10663683818046234
0.1070096942580164
0.10707183693760874
0.10750683569475515
0.10794183445190157
0.10825254784986328
0.10843897588864032
0.10862540392741735
0.10899826000497141
0.10930897340293314
0.10986825751926423
0.11024111359681829
0.11055182699478001
0.11073825503355705
0.11092468307233408
0.11098682575192642
0.11129753914988814
0.1117946805866269
0.11204325130499627
0.11216753666418096
0.11254039274173502
0.11272682078051205
0.11297539149888143
0.11328610489684315
0.11359681829480488
0.11396967437235894
0.11415610241113597
0.11452895848869003
0.11465324384787472
0.11477752920705941
0.11496395724583644
0.11539895600298285
0.11570966940094457
0.1158960974397216
0.11608252547849864
0.11626895351727566
0.11670395227442207
0.11713895103156848
0.11726323639075317
0.11763609246830724
0.11807109122545364
0.11844394730300771
0.11863037534178474
0.11869251802137708
0.11887894606015412
0.11925180213770818
0.11943823017648521
0.11974894357444693
0.11987322893363161
0.11993537161322396
0.12005965697240865
0.12030822769077802
0.12061894108873975
0.12086751180710913
0.12117822520507084
0.12136465324384788
0.1216753666418096
0.12192393736017897
0.12217250807854835
0.12235893611732537
0.12235893611732537
0.12248322147651007
0.12260750683569475
0.12291822023365648
0.12316679095202585
0.12329107631121054
0.12329107631121054
0.12335321899080288
0.12366393238876461
0.12378821774794929
0.12391250310713398
0.12409893114591102
0.1242232165050957
0.12428535918468804
0.12440964454387274
0.12472035794183445
0.12484464330101915
0.12496892866020383
0.12515535669898087
0.1252174993785732
0.12552821277653492
0.12571464081531195
0.12583892617449666
0.12614963957245837
0.12639821029082773
0.12658463832960476
0.12664678100919713
0.12695749440715884
0.12695749440715884
0.12701963708675118
0.12714392244593586
0.12726820780512055
0.1273303504847129
0.1273303504847129
0.12751677852348994
0.12764106388267463
0.1277653492418593
0.12782749192145165
0.12801391996022868
0.12807606263982102
0.12813820531941336
0.12832463335819042
0.12832463335819042
0.1284489187173751
0.1284489187173751
0.12863534675615212
0.12882177479492915
0.12894606015411383
0.12900820283370618
0.12907034551329855
0.1291324881928909
0.12919463087248323
0.1293189162316679
0.12956748695003728
0.12981605766840665
0.1300024857071837
0.13018891374596073
0.13025105642555307
0.1303131991051454
0.1304374844643301
0.13049962714392244
0.13049962714392244
0.13056176982351478
0.1306860551826995
0.13093462590106886
0.13112105393984588
0.13124533929903057
0.13136962465821525
0.1315560526969923
0.131680338056177
0.131680338056177
0.13180462341536167
0.1319910514541387
0.1319910514541387
0.1319910514541387
0.1319910514541387
0.13211533681332338
0.1322396221725081
0.13230176485210043
0.13236390753169278
0.13248819289087746
0.13261247825006214
0.13273676360924683
0.1328610489684315
0.13304747700720856
0.13304747700720856
0.13317176236639325
0.13335819040517027
0.13335819040517027
0.13342033308476262
0.13348247576435496
0.13360676112353964
0.13366890380313198
0.13366890380313198
0.13379318916231667
0.13379318916231667
0.13379318916231667
0.13385533184190904
0.13385533184190904
0.13397961720109372
0.13404175988068606
0.13404175988068606
0.1342281879194631
0.13429033059905543
0.13435247327864777
0.13447675863783246
0.13460104399701714
0.1346631866766095
0.1346631866766095
0.13472532935620185
0.13472532935620185
0.13472532935620185
0.13484961471538653
0.13484961471538653
0.13484961471538653
0.13484961471538653
0.13491175739497888
0.13503604275416356
0.13503604275416356
0.13503604275416356
0.1350981854337559
0.13516032811334824
0.13528461347253293
0.13528461347253293
0.13534675615212527
0.1354088988317176
0.13571961222967935
0.13584389758886403
0.13584389758886403
0.13590604026845637
0.13596818294804872
0.13596818294804872
0.13596818294804872
0.13603032562764106
0.13615461098682574
0.13615461098682574
0.13627889634601045
0.13627889634601045
0.13640318170519514
0.13640318170519514
0.13652746706437982
0.13652746706437982
0.1366517524235645
0.13671389510315685
0.13671389510315685
0.1367760377827492
0.13683818046234153
0.1369624658215262
0.1369624658215262
0.1369624658215262
0.13708675118071093
0.13708675118071093
0.13708675118071093
0.1372110365398956
0.13727317921948795
0.13727317921948795
0.13727317921948795
0.13745960725826498
0.13745960725826498
0.137646035297042
0.13770817797663434
0.13770817797663434
0.13777032065622669
0.13777032065622669
0.13783246333581903
0.1378946060154114
0.1378946060154114
0.13795674869500374
0.13795674869500374
0.13801889137459608
0.1382053194133731
0.13826746209296545
0.13839174745215013
0.13839174745215013
0.13845389013174247
0.13845389013174247
0.13845389013174247
0.13845389013174247
0.13845389013174247
0.13845389013174247
0.13845389013174247
0.13851603281133482
0.13851603281133482
0.13857817549092716
0.13857817549092716
0.13870246085011187
0.13870246085011187
0.13882674620929655
0.13895103156848124
0.13895103156848124
0.13901317424807358
0.13913745960725826
0.1391996022868506
0.1393238876460353
0.1393238876460353
0.13938603032562763
0.13938603032562763
0.13938603032562763
0.13944817300521997
0.13944817300521997
0.13944817300521997
0.13944817300521997
0.13951031568481234
0.13963460104399703
0.13963460104399703
0.13963460104399703
0.1397588864031817
0.13982102908277405
0.13994531444195873
0.13994531444195873
0.14000745712155108
0.14000745712155108
0.14006959980114342
0.14013174248073576
0.1401938851603281
0.14025602783992044
0.1403181705195128
0.1404424558786975
0.14056674123788218
0.14056674123788218
0.14069102659706686
0.14081531195625155
0.14081531195625155
0.14081531195625155
0.14081531195625155
0.14081531195625155
0.1408774546358439
0.14093959731543623
0.14093959731543623
0.14100173999502857
0.14106388267462092
0.14106388267462092
0.14106388267462092
0.14112602535421329
0.14112602535421329
0.14118816803380563
0.14125031071339797
0.14125031071339797
0.1413124533929903
0.14137459607258265
0.141436738752175
0.14149888143176734
0.14156102411135968
0.14156102411135968
0.14162316679095202
0.14180959482972905
0.14193388018891376
0.1419960228685061
0.14205816554809844
0.14205816554809844
0.14205816554809844
0.14212030822769078
0.14212030822769078
0.14218245090728313
0.14218245090728313
0.14224459358687547
0.14236887894606015
0.1424310216256525
0.14249316430524483
0.14267959234402186
0.14267959234402186
0.14267959234402186
0.14267959234402186
0.14274173502361423
0.14274173502361423
0.14274173502361423
0.14274173502361423
0.14286602038279891
0.14286602038279891
0.14292816306239126
0.14292816306239126
0.1429903057419836
0.1429903057419836
0.1429903057419836
0.1429903057419836
0.14305244842157594
0.14305244842157594
0.14305244842157594
0.14305244842157594
0.14305244842157594
0.14305244842157594
0.14311459110116828
0.14311459110116828
0.14317673378076062
0.14317673378076062
0.14317673378076062
0.14317673378076062
0.14317673378076062
0.14317673378076062
0.14317673378076062
0.14323887646035297
0.14336316181953765
0.14336316181953765
0.14336316181953765
0.14336316181953765
0.14342530449913
0.14342530449913
0.14342530449913
0.14342530449913
0.14342530449913
0.14348744717872233
0.14348744717872233
0.14348744717872233
0.14348744717872233
0.14348744717872233
0.14361173253790704
0.14361173253790704
0.14361173253790704
0.14367387521749939
0.14373601789709173
0.14379816057668407
0.14379816057668407
0.14379816057668407
0.1438603032562764
0.14392244593586875
0.1439845886154611
0.14404673129505344
0.14410887397464578
0.14410887397464578
0.14410887397464578
0.14417101665423812
0.14417101665423812
0.14417101665423812
0.14423315933383046
0.14429530201342283
0.14435744469301517
0.14435744469301517
0.14435744469301517
0.14441958737260752
0.14448173005219986
0.14466815809097688
0.14466815809097688
0.14473030077056923
0.14473030077056923
0.14473030077056923
0.1448545861297539
0.1448545861297539
0.1448545861297539
0.1448545861297539
0.1448545861297539
0.1448545861297539
0.14491672880934625
0.1449788714889386
0.14504101416853094
0.1451031568481233
0.1451031568481233
0.14516529952771565
0.145227442207308
0.145227442207308
0.145227442207308
0.14535172756649267
0.14541387024608501
0.14541387024608501
0.14547601292567736
0.14547601292567736
0.1455381556052697
0.14560029828486204
0.14572458364404672
0.14572458364404672
0.14572458364404672
0.14578672632363907
0.14591101168282378
0.14597315436241612
0.14603529704200846
0.14603529704200846
0.14603529704200846
0.1460974397216008
0.1460974397216008
0.14615958240119314
0.14615958240119314
0.14615958240119314
0.14615958240119314
0.14615958240119314
0.14615958240119314
0.14615958240119314
0.14615958240119314
0.14615958240119314
0.14615958240119314
0.14615958240119314
0.14615958240119314
0.14615958240119314
0.1462217250807855
0.1462217250807855
0.1462217250807855
0.14628386776037783
0.14628386776037783
0.14628386776037783
0.14628386776037783
0.14628386776037783
0.14634601043997017
0.14634601043997017
0.14634601043997017
0.14634601043997017
0.14634601043997017
0.1464081531195625
0.1464081531195625
0.1464081531195625
0.1464081531195625
0.1464081531195625
0.14647029579915485
0.14647029579915485
0.14647029579915485
0.1465324384787472
0.14659458115833954
0.14659458115833954
0.14659458115833954
0.14665672383793188
0.14665672383793188
0.14665672383793188
0.14671886651752425
0.14671886651752425
0.1467810091971166
0.1467810091971166
0.14684315187670893
0.14690529455630127
0.14690529455630127
0.14696743723589362
0.14696743723589362
0.1470917225950783
0.1470917225950783
0.1470917225950783
0.1470917225950783
0.14715386527467064
0.14715386527467064
0.14715386527467064
0.14715386527467064
0.14727815063385533
0.14727815063385533
0.14734029331344767
0.14740243599304
0.14746457867263235
0.14746457867263235
0.14746457867263235
0.14746457867263235
0.14746457867263235
0.14746457867263235
0.14746457867263235
0.14746457867263235
0.14758886403181706
0.14771314939100175
0.14771314939100175
0.14771314939100175
0.14771314939100175
0.14771314939100175
0.14771314939100175
0.14771314939100175
0.14771314939100175
0.1477752920705941
0.1477752920705941
0.14783743475018643
0.14783743475018643
0.14783743475018643
0.14783743475018643
0.14783743475018643
0.14789957742977877
0.14796172010937111
0.14802386278896346
0.14802386278896346
0.14814814814814814
0.14814814814814814
0.14814814814814814
0.14814814814814814
0.14814814814814814
0.14814814814814814
0.14814814814814814
0.14814814814814814
0.14814814814814814
0.14814814814814814
0.14814814814814814
0.14814814814814814
0.14814814814814814
0.14814814814814814
0.14814814814814814
0.14814814814814814
0.14814814814814814
0.14814814814814814
0.14814814814814814
0.14814814814814814
0.14814814814814814
0.14821029082774048
0.14821029082774048
0.14821029082774048
0.14821029082774048
0.14821029082774048
0.14821029082774048
0.14821029082774048
0.14821029082774048
0.14821029082774048
0.14821029082774048
0.14821029082774048
0.14827243350733282
0.14827243350733282
0.1483345761869252
0.1483345761869252
0.1483345761869252
0.1483345761869252
0.1483345761869252
0.14839671886651754
0.14839671886651754
0.14839671886651754
0.14845886154610988
0.14852100422570222
0.14852100422570222
0.14852100422570222
0.14852100422570222
0.14852100422570222
0.14852100422570222
0.14852100422570222
0.14852100422570222
0.14852100422570222
0.14852100422570222
0.14852100422570222
0.1486452895848869
0.14870743226447924
0.1487695749440716
0.1487695749440716
0.1487695749440716
0.1487695749440716
0.14883171762366393
0.1489560029828486
0.1489560029828486
0.1489560029828486
0.14901814566244095
0.14901814566244095
0.1490802883420333
0.1490802883420333
0.1490802883420333
0.1490802883420333
0.1490802883420333
0.14914243102162567
0.14914243102162567
0.149204573701218
0.149204573701218
0.149204573701218
0.149204573701218
0.14926671638081035
0.14926671638081035
0.14926671638081035
0.14926671638081035
0.14926671638081035
0.14926671638081035
0.14926671638081035
0.14926671638081035
0.1493288590604027
0.1493288590604027
0.14939100173999503
0.14939100173999503
0.14939100173999503
0.14939100173999503
0.14945314441958737
0.14945314441958737
0.14951528709917972
0.14951528709917972
0.14951528709917972
0.14951528709917972
0.14951528709917972
0.14951528709917972
0.14951528709917972
0.14951528709917972
0.14951528709917972
0.14951528709917972
0.14951528709917972
0.14951528709917972
0.14951528709917972
0.14951528709917972
0.1496395724583644
0.14970171513795674
0.14970171513795674
0.14970171513795674
0.14970171513795674
0.14970171513795674
0.14970171513795674
0.14970171513795674
0.14976385781754908
0.14976385781754908
0.14976385781754908
0.14976385781754908
0.14988814317673377
0.14988814317673377
0.14988814317673377
0.14988814317673377
0.14995028585632614
0.14995028585632614
0.14995028585632614
0.15001242853591848
0.15001242853591848
0.15001242853591848
0.15007457121551082
0.15007457121551082
0.1501988565746955
0.15026099925428785
0.15026099925428785
0.15026099925428785
0.1503231419338802
0.15038528461347253
0.15038528461347253
0.15038528461347253
0.15038528461347253
0.15038528461347253
0.15038528461347253
0.15038528461347253
0.15044742729306487
0.15044742729306487
0.15044742729306487
0.15050956997265721
0.15050956997265721
0.15057171265224956
0.1506338553318419
0.1506338553318419
0.1506338553318419
0.1506338553318419
0.15069599801143424
0.1507581406910266
0.1507581406910266
0.1507581406910266
0.1507581406910266
0.15082028337061895
0.15082028337061895
0.15082028337061895
0.1508824260502113
0.1508824260502113
0.15094456872980364
0.15094456872980364
0.15094456872980364
0.15094456872980364
0.15100671140939598
0.15113099676858066
0.15113099676858066
0.15113099676858066
0.15113099676858066
0.151193139448173
0.151193139448173
0.151193139448173
0.15125528212776534
0.15125528212776534
0.1513174248073577
0.15137956748695003
0.15137956748695003
0.15137956748695003
0.15137956748695003
0.15144171016654237
0.1515038528461347
0.1515038528461347
0.1515038528461347
0.1515038528461347
0.15156599552572708
0.15156599552572708
0.15156599552572708
0.15156599552572708
0.15156599552572708
0.15156599552572708
0.15156599552572708
0.15156599552572708
0.15156599552572708
0.15162813820531942
0.15162813820531942
0.15162813820531942
0.1517524235645041
0.1517524235645041
0.1517524235645041
0.15181456624409645
0.1518767089236888
0.1518767089236888
0.1518767089236888
0.15200099428287348
0.15200099428287348
0.15200099428287348
0.15200099428287348
0.15200099428287348
0.15206313696246582
0.15212527964205816
0.15212527964205816
0.15212527964205816
0.1521874223216505
0.1521874223216505
0.1521874223216505
0.1521874223216505
0.15224956500124284
0.15224956500124284
0.15224956500124284
0.15224956500124284
0.15224956500124284
0.15224956500124284
0.15224956500124284
0.15224956500124284
0.15224956500124284
0.15224956500124284
0.15224956500124284
0.15224956500124284
0.15224956500124284
0.15224956500124284
0.15231170768083518
0.15237385036042755
0.15237385036042755
0.15237385036042755
0.15237385036042755
0.15237385036042755
0.15237385036042755
0.15237385036042755
0.15237385036042755
0.15237385036042755
0.15237385036042755
0.15237385036042755
0.15237385036042755
0.15237385036042755
0.1524359930400199
0.1524359930400199
0.1524359930400199
0.15249813571961224
0.15249813571961224
0.15249813571961224
0.15256027839920458
0.15256027839920458
0.15256027839920458
0.15256027839920458
0.15256027839920458
0.15256027839920458
0.15256027839920458
0.15256027839920458
0.15256027839920458
0.15256027839920458
0.15262242107879692
0.15262242107879692
0.15262242107879692
0.15268456375838926
0.15268456375838926
0.1527467064379816
0.1527467064379816
0.1527467064379816
0.15280884911757395
0.15280884911757395
0.15280884911757395
0.15280884911757395
0.15280884911757395
0.15280884911757395
0.1528709917971663
0.1528709917971663
0.1528709917971663
0.1528709917971663
0.1528709917971663
0.1528709917971663
0.1528709917971663
0.1528709917971663
0.1528709917971663
0.15293313447675863
0.15293313447675863
0.15293313447675863
0.15293313447675863
0.15293313447675863
0.15299527715635097
0.15305741983594331
0.15311956251553566
0.15318170519512803
0.15318170519512803
0.15318170519512803
0.15318170519512803
0.15318170519512803
0.15318170519512803
0.15318170519512803
0.15324384787472037
0.1533059905543127
0.15336813323390505
0.15336813323390505
0.15336813323390505
0.15336813323390505
0.1534302759134974
0.1534302759134974
0.1534302759134974
0.1534302759134974
0.15349241859308974
0.15349241859308974
0.15355456127268208
0.15355456127268208
0.15355456127268208
0.15355456127268208
0.15355456127268208
0.15355456127268208
0.15355456127268208
0.15355456127268208
0.15355456127268208
0.15355456127268208
0.15355456127268208
0.15355456127268208
0.15355456127268208
0.15355456127268208
0.15355456127268208
0.15361670395227442
0.15361670395227442
0.15367884663186676
0.15367884663186676
0.15367884663186676
0.15367884663186676
0.1537409893114591
0.1537409893114591
0.1538652746706438
0.1538652746706438
0.1538652746706438
0.1538652746706438
0.1538652746706438
0.1538652746706438
0.1538652746706438
0.1538652746706438
0.1538652746706438
0.1538652746706438
0.1538652746706438
0.15392741735023613
0.15392741735023613
0.15392741735023613
0.15392741735023613
0.15392741735023613
0.1539895600298285
0.1539895600298285
0.1539895600298285
0.1539895600298285
0.1539895600298285
0.1539895600298285
0.1539895600298285
0.15405170270942084
0.15405170270942084
0.15405170270942084
0.15411384538901318
0.15411384538901318
0.15417598806860552
0.15417598806860552
0.15417598806860552
0.15417598806860552
0.15417598806860552
0.15417598806860552
0.15417598806860552
0.15423813074819787
0.15423813074819787
0.15423813074819787
0.1543002734277902
0.15436241610738255
0.15436241610738255
0.15436241610738255
0.15436241610738255
0.15436241610738255
0.15436241610738255
0.15436241610738255
0.15436241610738255
0.15436241610738255
0.15436241610738255
0.15436241610738255
0.15436241610738255
0.15436241610738255
0.15436241610738255
0.15436241610738255
0.15436241610738255
0.15436241610738255
0.15436241610738255
0.15436241610738255
0.15436241610738255
0.15436241610738255
0.15436241610738255
0.15436241610738255
0.15436241610738255
0.15436241610738255
0.15436241610738255
0.15436241610738255
0.15436241610738255
0.15436241610738255
0.15436241610738255
0.15436241610738255
0.15436241610738255
