0.02578921203082277
0.0358563261247825
0.04219487944320159
0.04679343773303505
0.05139199602286851
0.05468555804126274
0.057730549341287594
0.06002982848620433
0.062391250310713395
0.06419338801889138
0.06611981108625405
0.06773552075565499
0.06941337310464828
0.07078051205567984
0.07220979368630376
0.07295550584141189
0.07426050211285111
0.07519264230673627
0.07612478250062142
0.07687049465572955
0.07798906288839175
0.07879691772309222
0.07941834451901567
0.08028834203330848
0.08134476758637832
0.08227690778026349
0.08351976137211037
0.08395476012925678
0.08476261496395725
0.0856947551578424
0.08637832463335819
0.08693760874968928
0.08755903554561273
0.08805617698235148
0.08855331841909023
0.08880188913745961
0.08917474521501367
0.0897961720109371
0.09023117076808351
0.09041759880686055
0.09116331096196868
0.0920333084762615
0.09265473527218494
0.093027591349739
0.09340044742729306
0.09395973154362416
0.09451901565995526
0.09495401441710166
0.09551329853343277
0.09594829729057917
0.09619686800894854
0.0966940094456873
0.09694258016405667
0.09706686552324137
0.09743972160079542
0.09799900571712652
0.09818543375590355
0.09855828983345762
0.09886900323141934
0.09930400198856575
0.09967685806611981
0.10011185682326622
0.1002361421824509
0.10054685558041263
0.10110613969674373
0.10141685309470544
0.10172756649266716
0.10210042257022123
0.10259756400695998
0.1029082774049217
0.10309470544369873
0.1033432761620681
0.10384041759880686
0.1040268456375839
0.10458612975391499
0.10489684315187671
0.10520755654983843
0.10539398458861546
0.10570469798657718
0.10576684066616952
0.1060154113845389
0.10620183942331593
0.10645041014168531
0.10694755157842406
0.10732040765597813
0.10750683569475515
0.10769326373353219
0.1081282624906786
0.10850111856823266
0.10868754660700969
0.10899826000497141
0.1092468307233408
0.10961968680089486
0.10986825751926423
0.11005468555804127
0.11048968431518767
0.1106761123539647
0.11086254039274174
0.1111111111111111
0.11167039522744221
0.11191896594581158
0.1122296793437733
0.11241610738255034
0.11291324881928909
0.11322396221725081
0.1133482475764355
0.11372110365398956
0.11390753169276659
0.11409395973154363
0.114342530449913
0.11465324384787472
0.11502609992542878
0.11539895600298285
0.11570966940094457
0.11614466815809098
0.11620681083768332
0.1164553815560527
0.11676609495401442
0.11695252299279145
0.11732537907034551
0.11751180710912254
0.11776037782749192
0.11776037782749192
0.1178846631866766
0.11819537658463833
0.11844394730300771
0.11875466070096942
0.11894108873974646
0.11906537409893114
0.11937608749689287
0.11962465821526225
0.11968680089485459
0.11981108625403927
0.11993537161322396
0.12024608501118568
0.12037037037037036
0.1205567984091474
0.12105393984588615
0.12136465324384788
0.12148893860303256
0.1215510812826249
0.12161322396221726
0.12192393736017897
0.12198608003977132
0.122110365398956
0.12223465075814069
0.12254536415610241
0.1226696495152871
0.1227939348744718
0.12298036291324882
0.12329107631121054
0.12353964702957991
0.12360178970917227
0.12372607506835695
0.12385036042754163
0.12416107382550336
0.12428535918468804
0.12447178722346508
0.12453392990305742
0.1246582152622421
0.1246582152622421
0.12478250062142679
0.12484464330101915
0.12509321401938853
0.12509321401938853
0.1252174993785732
0.12540392741735024
0.12552821277653492
0.12559035545612726
0.12596321153368134
0.12608749689286602
0.12639821029082773
0.12658463832960476
0.1268953517275665
0.1273303504847129
0.1273303504847129
0.1274546358438976
0.12751677852348994
0.12764106388267463
0.12770320656226697
0.12770320656226697
0.12782749192145165
0.12782749192145165
0.12807606263982102
0.1282003479990057
0.12838677603778276
0.1284489187173751
0.12857320407655978
0.12869748943574447
0.12869748943574447
0.1287596321153368
0.12894606015411383
0.12907034551329855
0.12907034551329855
0.12919463087248323
0.12925677355207557
0.12925677355207557
0.1294432015908526
0.12962962962962962
0.1297539149888143
0.12981605766840665
0.12987820034799902
0.13006462838677604
0.1303131991051454
0.13056176982351478
0.13074819786229183
0.13087248322147652
0.13093462590106886
0.13093462590106886
0.1309967685806612
0.13112105393984588
0.13118319661943822
0.1313074819786229
0.13143176733780762
0.13149391001739996
0.131680338056177
0.13174248073576933
0.13180462341536167
0.13180462341536167
0.131866766094954
0.1319910514541387
0.13205319413373104
0.13205319413373104
0.13230176485210043
0.1325503355704698
0.13267462092965449
0.1328610489684315
0.13304747700720856
0.13317176236639325
0.1332339050459856
0.13329604772557793
0.13342033308476262
0.13366890380313198
0.13366890380313198
0.13373104648272433
0.13385533184190904
0.13404175988068606
0.1341039025602784
0.1342281879194631
0.13435247327864777
0.1344146159582401
0.13447675863783246
0.1346631866766095
0.13484961471538653
0.13484961471538653
0.13491175739497888
0.1350981854337559
0.1350981854337559
0.13528461347253293
0.1354088988317176
0.13547104151130998
0.13559532687049466
0.13571961222967935
0.13584389758886403
0.13603032562764106
0.13615461098682574
0.13627889634601045
0.13652746706437982
0.13652746706437982
0.13658960974397216
0.13671389510315685
0.13671389510315685
0.1367760377827492
0.1367760377827492
0.13683818046234153
0.13708675118071093
0.13727317921948795
0.1373353218990803
0.13752174993785732
0.13758389261744966
0.13758389261744966
0.13758389261744966
0.13758389261744966
0.137646035297042
0.13777032065622669
0.13795674869500374
0.13808103405418842
0.13826746209296545
0.1383296047725578
0.13845389013174247
0.13851603281133482
0.1387646035297042
0.13882674620929655
0.13882674620929655
0.13882674620929655
0.13901317424807358
0.1391996022868506
0.13938603032562763
0.13951031568481234
0.13957245836440468
0.13957245836440468
0.1397588864031817
0.13982102908277405
0.14000745712155108
0.14006959980114342
0.14013174248073576
0.14013174248073576
0.1403181705195128
0.14038031319910516
0.14038031319910516
0.14038031319910516
0.14050459855828984
0.14050459855828984
0.14050459855828984
0.14056674123788218
0.14062888391747452
0.1407531692766592
0.14093959731543623
0.14100173999502857
0.14100173999502857
0.14118816803380563
0.141436738752175
0.141436738752175
0.141436738752175
0.141436738752175
0.14156102411135968
0.14156102411135968
0.1417474521501367
0.14193388018891376
0.1419960228685061
0.14224459358687547
0.1423067362664678
0.14255530698483718
0.14255530698483718
0.14261744966442952
0.14280387770320657
0.14280387770320657
0.14305244842157594
0.14305244842157594
0.14317673378076062
0.14323887646035297
0.1433010191399453
0.14342530449913
0.14348744717872233
0.14348744717872233
0.14348744717872233
0.1435495898583147
0.1435495898583147
0.14367387521749939
0.1438603032562764
0.1438603032562764
0.14392244593586875
0.14392244593586875
0.1439845886154611
0.14410887397464578
0.14410887397464578
0.14410887397464578
0.14423315933383046
0.14429530201342283
0.14435744469301517
0.14435744469301517
0.14435744469301517
0.1445438727317922
0.14460601541138454
0.14460601541138454
0.14466815809097688
0.14479244345016157
0.14479244345016157
0.1448545861297539
0.1448545861297539
0.1449788714889386
0.14504101416853094
0.14516529952771565
0.14516529952771565
0.145227442207308
0.145227442207308
0.14528958488690033
0.14528958488690033
0.14535172756649267
0.14535172756649267
0.14535172756649267
0.14535172756649267
0.14535172756649267
0.14535172756649267
0.14541387024608501
0.1455381556052697
0.14578672632363907
0.14591101168282378
0.14597315436241612
0.14597315436241612
0.1460974397216008
0.1462217250807855
0.1462217250807855
0.14634601043997017
0.14634601043997017
0.1464081531195625
0.14647029579915485
0.14659458115833954
0.14659458115833954
0.14659458115833954
0.14665672383793188
0.1467810091971166
0.14696743723589362
0.1470917225950783
0.14727815063385533
0.14727815063385533
0.14727815063385533
0.14734029331344767
0.14734029331344767
0.14740243599304
0.14752672135222472
0.14758886403181706
0.1477752920705941
0.1477752920705941
0.1477752920705941
0.14796172010937111
0.14796172010937111
0.14796172010937111
0.14796172010937111
0.14802386278896346
0.14802386278896346
0.14802386278896346
0.14802386278896346
0.1480860054685558
0.14814814814814814
0.14814814814814814
0.14821029082774048
0.14821029082774048
0.14821029082774048
0.1483345761869252
0.14839671886651754
0.14839671886651754
0.14839671886651754
0.14852100422570222
0.14852100422570222
0.14852100422570222
0.14852100422570222
0.14858314690529456
0.14858314690529456
0.14870743226447924
0.1489560029828486
0.14901814566244095
0.1490802883420333
0.1490802883420333
0.14914243102162567
0.14926671638081035
0.1493288590604027
0.14945314441958737
0.14945314441958737
0.1496395724583644
0.14970171513795674
0.14970171513795674
0.14970171513795674
0.14976385781754908
0.14976385781754908
0.14976385781754908
0.14982600049714143
0.14988814317673377
0.14995028585632614
0.15001242853591848
0.15007457121551082
0.15026099925428785
0.1503231419338802
0.1503231419338802
0.1503231419338802
0.1503231419338802
0.15044742729306487
0.15044742729306487
0.15044742729306487
0.15044742729306487
0.15044742729306487
0.15044742729306487
0.15050956997265721
0.15050956997265721
0.15050956997265721
0.15050956997265721
0.15050956997265721
0.15050956997265721
0.15050956997265721
0.15050956997265721
0.15050956997265721
0.15050956997265721
0.15050956997265721
0.15050956997265721
0.15050956997265721
0.15050956997265721
0.15050956997265721
0.15069599801143424
0.15069599801143424
0.1507581406910266
0.15082028337061895
0.1508824260502113
0.15094456872980364
0.15100671140939598
0.15100671140939598
0.15113099676858066
0.15113099676858066
0.15113099676858066
0.151193139448173
0.151193139448173
0.151193139448173
0.1513174248073577
0.15137956748695003
0.15144171016654237
0.15144171016654237
0.15156599552572708
0.15162813820531942
0.15162813820531942
0.15162813820531942
0.15169028088491177
0.1517524235645041
0.1517524235645041
0.1517524235645041
0.1517524235645041
0.15181456624409645
0.15193885160328113
0.15212527964205816
0.15212527964205816
0.15212527964205816
0.15212527964205816
0.1521874223216505
0.1521874223216505
0.1521874223216505
0.1521874223216505
0.1524359930400199
0.15262242107879692
0.15268456375838926
0.1527467064379816
0.1527467064379816
0.1527467064379816
0.15280884911757395
0.15280884911757395
0.1528709917971663
0.15293313447675863
0.15305741983594331
0.15311956251553566
0.15318170519512803
0.15318170519512803
0.15318170519512803
0.15318170519512803
0.15324384787472037
0.1533059905543127
0.1533059905543127
0.15336813323390505
0.15336813323390505
0.15336813323390505
0.1534302759134974
0.1534302759134974
0.1534302759134974
0.1534302759134974
0.15355456127268208
0.15361670395227442
0.15367884663186676
0.15367884663186676
0.15367884663186676
0.1537409893114591
0.15380313199105144
0.15380313199105144
0.1538652746706438
0.1539895600298285
0.1539895600298285
0.15405170270942084
0.15411384538901318
0.1543002734277902
0.1543002734277902
0.15436241610738255
0.1544245587869749
0.1544245587869749
0.15448670146656723
0.15448670146656723
0.15461098682575192
0.15461098682575192
0.15467312950534426
0.15467312950534426
0.15467312950534426
0.1547352721849366
0.1547352721849366
0.1547352721849366
0.1547352721849366
0.1547352721849366
0.15479741486452897
0.15479741486452897
0.15479741486452897
0.1548595575441213
0.1548595575441213
0.1548595575441213
0.15504598558289834
0.15504598558289834
0.15510812826249068
0.15510812826249068
0.15517027094208302
0.15523241362167536
0.1552945563012677
0.1552945563012677
0.1554188416604524
0.15548098434004473
0.15548098434004473
0.15554312701963707
0.15554312701963707
0.15560526969922944
0.15560526969922944
0.15566741237882178
0.15566741237882178
0.15566741237882178
0.15566741237882178
0.15572955505841413
0.15579169773800647
0.15579169773800647
0.15579169773800647
0.15579169773800647
0.1558538404175988
0.1558538404175988
0.1558538404175988
0.1558538404175988
0.15591598309719115
0.15591598309719115
0.1559781257767835
0.15604026845637584
0.15604026845637584
0.15604026845637584
0.15604026845637584
0.15604026845637584
0.15604026845637584
0.15604026845637584
0.15604026845637584
0.15604026845637584
0.15610241113596818
0.15610241113596818
0.15610241113596818
0.15616455381556052
0.15622669649515286
0.15622669649515286
0.15622669649515286
0.15622669649515286
0.1562888391747452
0.1562888391747452
0.1562888391747452
0.1562888391747452
0.1562888391747452
0.1562888391747452
0.1562888391747452
0.1562888391747452
0.1562888391747452
0.15635098185433757
0.15635098185433757
0.15635098185433757
0.15647526721352226
0.1565374098931146
0.15666169525229928
0.15666169525229928
0.15672383793189162
0.15672383793189162
0.15672383793189162
0.15672383793189162
0.15672383793189162
0.15678598061148397
0.15678598061148397
0.1568481232910763
0.15691026597066865
0.156972408650261
0.15703455132985333
0.15703455132985333
0.15703455132985333
0.15703455132985333
0.15709669400944568
0.15715883668903805
0.15715883668903805
0.15715883668903805
0.1572209793686304
0.15728312204822273
0.15728312204822273
0.15734526472781507
0.15734526472781507
0.15734526472781507
0.1574074074074074
0.15746955008699975
0.15746955008699975
0.15746955008699975
0.1575316927665921
0.1575316927665921
0.1575316927665921
0.15759383544618444
0.15759383544618444
0.15759383544618444
0.15765597812577678
0.15771812080536912
0.15771812080536912
0.1578424061645538
0.1578424061645538
0.15790454884414615
0.15790454884414615
0.15790454884414615
0.15790454884414615
0.15790454884414615
0.15796669152373852
0.15796669152373852
0.15796669152373852
0.15796669152373852
0.15802883420333086
0.15802883420333086
0.1580909768829232
0.1580909768829232
0.15815311956251554
0.15815311956251554
0.15815311956251554
0.15815311956251554
0.15815311956251554
0.15815311956251554
0.15815311956251554
0.15815311956251554
0.15815311956251554
0.15821526224210788
0.15827740492170023
0.15833954760129257
0.15833954760129257
0.1584016902808849
0.1584016902808849
0.1584016902808849
0.1584016902808849
0.15846383296047725
0.15846383296047725
0.15846383296047725
0.15846383296047725
0.15846383296047725
0.15846383296047725
0.1585259756400696
0.15858811831966194
0.15865026099925428
0.158774546358439
0.158774546358439
0.15883668903803133
0.15883668903803133
0.15883668903803133
0.15889883171762367
0.15889883171762367
0.15889883171762367
0.15896097439721601
0.15896097439721601
0.15902311707680836
0.15902311707680836
0.15902311707680836
0.15902311707680836
0.15902311707680836
0.15902311707680836
0.1590852597564007
0.15914740243599304
0.15927168779517772
0.15933383047477007
0.15933383047477007
0.1593959731543624
0.1593959731543624
0.1593959731543624
0.15945811583395475
0.15945811583395475
0.15958240119313946
0.15958240119313946
0.15958240119313946
0.1596445438727318
0.1596445438727318
0.15970668655232415
0.15970668655232415
0.15970668655232415
0.15970668655232415
0.15970668655232415
0.1597688292319165
0.1597688292319165
0.1597688292319165
0.1597688292319165
0.1597688292319165
0.1597688292319165
0.1597688292319165
0.1597688292319165
0.1597688292319165
0.15983097191150883
0.1599552572706935
0.1599552572706935
0.1599552572706935
0.1599552572706935
0.1600795426298782
0.1600795426298782
0.16014168530947054
0.16020382798906288
0.16020382798906288
0.16026597066865522
0.16026597066865522
0.16026597066865522
0.16026597066865522
0.16026597066865522
0.16039025602783993
0.16039025602783993
0.16045239870743228
0.16045239870743228
0.16045239870743228
0.16051454138702462
0.16057668406661696
0.16057668406661696
0.16057668406661696
0.16057668406661696
0.16057668406661696
0.16057668406661696
0.16057668406661696
0.16057668406661696
0.16057668406661696
0.16057668406661696
0.16057668406661696
0.16057668406661696
0.16057668406661696
0.1606388267462093
0.1606388267462093
0.1606388267462093
0.16070096942580164
0.16076311210539398
0.16076311210539398
0.16082525478498633
0.16082525478498633
0.16088739746457867
0.16088739746457867
0.16088739746457867
0.16088739746457867
0.16088739746457867
0.16101168282376335
0.16101168282376335
0.16101168282376335
0.16101168282376335
0.16101168282376335
0.16101168282376335
0.16101168282376335
0.16101168282376335
0.16101168282376335
0.16101168282376335
0.16101168282376335
0.16101168282376335
0.16101168282376335
0.16101168282376335
0.1610738255033557
0.1610738255033557
0.16113596818294804
0.1611981108625404
0.1611981108625404
0.1611981108625404
0.1611981108625404
0.1611981108625404
0.1611981108625404
0.16126025354213275
0.16126025354213275
0.1613223962217251
0.1613223962217251
0.1613223962217251
0.16138453890131743
0.16138453890131743
0.16144668158090977
0.16144668158090977
0.16144668158090977
0.16144668158090977
0.16157096694009446
0.1616331096196868
0.1616331096196868
0.16169525229927914
0.16181953765846382
0.16181953765846382
0.16188168033805617
0.16188168033805617
0.16188168033805617
0.16188168033805617
0.16188168033805617
0.1619438230176485
0.1619438230176485
0.1619438230176485
0.1619438230176485
0.1619438230176485
0.1619438230176485
0.16200596569724088
0.16206810837683322
0.16213025105642556
0.16213025105642556
0.16213025105642556
0.16213025105642556
0.16213025105642556
0.16213025105642556
0.1621923937360179
0.1621923937360179
0.1621923937360179
0.1621923937360179
0.1621923937360179
0.1621923937360179
0.1621923937360179
0.16225453641561025
0.1623166790952026
0.1623166790952026
0.1623166790952026
0.16237882177479493
0.16244096445438727
0.1625031071339796
0.1625031071339796
0.16256524981357195
0.1626273924931643
0.1626273924931643
0.1626273924931643
0.16268953517275664
0.16268953517275664
0.16268953517275664
0.16268953517275664
0.16268953517275664
0.16268953517275664
0.16268953517275664
0.16268953517275664
0.16275167785234898
0.16275167785234898
0.16275167785234898
0.16275167785234898
0.16275167785234898
0.16275167785234898
0.16281382053194135
0.16293810589112603
0.16293810589112603
0.16293810589112603
0.16293810589112603
0.16293810589112603
0.16293810589112603
0.16300024857071838
0.16300024857071838
0.16300024857071838
0.16300024857071838
0.16300024857071838
0.16300024857071838
0.16300024857071838
0.16306239125031072
0.16306239125031072
0.16306239125031072
0.16306239125031072
0.16306239125031072
0.16306239125031072
0.16306239125031072
0.16312453392990306
0.16312453392990306
0.16312453392990306
0.1631866766094954
0.1631866766094954
0.1631866766094954
0.1631866766094954
0.1631866766094954
0.1631866766094954
0.1631866766094954
0.1631866766094954
0.16324881928908774
0.16324881928908774
0.16324881928908774
0.16324881928908774
0.16324881928908774
0.16324881928908774
0.16324881928908774
0.16324881928908774
0.16324881928908774
0.16331096196868009
0.16331096196868009
0.16337310464827243
0.16343524732786477
0.1634973900074571
0.1634973900074571
0.1634973900074571
0.16355953268704945
0.16355953268704945
0.16362167536664182
0.16362167536664182
0.16362167536664182
0.16362167536664182
0.16362167536664182
0.16368381804623416
0.16368381804623416
0.16368381804623416
0.16368381804623416
0.16368381804623416
0.1637459607258265
0.1637459607258265
0.1637459607258265
0.16380810340541885
0.1638702460850112
0.1638702460850112
0.1638702460850112
0.1638702460850112
0.1638702460850112
0.1638702460850112
0.1638702460850112
0.1638702460850112
0.16393238876460353
0.16393238876460353
0.16393238876460353
0.16393238876460353
0.16393238876460353
0.16393238876460353
0.16393238876460353
0.16399453144419587
0.16399453144419587
0.16399453144419587
0.16405667412378822
0.16405667412378822
0.16405667412378822
0.16411881680338056
0.16411881680338056
0.1641809594829729
0.1641809594829729
0.1641809594829729
0.1641809594829729
0.1641809594829729
0.16424310216256524
0.16424310216256524
0.16424310216256524
0.16424310216256524
0.16430524484215758
0.16430524484215758
