0.015846383296047727
0.025416355953268705
0.03013919960228685
0.03287347750434999
0.03529704200845141
0.037037037037037035
0.03927417350236142
0.041200596569724086
0.04281630623912503
0.04399701715137957
0.04542629878200348
0.04635843897588864
0.04735272184936615
0.048595575441213026
0.04952771563509818
0.05052199850857569
0.051205567984091475
0.05207556549838429
0.05269699229430773
0.05344270444941586
0.0540641312453393
0.05474770072085508
0.055182699478001494
0.05605269699229431
0.056611981108625406
0.05698483718617947
0.05766840666169525
0.05822769077802635
0.058973402933134474
0.05965697240865026
0.06009197116579667
0.06058911260253542
0.06089982600049714
0.0613969674372359
0.061831966194382304
0.06208053691275168
0.06220482227193637
0.062453392990305744
0.0628262490678598
0.06313696246582153
0.06344767586378325
0.06388267462092966
0.06431767337807606
0.06444195873726075
0.06450410141685309
0.06487695749440715
0.06512552821277653
0.06537409893114592
0.06580909768829232
0.06605766840666169
0.06643052448421576
0.0666169525229928
0.06667909520258514
0.06717623663932389
0.06742480735769327
0.06810837683320904
0.0684812329107631
0.06891623166790951
0.06947551578424062
0.06978622918220234
0.07022122793934875
0.07053194133731046
0.07084265473527218
0.07127765349241859
0.07152622421078797
0.0722719363658961
0.07258264976385782
0.07283122048222719
0.07295550584141189
0.07320407655978126
0.07370121799652
0.0738255033557047
0.07401193139448173
0.07432264479244345
0.07444693015162814
0.07469550086999752
0.07488192890877454
0.07488192890877454
0.07531692766592095
0.07568978374347501
0.07606263982102908
0.07631121053939846
0.07668406661695253
0.07687049465572955
0.07711906537409893
0.07724335073328362
0.07761620681083768
0.07811334824757643
0.07829977628635347
0.07836191896594581
0.0786104896843152
0.0789212030822769
0.07910763112105394
0.07923191648023863
0.07954262987820035
0.07985334327616207
0.08022619935371614
0.08028834203330848
0.08053691275167785
0.08084762614963957
0.0811583395476013
0.08134476758637832
0.08153119562515536
0.08165548098434004
0.08177976634352473
0.08177976634352473
0.08190405170270942
0.08209047974148645
0.08215262242107879
0.08246333581904051
0.08252547849863286
0.0827119065374099
0.08302261993537162
0.08327119065374099
0.08327119065374099
0.08333333333333333
0.08345761869251803
0.08358190405170271
0.08383047477007209
0.08401690280884912
0.0841411881680338
0.0842654735272185
0.08438975888640318
0.08445190156599552
0.08476261496395725
0.08501118568232663
0.08507332836191897
0.08513547104151131
0.085259756400696
0.08544618443947304
0.08557046979865772
0.08588118319661944
0.08606761123539647
0.08625403927417351
0.08644046731295053
0.08644046731295053
0.08656475267213522
0.0868133233905046
0.08687546607009694
0.08706189410887398
0.08718617946805866
0.08718617946805866
0.08731046482724335
0.08743475018642805
0.08762117822520507
0.0878076062639821
0.08786974894357445
0.0879318916231668
0.08805617698235148
0.08805617698235148
0.08824260502112852
0.08824260502112852
0.0883668903803132
0.08849117573949788
0.08849117573949788
0.08873974645786727
0.08886403181705195
0.08892617449664429
0.08892617449664429
0.08898831717623663
0.08917474521501367
0.08917474521501367
0.0894854586129754
0.08960974397216008
0.08967188665175242
0.08973402933134476
0.0897961720109371
0.0899204573701218
0.08998260004971415
0.09010688540889883
0.09029331344767587
0.09029331344767587
0.09035545612726821
0.09041759880686055
0.09054188416604524
0.09054188416604524
0.09072831220482228
0.09072831220482228
0.09097688292319164
0.091039025602784
0.09116331096196868
0.09122545364156102
0.09128759632115337
0.09141188168033805
0.0914740243599304
0.09159830971911509
0.09166045239870743
0.09166045239870743
0.09178473775789212
0.09178473775789212
0.09197116579666915
0.0920333084762615
0.09209545115585384
0.09221973651503852
0.09234402187422322
0.09240616455381556
0.0924683072334079
0.0924683072334079
0.09265473527218494
0.09277902063136963
0.09290330599055431
0.093027591349739
0.09321401938851603
0.09333830474770072
0.09346259010688542
0.0935868754660701
0.09371116082525478
0.09371116082525478
0.09371116082525478
0.09371116082525478
0.09377330350484712
0.09377330350484712
0.09383544618443947
0.09383544618443947
0.09383544618443947
0.09408401690280885
0.09414615958240119
0.09420830226199353
0.09433258762117823
0.09439473030077057
0.09445687298036291
0.09451901565995526
0.09451901565995526
0.09451901565995526
0.0945811583395476
0.0947054436987323
0.09489187173750932
0.095016157096694
0.09507829977628636
0.0951404424558787
0.0951404424558787
0.09520258513547104
0.09520258513547104
0.09526472781506339
0.09526472781506339
0.09526472781506339
0.09532687049465573
0.09538901317424807
0.09551329853343277
0.09551329853343277
0.09557544121302511
0.09557544121302511
0.09563758389261745
0.09569972657220979
0.09576186925180213
0.09582401193139448
0.09601043997017152
0.09607258264976386
0.0961347253293562
0.0961347253293562
0.0961347253293562
0.0961347253293562
0.09619686800894854
0.09619686800894854
0.09625901068854088
0.09625901068854088
0.09625901068854088
0.09625901068854088
0.09625901068854088
0.09632115336813324
0.09632115336813324
0.09638329604772558
0.09638329604772558
0.09650758140691026
0.0965697240865026
0.0966940094456873
0.09675615212527965
0.09675615212527965
0.09675615212527965
0.09675615212527965
0.09675615212527965
0.09675615212527965
0.09675615212527965
0.09675615212527965
0.09675615212527965
0.09681829480487199
0.09688043748446433
0.09688043748446433
0.09706686552324137
0.09719115088242605
0.0972532935620184
0.09731543624161074
0.09737757892120308
0.09743972160079542
0.09750186428038778
0.09750186428038778
0.09756400695998012
0.09756400695998012
0.09762614963957246
0.09762614963957246
0.09762614963957246
0.09775043499875714
0.09775043499875714
0.09775043499875714
0.09787472035794184
0.09787472035794184
0.09787472035794184
0.09793686303753418
0.09806114839671887
0.09824757643549589
0.09830971911508825
0.09849614715386527
0.09855828983345762
0.09855828983345762
0.09855828983345762
0.09855828983345762
0.09855828983345762
0.09855828983345762
0.09855828983345762
0.09855828983345762
0.09868257519264231
0.09868257519264231
0.09868257519264231
0.09874471787223466
0.09874471787223466
0.098806860551827
0.098806860551827
0.09893114591101168
0.09905543127019636
0.09911757394978872
0.09917971662938106
0.09917971662938106
0.09917971662938106
0.0992418593089734
0.0992418593089734
0.09930400198856575
0.09930400198856575
0.09930400198856575
0.09930400198856575
0.09930400198856575
0.09930400198856575
0.09942828734775043
0.09942828734775043
0.09955257270693513
0.09955257270693513
0.09955257270693513
0.09961471538652747
0.09967685806611981
0.09973900074571215
0.09973900074571215
0.09973900074571215
0.09973900074571215
0.09973900074571215
0.0998011434253045
0.0998011434253045
0.09986328610489684
0.09992542878448919
0.10004971414367388
0.10017399950285856
0.10029828486204326
0.10042257022122794
0.10042257022122794
0.10042257022122794
0.10042257022122794
0.10042257022122794
0.10042257022122794
0.10048471290082028
0.10048471290082028
0.10048471290082028
0.10054685558041263
0.10054685558041263
0.10060899826000497
0.10060899826000497
0.10067114093959731
0.10067114093959731
0.10067114093959731
0.10073328361918966
0.100795426298782
0.10085756897837435
0.10091971165796669
0.10091971165796669
0.10091971165796669
0.10091971165796669
0.10098185433755903
0.10104399701715137
0.10116828237633607
0.10116828237633607
0.10116828237633607
0.10116828237633607
0.10116828237633607
0.10116828237633607
0.10123042505592841
0.10123042505592841
0.10123042505592841
0.10123042505592841
0.10123042505592841
0.10123042505592841
0.10129256773552076
0.10129256773552076
0.10129256773552076
0.1013547104151131
0.10141685309470544
0.10141685309470544
0.10141685309470544
0.10141685309470544
0.10147899577429778
0.10166542381307482
0.10166542381307482
0.10166542381307482
0.10166542381307482
0.10172756649266716
0.1017897091722595
0.1017897091722595
0.1017897091722595
0.10185185185185185
0.10185185185185185
0.10185185185185185
0.10185185185185185
0.1019139945314442
0.10203827989062889
0.10210042257022123
0.10216256524981357
0.10222470792940591
0.10222470792940591
0.10228685060899825
0.10228685060899825
0.10228685060899825
0.10228685060899825
0.10228685060899825
0.10228685060899825
0.10234899328859061
0.10234899328859061
0.10234899328859061
0.10234899328859061
0.10234899328859061
0.10234899328859061
0.10234899328859061
0.10241113596818295
0.10247327864777529
0.10247327864777529
0.10247327864777529
0.10247327864777529
0.10247327864777529
0.10247327864777529
0.10247327864777529
0.10247327864777529
0.10247327864777529
0.10253542132736763
0.10253542132736763
0.10253542132736763
0.10253542132736763
0.10253542132736763
0.10253542132736763
0.10253542132736763
0.10253542132736763
0.10259756400695998
0.10259756400695998
0.10265970668655232
0.10265970668655232
0.10265970668655232
0.10265970668655232
0.10265970668655232
0.10265970668655232
0.10272184936614467
0.10272184936614467
0.10272184936614467
0.10272184936614467
0.10272184936614467
0.10272184936614467
0.10272184936614467
0.10272184936614467
0.10272184936614467
0.10272184936614467
0.10272184936614467
0.10272184936614467
0.10272184936614467
0.1029082774049217
0.10303256276410638
0.10315684812329108
0.10328113348247576
0.10328113348247576
0.10328113348247576
0.10328113348247576
0.10328113348247576
0.10328113348247576
0.10328113348247576
0.1033432761620681
0.1033432761620681
0.1033432761620681
0.1033432761620681
0.10346756152125279
0.10346756152125279
0.10346756152125279
0.10346756152125279
0.10346756152125279
0.10352970420084515
0.10352970420084515
0.10352970420084515
0.10352970420084515
0.10352970420084515
0.10352970420084515
0.10352970420084515
0.10352970420084515
0.10352970420084515
0.10352970420084515
0.10352970420084515
0.10359184688043749
0.10359184688043749
0.10359184688043749
0.10359184688043749
0.10365398956002983
0.10365398956002983
0.10365398956002983
0.10371613223962217
0.10371613223962217
0.10377827491921451
0.10377827491921451
0.10377827491921451
0.10377827491921451
0.10377827491921451
0.10377827491921451
0.10384041759880686
0.1040268456375839
0.1040268456375839
0.1040268456375839
0.1040268456375839
0.1040268456375839
0.1040268456375839
0.10408898831717624
0.10408898831717624
0.10408898831717624
0.10408898831717624
0.10408898831717624
0.10415113099676858
0.10415113099676858
0.10415113099676858
0.10415113099676858
0.10415113099676858
0.10415113099676858
0.10415113099676858
0.10415113099676858
0.10415113099676858
0.10415113099676858
0.10415113099676858
0.10415113099676858
0.10415113099676858
0.10415113099676858
0.10415113099676858
0.10415113099676858
0.10415113099676858
0.10427541635595326
0.10427541635595326
0.10427541635595326
0.10427541635595326
0.10427541635595326
0.10427541635595326
0.10427541635595326
0.10439970171513796
0.1044618443947303
0.1044618443947303
0.1044618443947303
0.10452398707432264
0.10458612975391499
0.10458612975391499
0.10464827243350733
0.10477255779269203
0.10483470047228437
0.10483470047228437
0.10483470047228437
0.10483470047228437
0.10483470047228437
0.10483470047228437
0.10483470047228437
0.10483470047228437
0.10483470047228437
0.10483470047228437
0.10495898583146905
0.10502112851106139
0.10502112851106139
0.10508327119065373
0.10514541387024609
0.10520755654983843
0.10520755654983843
0.10526969922943077
0.10526969922943077
0.10526969922943077
0.10533184190902312
0.10539398458861546
0.10539398458861546
0.10539398458861546
0.10539398458861546
0.10539398458861546
0.10539398458861546
0.1054561272682078
0.1054561272682078
0.1054561272682078
0.1054561272682078
0.10551826994780016
0.10551826994780016
0.1055804126273925
0.1055804126273925
0.1055804126273925
0.1055804126273925
0.1055804126273925
0.1055804126273925
0.1055804126273925
0.1055804126273925
0.1055804126273925
0.10564255530698484
0.10564255530698484
0.10564255530698484
0.10564255530698484
0.10564255530698484
0.10564255530698484
0.10564255530698484
0.10570469798657718
0.10570469798657718
0.10570469798657718
0.10576684066616952
0.10582898334576187
0.10582898334576187
0.10582898334576187
0.10582898334576187
0.10582898334576187
0.1058911260253542
0.1058911260253542
0.1060154113845389
0.1060154113845389
0.1060154113845389
0.1060154113845389
0.1060154113845389
0.10607755406413125
0.10613969674372359
0.10613969674372359
0.10613969674372359
0.10613969674372359
0.10613969674372359
0.10613969674372359
0.10613969674372359
0.10613969674372359
0.10613969674372359
0.10613969674372359
0.10613969674372359
0.10620183942331593
0.10620183942331593
0.10620183942331593
0.10626398210290827
0.10626398210290827
0.10626398210290827
0.10626398210290827
0.10626398210290827
0.10626398210290827
0.10626398210290827
0.10626398210290827
0.10626398210290827
0.10626398210290827
0.10626398210290827
0.10626398210290827
0.10632612478250063
0.10632612478250063
0.10632612478250063
0.10632612478250063
0.10638826746209297
0.10651255282127765
0.10657469550087
0.10657469550087
0.10657469550087
0.10663683818046234
0.10663683818046234
0.10663683818046234
0.10663683818046234
0.10663683818046234
0.10663683818046234
0.10663683818046234
0.10663683818046234
0.10676112353964703
0.10676112353964703
0.10676112353964703
0.10676112353964703
0.10676112353964703
0.10676112353964703
0.10676112353964703
0.10676112353964703
0.10676112353964703
0.10676112353964703
0.10676112353964703
0.10676112353964703
0.10676112353964703
0.10676112353964703
0.10676112353964703
0.10676112353964703
0.10676112353964703
0.10682326621923938
0.10688540889883172
0.10688540889883172
0.10694755157842406
0.10694755157842406
0.10694755157842406
0.10694755157842406
0.10694755157842406
0.10694755157842406
0.10694755157842406
0.10694755157842406
0.10694755157842406
0.10694755157842406
0.10694755157842406
0.10694755157842406
0.10694755157842406
0.1070096942580164
0.10707183693760874
0.10707183693760874
0.10707183693760874
0.1071339796172011
0.1071339796172011
0.1071339796172011
0.1071339796172011
0.1071339796172011
0.1071339796172011
0.1071339796172011
0.1071339796172011
0.1071339796172011
0.1071339796172011
0.1071339796172011
0.10719612229679344
0.10719612229679344
0.10719612229679344
0.10719612229679344
0.10719612229679344
0.10719612229679344
0.10719612229679344
0.10719612229679344
0.10719612229679344
0.10719612229679344
0.10719612229679344
0.10719612229679344
0.10725826497638578
0.10725826497638578
0.10725826497638578
0.10725826497638578
0.10725826497638578
0.10732040765597813
0.10732040765597813
0.10732040765597813
0.10732040765597813
0.10738255033557047
0.10744469301516281
0.10750683569475515
0.10750683569475515
0.10750683569475515
0.10750683569475515
0.10750683569475515
0.10763112105393985
0.10763112105393985
0.10763112105393985
0.10763112105393985
0.10763112105393985
0.10763112105393985
0.10763112105393985
0.10763112105393985
0.10763112105393985
0.10763112105393985
0.10763112105393985
0.10763112105393985
0.10763112105393985
0.10763112105393985
0.10769326373353219
0.10769326373353219
0.10775540641312453
0.10775540641312453
0.10775540641312453
0.10781754909271687
0.10781754909271687
0.10781754909271687
0.10787969177230922
0.10787969177230922
0.10787969177230922
0.10794183445190157
0.10794183445190157
0.10794183445190157
0.10800397713149391
0.10806611981108626
0.10806611981108626
0.10806611981108626
0.10806611981108626
0.1081282624906786
0.1081282624906786
0.1081282624906786
0.10819040517027094
0.10819040517027094
0.10819040517027094
0.10819040517027094
0.10819040517027094
0.10819040517027094
0.10819040517027094
0.10819040517027094
0.10819040517027094
0.10825254784986328
0.10825254784986328
0.10825254784986328
0.10825254784986328
0.10825254784986328
0.10825254784986328
0.10825254784986328
0.10825254784986328
0.10825254784986328
0.10825254784986328
0.10825254784986328
0.10825254784986328
0.10831469052945562
0.10837683320904798
0.10837683320904798
0.10837683320904798
0.10837683320904798
0.10837683320904798
0.10843897588864032
0.10843897588864032
0.10850111856823266
0.108563261247825
0.10862540392741735
0.10862540392741735
0.10868754660700969
0.10868754660700969
0.10868754660700969
0.10874968928660204
0.10881183196619439
0.10881183196619439
0.10881183196619439
0.10881183196619439
0.10881183196619439
0.10881183196619439
0.10881183196619439
0.10881183196619439
0.10881183196619439
0.10881183196619439
0.10881183196619439
0.10887397464578673
0.10887397464578673
0.10887397464578673
0.10893611732537907
0.10899826000497141
0.10899826000497141
0.10899826000497141
0.10899826000497141
0.10899826000497141
0.10906040268456375
0.10906040268456375
0.10906040268456375
0.10906040268456375
0.1091225453641561
0.1091225453641561
0.1091225453641561
0.10918468804374845
0.10918468804374845
0.10918468804374845
0.1092468307233408
0.1092468307233408
0.1092468307233408
0.10930897340293314
0.10930897340293314
0.10930897340293314
0.10937111608252548
0.10937111608252548
0.10937111608252548
0.10943325876211782
0.10943325876211782
0.10943325876211782
0.10943325876211782
0.10943325876211782
0.10943325876211782
0.10943325876211782
0.10949540144171016
0.10949540144171016
0.10949540144171016
0.10949540144171016
0.10949540144171016
0.10955754412130252
0.10955754412130252
0.10955754412130252
0.10961968680089486
0.1096818294804872
0.1096818294804872
0.1096818294804872
0.1096818294804872
0.1096818294804872
0.1096818294804872
0.1096818294804872
0.10974397216007954
0.10974397216007954
0.10980611483967188
0.10980611483967188
0.10980611483967188
0.10980611483967188
0.10980611483967188
0.10980611483967188
0.10980611483967188
0.10980611483967188
0.10980611483967188
0.10986825751926423
0.10986825751926423
0.10986825751926423
0.10986825751926423
0.10986825751926423
0.10986825751926423
0.10986825751926423
0.10993040019885658
0.10993040019885658
0.10993040019885658
0.10993040019885658
0.10993040019885658
0.10999254287844892
0.10999254287844892
0.10999254287844892
0.10999254287844892
0.11005468555804127
0.11017897091722595
0.11017897091722595
0.11017897091722595
0.11017897091722595
0.11017897091722595
0.11017897091722595
0.11017897091722595
0.11017897091722595
0.11024111359681829
0.11024111359681829
0.11024111359681829
0.11024111359681829
0.11024111359681829
0.11024111359681829
0.11024111359681829
0.11024111359681829
0.11024111359681829
0.11024111359681829
0.11030325627641063
0.11030325627641063
0.11030325627641063
0.11036539895600299
0.11036539895600299
0.11036539895600299
0.11036539895600299
0.11036539895600299
0.11042754163559533
0.11042754163559533
0.11042754163559533
0.11042754163559533
0.11042754163559533
0.11048968431518767
0.11048968431518767
0.11048968431518767
0.11048968431518767
0.11048968431518767
0.11055182699478001
0.11055182699478001
0.11055182699478001
0.11055182699478001
0.11055182699478001
0.11055182699478001
0.11055182699478001
0.11055182699478001
0.11055182699478001
0.11055182699478001
0.11061396967437236
0.11061396967437236
0.11061396967437236
0.1106761123539647
0.1106761123539647
0.1106761123539647
0.1106761123539647
0.1106761123539647
0.1106761123539647
0.1106761123539647
0.1106761123539647
0.1108003977131494
0.1108003977131494
0.1108003977131494
0.11086254039274174
0.11086254039274174
0.11086254039274174
0.11092468307233408
0.11092468307233408
0.11092468307233408
0.11092468307233408
0.11092468307233408
0.11098682575192642
0.11098682575192642
0.11098682575192642
0.11104896843151876
0.11104896843151876
0.11104896843151876
0.11104896843151876
0.11104896843151876
0.11104896843151876
0.11104896843151876
0.11104896843151876
0.1111111111111111
0.1111111111111111
0.1111111111111111
0.1111111111111111
0.1111111111111111
0.1111111111111111
0.1111111111111111
0.11117325379070346
0.11117325379070346
0.11117325379070346
0.11117325379070346
0.11117325379070346
0.11117325379070346
0.11117325379070346
0.11117325379070346
0.11117325379070346
0.11117325379070346
0.11117325379070346
