0.01267710663683818
0.02361421824509073
0.029393487447178724
0.032997762863534674
0.035669898086005465
0.038528461347253296
0.040517027094208305
0.04225702212279393
0.04349987571464081
0.04436987322893363
0.04530201342281879
0.04623415361670395
0.04697986577181208
0.04809843400447427
0.04890628883917474
0.0494034302759135
0.05008699975142928
0.05064628386776038
0.05151628138205319
0.05213770817797663
0.0529455630126771
0.053691275167785234
0.05418841660452399
0.055058414118816804
0.05555555555555555
0.056487695749440715
0.05692269450658712
0.05766840666169525
0.057854834700472285
0.05841411881680338
0.05884911757394979
0.0592841163310962
0.059719115088242604
0.06021625652498136
0.06058911260253542
0.061272682078051206
0.06170768083519761
0.06208053691275168
0.06251553566989809
0.0628262490678598
0.06313696246582153
0.0633855331841909
0.06357196122296793
0.063944817300522
0.06413124533929904
0.0643798160576684
0.06500124285359185
0.06562266964951528
0.06605766840666169
0.0664926671638081
0.06680338056176982
0.06730052199850857
0.06761123539647029
0.06792194879443202
0.06829480487198608
0.0686055182699478
0.06897837434750187
0.06935123042505593
0.06966194382301764
0.06984837186179468
0.07003479990057171
0.07028337061894109
0.07046979865771812
0.07084265473527218
0.07121551081282625
0.07146408153119563
0.07165050956997265
0.07208550832711906
0.07233407904548844
0.07245836440467313
0.07270693512304251
0.07295550584141189
0.07307979120059657
0.07332836191896594
0.07363907531692766
0.0738255033557047
0.07419835943325877
0.07457121551081283
0.0748197862291822
0.07500621426795924
0.07525478498632861
0.07556549838429033
0.07575192642306736
0.0759383544618444
0.07618692518021378
0.0763733532189908
0.07655978125776783
0.07655978125776783
0.07680835197613721
0.07699478001491425
0.07711906537409893
0.0773676360924683
0.077491921451653
0.07755406413124534
0.07761620681083768
0.07767834949043002
0.0779269202087994
0.07798906288839175
0.0784862043251305
0.0786104896843152
0.07873477504349988
0.0790454884414616
0.07916977380064628
0.07954262987820035
0.07979120059656973
0.08022619935371614
0.08035048471290082
0.0804747700720855
0.0804747700720855
0.08066119811086254
0.08072334079045489
0.08103405418841661
0.0811583395476013
0.0811583395476013
0.08146905294556302
0.08165548098434004
0.08171762366393238
0.08177976634352473
0.08190405170270942
0.08215262242107879
0.08227690778026349
0.08240119313944817
0.08240119313944817
0.0825876211782252
0.08296047725577926
0.0831469052945563
0.08327119065374099
0.08339547601292567
0.08358190405170271
0.0837061894108874
0.0837061894108874
0.08401690280884912
0.08407904548844146
0.08407904548844146
0.08420333084762614
0.08432761620681084
0.08438975888640318
0.08445190156599552
0.08451404424558787
0.08451404424558787
0.08451404424558787
0.08457618692518021
0.08463832960477256
0.08463832960477256
0.08488690032314193
0.08494904300273427
0.08501118568232663
0.08513547104151131
0.08519761372110365
0.085259756400696
0.08538404175988068
0.0856947551578424
0.0858190405170271
0.08606761123539647
0.08625403927417351
0.08637832463335819
0.08656475267213522
0.08662689535172757
0.08687546607009694
0.08699975142928162
0.08699975142928162
0.08699975142928162
0.08712403678846632
0.08712403678846632
0.08712403678846632
0.087248322147651
0.087248322147651
0.087248322147651
0.08755903554561273
0.08755903554561273
0.08755903554561273
0.08755903554561273
0.08755903554561273
0.0878076062639821
0.08799403430275914
0.08805617698235148
0.08818046234153616
0.08830474770072086
0.08830474770072086
0.08842903305990554
0.08861546109868257
0.08867760377827492
0.08867760377827492
0.08867760377827492
0.08867760377827492
0.08880188913745961
0.08898831717623663
0.08898831717623663
0.08905045985582899
0.08911260253542133
0.08917474521501367
0.08929903057419836
0.08942331593338304
0.0894854586129754
0.0894854586129754
0.08954760129256774
0.08954760129256774
0.08973402933134476
0.08973402933134476
0.08985831469052946
0.08998260004971415
0.09016902808849117
0.09016902808849117
0.09023117076808351
0.09035545612726821
0.09041759880686055
0.09054188416604524
0.09085259756400696
0.0909147402435993
0.09097688292319164
0.091039025602784
0.091039025602784
0.09110116828237634
0.09116331096196868
0.09134973900074571
0.09141188168033805
0.0914740243599304
0.09153616703952275
0.09153616703952275
0.09159830971911509
0.09166045239870743
0.09166045239870743
0.09172259507829977
0.09190902311707681
0.09190902311707681
0.0920333084762615
0.0920333084762615
0.0920333084762615
0.09221973651503852
0.09234402187422322
0.0924683072334079
0.0924683072334079
0.09253044991300025
0.09253044991300025
0.09271687795177729
0.09284116331096197
0.09284116331096197
0.09296544867014665
0.093027591349739
0.093027591349739
0.09308973402933135
0.09321401938851603
0.09321401938851603
0.09340044742729306
0.09352473278647776
0.0935868754660701
0.09364901814566244
0.09377330350484712
0.09377330350484712
0.09377330350484712
0.09377330350484712
0.09389758886403182
0.09395973154362416
0.09395973154362416
0.09414615958240119
0.09420830226199353
0.09427044494158589
0.09433258762117823
0.09445687298036291
0.09445687298036291
0.09464330101913994
0.09476758637832464
0.09482972905791698
0.09489187173750932
0.09495401441710166
0.095016157096694
0.095016157096694
0.095016157096694
0.095016157096694
0.09507829977628636
0.0951404424558787
0.09520258513547104
0.09532687049465573
0.09538901317424807
0.09538901317424807
0.09557544121302511
0.09569972657220979
0.09569972657220979
0.09569972657220979
0.09569972657220979
0.09576186925180213
0.09576186925180213
0.09588615461098683
0.09588615461098683
0.09594829729057917
0.09601043997017152
0.09625901068854088
0.09632115336813324
0.09632115336813324
0.09638329604772558
0.09644543872731792
0.09650758140691026
0.09650758140691026
0.0965697240865026
0.0965697240865026
0.0966940094456873
0.0966940094456873
0.0966940094456873
0.0966940094456873
0.09675615212527965
0.09675615212527965
0.09675615212527965
0.09675615212527965
0.09675615212527965
0.09681829480487199
0.09706686552324137
0.09719115088242605
0.09719115088242605
0.09719115088242605
0.0972532935620184
0.09731543624161074
0.09737757892120308
0.09743972160079542
0.09743972160079542
0.09743972160079542
0.09743972160079542
0.09743972160079542
0.09756400695998012
0.09756400695998012
0.0976882923191648
0.09775043499875714
0.09787472035794184
0.09787472035794184
0.09793686303753418
0.09799900571712652
0.09812329107631121
0.09818543375590355
0.09830971911508825
0.09830971911508825
0.09830971911508825
0.09837186179468059
0.09837186179468059
0.09849614715386527
0.09855828983345762
0.09862043251304996
0.09868257519264231
0.09874471787223466
0.09874471787223466
0.09874471787223466
0.098806860551827
0.09886900323141934
0.09893114591101168
0.09899328859060402
0.09905543127019636
0.09905543127019636
0.09905543127019636
0.0992418593089734
0.09936614466815809
0.09936614466815809
0.09936614466815809
0.09936614466815809
0.09936614466815809
0.09942828734775043
0.09961471538652747
0.09967685806611981
0.09967685806611981
0.09973900074571215
0.0998011434253045
0.0998011434253045
0.0998011434253045
0.0998011434253045
0.0998011434253045
0.09992542878448919
0.09998757146408153
0.09998757146408153
0.10004971414367388
0.10004971414367388
0.10011185682326622
0.10011185682326622
0.10011185682326622
0.10011185682326622
0.10011185682326622
0.10017399950285856
0.1002361421824509
0.1002361421824509
0.10029828486204326
0.1003604275416356
0.10042257022122794
0.10054685558041263
0.10060899826000497
0.10060899826000497
0.10060899826000497
0.10067114093959731
0.100795426298782
0.10085756897837435
0.10085756897837435
0.10085756897837435
0.10091971165796669
0.10098185433755903
0.10098185433755903
0.10104399701715137
0.10104399701715137
0.10104399701715137
0.10110613969674373
0.10110613969674373
0.10110613969674373
0.10116828237633607
0.1013547104151131
0.1013547104151131
0.10141685309470544
0.10147899577429778
0.10147899577429778
0.10147899577429778
0.10154113845389014
0.10154113845389014
0.10154113845389014
0.10154113845389014
0.10154113845389014
0.10154113845389014
0.10154113845389014
0.10154113845389014
0.10154113845389014
0.10160328113348248
0.10166542381307482
0.10166542381307482
0.10166542381307482
0.10166542381307482
0.10166542381307482
0.10172756649266716
0.10185185185185185
0.1019139945314442
0.1019139945314442
0.10197613721103654
0.10197613721103654
0.10203827989062889
0.10210042257022123
0.10210042257022123
0.10210042257022123
0.10210042257022123
0.10210042257022123
0.10216256524981357
0.10216256524981357
0.10216256524981357
0.10216256524981357
0.10216256524981357
0.10216256524981357
0.10216256524981357
0.10222470792940591
0.10222470792940591
0.10228685060899825
0.10234899328859061
0.10241113596818295
0.10241113596818295
0.10241113596818295
0.10253542132736763
0.10265970668655232
0.10265970668655232
0.10265970668655232
0.10272184936614467
0.10272184936614467
0.10272184936614467
0.10278399204573702
0.10278399204573702
0.10278399204573702
0.1029082774049217
0.1029082774049217
0.1029082774049217
0.1029082774049217
0.10297042008451404
0.10297042008451404
0.10309470544369873
0.10309470544369873
0.10309470544369873
0.10315684812329108
0.10328113348247576
0.1033432761620681
0.10340541884166045
0.10359184688043749
0.10365398956002983
0.10377827491921451
0.10377827491921451
0.10384041759880686
0.10384041759880686
0.10390256027839921
0.10390256027839921
0.10396470295799155
0.10396470295799155
0.10396470295799155
0.10396470295799155
0.10396470295799155
0.10396470295799155
0.10396470295799155
0.10396470295799155
0.10396470295799155
0.1040268456375839
0.10408898831717624
0.10408898831717624
0.10415113099676858
0.10415113099676858
0.10415113099676858
0.10421327367636092
0.10421327367636092
0.10427541635595326
0.10427541635595326
0.10433755903554562
0.10433755903554562
0.10439970171513796
0.10439970171513796
0.10439970171513796
0.10439970171513796
0.10439970171513796
0.10452398707432264
0.10452398707432264
0.10452398707432264
0.10458612975391499
0.10458612975391499
0.10464827243350733
0.10489684315187671
0.10489684315187671
0.10489684315187671
0.10489684315187671
0.10495898583146905
0.10495898583146905
0.10495898583146905
0.10502112851106139
0.10502112851106139
0.10502112851106139
0.10502112851106139
0.10508327119065373
0.10508327119065373
0.10508327119065373
0.10514541387024609
0.10514541387024609
0.10520755654983843
0.10520755654983843
0.10520755654983843
0.10526969922943077
0.10526969922943077
0.10526969922943077
0.10526969922943077
0.10526969922943077
0.10526969922943077
0.10526969922943077
0.10526969922943077
0.10539398458861546
0.10539398458861546
0.10539398458861546
0.10539398458861546
0.1054561272682078
0.10551826994780016
0.1055804126273925
0.1055804126273925
0.1055804126273925
0.1055804126273925
0.1055804126273925
0.1055804126273925
0.1055804126273925
0.1055804126273925
0.1055804126273925
0.1055804126273925
0.1055804126273925
0.1055804126273925
0.1055804126273925
0.10564255530698484
0.10570469798657718
0.10570469798657718
0.10570469798657718
0.10576684066616952
0.10576684066616952
0.10582898334576187
0.10582898334576187
0.1058911260253542
0.1058911260253542
0.1058911260253542
0.1058911260253542
0.1058911260253542
0.1058911260253542
0.1060154113845389
0.1060154113845389
0.1060154113845389
0.1060154113845389
0.1060154113845389
0.10607755406413125
0.10607755406413125
0.10607755406413125
0.10607755406413125
0.10607755406413125
0.10607755406413125
0.10613969674372359
0.10613969674372359
0.10626398210290827
0.10626398210290827
0.10626398210290827
0.10626398210290827
0.10632612478250063
0.10632612478250063
0.10632612478250063
0.10632612478250063
0.10638826746209297
0.10638826746209297
0.10638826746209297
0.10645041014168531
0.10645041014168531
0.10645041014168531
0.10645041014168531
0.10651255282127765
0.10651255282127765
0.10651255282127765
0.10651255282127765
0.10651255282127765
0.10651255282127765
0.10651255282127765
0.10651255282127765
0.10651255282127765
0.10657469550087
0.10657469550087
0.10657469550087
0.10657469550087
0.10663683818046234
0.10663683818046234
0.10669898086005468
0.10669898086005468
0.10669898086005468
0.10669898086005468
0.10682326621923938
0.10682326621923938
0.10688540889883172
0.10694755157842406
0.1070096942580164
0.1071339796172011
0.10719612229679344
0.10719612229679344
0.10719612229679344
0.10719612229679344
0.10719612229679344
0.10719612229679344
0.10725826497638578
0.10725826497638578
0.10732040765597813
0.10732040765597813
0.10732040765597813
0.10732040765597813
0.10732040765597813
0.10738255033557047
0.10738255033557047
0.10756897837434751
0.10756897837434751
0.10756897837434751
0.10756897837434751
0.10756897837434751
0.10756897837434751
0.10763112105393985
0.10763112105393985
0.10769326373353219
0.10769326373353219
0.10769326373353219
0.10769326373353219
0.10769326373353219
0.10769326373353219
0.10769326373353219
0.10781754909271687
0.10781754909271687
0.10781754909271687
0.10781754909271687
0.10781754909271687
0.10781754909271687
0.10781754909271687
0.10781754909271687
0.10781754909271687
0.10787969177230922
0.10787969177230922
0.10787969177230922
0.10787969177230922
0.10800397713149391
0.1081282624906786
0.10819040517027094
0.10825254784986328
0.10825254784986328
0.10831469052945562
0.10837683320904798
0.10837683320904798
0.10843897588864032
0.10850111856823266
0.10850111856823266
0.10850111856823266
0.10850111856823266
0.10862540392741735
0.10862540392741735
0.10868754660700969
0.10868754660700969
0.10868754660700969
0.10868754660700969
0.10868754660700969
0.10868754660700969
0.10868754660700969
0.10874968928660204
0.10874968928660204
0.10874968928660204
0.10874968928660204
0.10874968928660204
0.10874968928660204
0.10874968928660204
0.10881183196619439
0.10881183196619439
0.10881183196619439
0.10881183196619439
0.10881183196619439
0.10881183196619439
0.10887397464578673
0.10893611732537907
0.10893611732537907
0.10893611732537907
0.10899826000497141
0.10899826000497141
0.10899826000497141
0.10899826000497141
0.10899826000497141
0.10906040268456375
0.10906040268456375
0.10906040268456375
0.10906040268456375
0.1091225453641561
0.1091225453641561
0.1091225453641561
0.10918468804374845
0.10918468804374845
0.10918468804374845
0.10918468804374845
0.10918468804374845
0.10918468804374845
0.10918468804374845
0.10918468804374845
0.10918468804374845
0.10918468804374845
0.10918468804374845
0.10918468804374845
0.10918468804374845
0.10918468804374845
0.10918468804374845
0.10918468804374845
0.10918468804374845
0.10918468804374845
0.10918468804374845
0.10918468804374845
0.10918468804374845
0.1092468307233408
0.1092468307233408
0.1092468307233408
0.10930897340293314
0.10930897340293314
0.10930897340293314
0.10937111608252548
0.10943325876211782
0.10943325876211782
0.10949540144171016
0.10949540144171016
0.10949540144171016
0.10949540144171016
0.10949540144171016
0.10949540144171016
0.10961968680089486
0.10961968680089486
0.10974397216007954
0.10980611483967188
0.10986825751926423
0.10993040019885658
0.10999254287844892
0.10999254287844892
0.11005468555804127
0.11011682823763361
0.11017897091722595
0.11017897091722595
0.11017897091722595
0.11024111359681829
0.11024111359681829
0.11024111359681829
0.11024111359681829
0.11036539895600299
0.11036539895600299
0.11036539895600299
0.11036539895600299
0.11036539895600299
0.11042754163559533
0.11042754163559533
0.11048968431518767
0.11048968431518767
0.11048968431518767
0.11055182699478001
0.11055182699478001
0.11055182699478001
0.11055182699478001
0.11055182699478001
0.11061396967437236
0.11061396967437236
0.1106761123539647
0.1106761123539647
0.1106761123539647
0.1106761123539647
0.1106761123539647
0.1106761123539647
0.1106761123539647
0.1106761123539647
0.11073825503355705
0.11073825503355705
0.11073825503355705
0.11073825503355705
0.11073825503355705
0.11073825503355705
0.11073825503355705
0.11073825503355705
0.11086254039274174
0.11086254039274174
0.11092468307233408
0.11092468307233408
0.11092468307233408
0.11098682575192642
0.11104896843151876
0.1111111111111111
0.1111111111111111
0.1111111111111111
0.1111111111111111
0.1111111111111111
0.11117325379070346
0.11117325379070346
0.11117325379070346
0.11117325379070346
0.11117325379070346
0.11117325379070346
0.11117325379070346
0.11117325379070346
0.11117325379070346
0.11117325379070346
0.11117325379070346
0.11117325379070346
0.1112353964702958
0.1112353964702958
0.1112353964702958
0.1112353964702958
0.1112353964702958
0.1112353964702958
0.1112353964702958
0.1112353964702958
0.11129753914988814
0.11129753914988814
0.11129753914988814
0.11129753914988814
0.11129753914988814
0.11129753914988814
0.11142182450907283
0.11142182450907283
0.11148396718866517
0.11148396718866517
0.11148396718866517
0.11154610986825753
0.11154610986825753
0.11154610986825753
0.11154610986825753
0.11167039522744221
0.11167039522744221
0.11167039522744221
0.11173253790703455
0.1117946805866269
0.1117946805866269
0.11191896594581158
0.11191896594581158
0.11191896594581158
0.11191896594581158
0.11191896594581158
0.11191896594581158
0.11198110862540393
0.11198110862540393
0.11198110862540393
0.11198110862540393
0.11198110862540393
0.11198110862540393
0.11204325130499627
0.11204325130499627
0.11204325130499627
0.11204325130499627
0.11204325130499627
0.11204325130499627
0.11204325130499627
0.11204325130499627
0.11204325130499627
0.11210539398458862
0.11210539398458862
0.11210539398458862
0.11210539398458862
0.11210539398458862
0.11210539398458862
0.11210539398458862
0.11210539398458862
0.11216753666418096
0.11216753666418096
0.11216753666418096
0.11216753666418096
0.1122296793437733
0.1122296793437733
0.1122296793437733
0.1122296793437733
0.1122296793437733
0.112353964702958
0.112353964702958
0.112353964702958
0.112353964702958
0.11241610738255034
0.11241610738255034
0.11241610738255034
0.11247825006214268
0.11247825006214268
0.11254039274173502
0.11254039274173502
0.11254039274173502
0.11254039274173502
0.11254039274173502
0.11254039274173502
0.11254039274173502
0.11254039274173502
0.11254039274173502
0.11254039274173502
0.11254039274173502
0.11254039274173502
0.11260253542132737
0.11266467810091971
0.11266467810091971
0.11266467810091971
0.11266467810091971
0.11266467810091971
0.11266467810091971
0.11266467810091971
0.11266467810091971
0.11266467810091971
0.11266467810091971
0.11272682078051205
0.11272682078051205
0.11272682078051205
0.11272682078051205
0.11272682078051205
0.11272682078051205
0.1127889634601044
0.1127889634601044
0.1127889634601044
0.11285110613969675
0.11285110613969675
0.11285110613969675
0.11285110613969675
0.11285110613969675
0.11291324881928909
0.11291324881928909
0.11291324881928909
0.11291324881928909
0.11291324881928909
0.11291324881928909
0.11291324881928909
0.11291324881928909
0.11297539149888143
0.11297539149888143
0.11297539149888143
0.11303753417847377
0.11303753417847377
0.11303753417847377
0.11303753417847377
0.11303753417847377
0.11303753417847377
0.11309967685806611
0.11309967685806611
0.11316181953765847
0.11316181953765847
0.11316181953765847
0.11316181953765847
0.11316181953765847
0.11316181953765847
0.11316181953765847
0.11316181953765847
0.11316181953765847
0.11316181953765847
0.11316181953765847
0.11322396221725081
0.11322396221725081
0.11322396221725081
0.11328610489684315
0.11328610489684315
0.11328610489684315
0.1133482475764355
0.1133482475764355
0.11341039025602784
0.11341039025602784
0.11347253293562018
0.11347253293562018
0.11353467561521252
0.11359681829480488
0.11359681829480488
0.11359681829480488
0.11359681829480488
0.11359681829480488
0.11359681829480488
0.11359681829480488
0.11365896097439722
0.11365896097439722
0.11372110365398956
0.1137832463335819
0.1137832463335819
0.1137832463335819
0.1137832463335819
0.11384538901317424
0.11384538901317424
0.11390753169276659
0.11390753169276659
0.11390753169276659
0.11390753169276659
