0.020631369624658214
0.03013919960228685
0.03467561521252797
0.03939845886154611
0.043934874471787226
0.04741486452895849
0.050335570469798654
0.0529455630126771
0.055058414118816804
0.05704697986577181
0.05878697489435745
0.059905543127019636
0.06145911011682824
0.06301267710663684
0.0643798160576684
0.06562266964951528
0.0664926671638081
0.06730052199850857
0.0681705195128014
0.06897837434750187
0.06972408650260999
0.07090479741486452
0.07165050956997265
0.07202336564752672
0.07239622172508078
0.07289336316181953
0.07363907531692766
0.07450907283122048
0.07525478498632861
0.0759383544618444
0.07643549589858314
0.07705692269450659
0.077491921451653
0.07811334824757643
0.07885906040268456
0.07929405915983097
0.07991548595575441
0.08035048471290082
0.08128262490678598
0.08209047974148645
0.0825876211782252
0.0831469052945563
0.08351976137211037
0.08407904548844146
0.08438975888640318
0.08482475764354959
0.08513547104151131
0.08550832711906538
0.0858190405170271
0.08619189659458115
0.08662689535172757
0.08675118071091226
0.087248322147651
0.0878076062639821
0.08830474770072086
0.08861546109868257
0.08898831717623663
0.08985831469052946
0.09029331344767587
0.09035545612726821
0.09060402684563758
0.09079045488441462
0.09122545364156102
0.0914740243599304
0.09178473775789212
0.0920333084762615
0.09228187919463088
0.09284116331096197
0.09321401938851603
0.09346259010688542
0.09377330350484712
0.09408401690280885
0.09439473030077057
0.09489187173750932
0.09495401441710166
0.09520258513547104
0.09545115585384041
0.09588615461098683
0.09594829729057917
0.09632115336813324
0.09644543872731792
0.0965697240865026
0.09681829480487199
0.0972532935620184
0.09743972160079542
0.0976882923191648
0.09793686303753418
0.09818543375590355
0.09843400447427293
0.09855828983345762
0.098806860551827
0.09911757394978872
0.09930400198856575
0.09955257270693513
0.0998011434253045
0.09998757146408153
0.09998757146408153
0.10017399950285856
0.1003604275416356
0.10042257022122794
0.10067114093959731
0.10073328361918966
0.10091971165796669
0.10129256773552076
0.10160328113348248
0.1019139945314442
0.10216256524981357
0.10247327864777529
0.10259756400695998
0.10272184936614467
0.10297042008451404
0.10328113348247576
0.10346756152125279
0.10365398956002983
0.10384041759880686
0.10384041759880686
0.10396470295799155
0.10408898831717624
0.10439970171513796
0.10471041511309968
0.10508327119065373
0.10514541387024609
0.10533184190902312
0.10539398458861546
0.1055804126273925
0.10576684066616952
0.1058911260253542
0.1060154113845389
0.1060154113845389
0.10607755406413125
0.10613969674372359
0.10632612478250063
0.10638826746209297
0.10645041014168531
0.10669898086005468
0.10707183693760874
0.10719612229679344
0.10738255033557047
0.10756897837434751
0.10781754909271687
0.10794183445190157
0.10819040517027094
0.10843897588864032
0.10868754660700969
0.10893611732537907
0.10899826000497141
0.10906040268456375
0.1091225453641561
0.10930897340293314
0.10943325876211782
0.10961968680089486
0.10980611483967188
0.10993040019885658
0.10993040019885658
0.10999254287844892
0.11017897091722595
0.11024111359681829
0.11055182699478001
0.11055182699478001
0.1108003977131494
0.11086254039274174
0.11098682575192642
0.11104896843151876
0.1111111111111111
0.11129753914988814
0.11129753914988814
0.11142182450907283
0.11148396718866517
0.11154610986825753
0.11154610986825753
0.11154610986825753
0.11160825254784987
0.1117946805866269
0.11210539398458862
0.1122296793437733
0.11229182202336564
0.11229182202336564
0.112353964702958
0.11247825006214268
0.11266467810091971
0.1127889634601044
0.11297539149888143
0.11297539149888143
0.11316181953765847
0.11347253293562018
0.11359681829480488
0.11365896097439722
0.11372110365398956
0.11390753169276659
0.11396967437235894
0.11403181705195128
0.11415610241113597
0.11421824509072831
0.114342530449913
0.11446681580909769
0.11459110116828237
0.11465324384787472
0.11465324384787472
0.11471538652746706
0.11477752920705941
0.11483967188665176
0.11483967188665176
0.1149018145662441
0.11496395724583644
0.11508824260502112
0.11515038528461347
0.11521252796420582
0.11539895600298285
0.11539895600298285
0.11552324136216753
0.11552324136216753
0.11552324136216753
0.11552324136216753
0.11570966940094457
0.11595824011931395
0.11595824011931395
0.11614466815809098
0.11626895351727566
0.1164553815560527
0.1164553815560527
0.1164553815560527
0.1164553815560527
0.11657966691523738
0.11664180959482973
0.11676609495401442
0.11689038031319911
0.11689038031319911
0.11689038031319911
0.11701466567238379
0.11701466567238379
0.11713895103156848
0.11713895103156848
0.11720109371116083
0.11726323639075317
0.11738752174993786
0.11763609246830724
0.11769823514789958
0.11776037782749192
0.11776037782749192
0.11782252050708426
0.1178846631866766
0.11794680586626895
0.1180089485458613
0.1180089485458613
0.11813323390504599
0.11813323390504599
0.11813323390504599
0.11813323390504599
0.11819537658463833
0.11819537658463833
0.11825751926423067
0.11838180462341537
0.11838180462341537
0.11838180462341537
0.11838180462341537
0.11838180462341537
0.11844394730300771
0.11850608998260005
0.1185682326621924
0.1185682326621924
0.11869251802137708
0.11869251802137708
0.11875466070096942
0.11875466070096942
0.11881680338056178
0.11881680338056178
0.11894108873974646
0.1190032314193388
0.11912751677852348
0.11918965945811584
0.11918965945811584
0.11925180213770818
0.11925180213770818
0.11925180213770818
0.11931394481730052
0.11937608749689287
0.11937608749689287
0.11956251553566989
0.11956251553566989
0.11956251553566989
0.11956251553566989
0.11962465821526225
0.11962465821526225
0.11968680089485459
0.11974894357444693
0.11987322893363161
0.11993537161322396
0.11999751429281631
0.11999751429281631
0.12005965697240865
0.120121799652001
0.12018394233159334
0.12024608501118568
0.12024608501118568
0.12024608501118568
0.12024608501118568
0.12024608501118568
0.12024608501118568
0.12024608501118568
0.12030822769077802
0.12030822769077802
0.12037037037037036
0.12043251304996272
0.1205567984091474
0.1205567984091474
0.12061894108873975
0.12061894108873975
0.12061894108873975
0.12068108376833209
0.12068108376833209
0.12068108376833209
0.12068108376833209
0.12068108376833209
0.12068108376833209
0.12068108376833209
0.12074322644792443
0.12080536912751678
0.12080536912751678
0.12086751180710913
0.12092965448670147
0.12099179716629381
0.12099179716629381
0.12099179716629381
0.1211160825254785
0.1211160825254785
0.1211160825254785
0.1211160825254785
0.1211160825254785
0.12117822520507084
0.12124036788466319
0.12136465324384788
0.12142679592344022
0.12142679592344022
0.12142679592344022
0.12148893860303256
0.12148893860303256
0.12148893860303256
0.12148893860303256
0.1215510812826249
0.1216753666418096
0.12173750932140194
0.12173750932140194
0.12173750932140194
0.12173750932140194
0.12173750932140194
0.12173750932140194
0.12173750932140194
0.12173750932140194
0.12173750932140194
0.12173750932140194
0.12179965200099428
0.12179965200099428
0.12186179468058662
0.12192393736017897
0.12192393736017897
0.12204822271936366
0.12217250807854835
0.12217250807854835
0.12223465075814069
0.12235893611732537
0.12235893611732537
0.12235893611732537
0.12242107879691773
0.12248322147651007
0.12260750683569475
0.12260750683569475
0.12273179219487944
0.1227939348744718
0.1227939348744718
0.12291822023365648
0.12304250559284116
0.12316679095202585
0.12316679095202585
0.12329107631121054
0.12329107631121054
0.12329107631121054
0.12329107631121054
0.12329107631121054
0.12341536167039523
0.12347750434998757
0.12360178970917227
0.12360178970917227
0.12366393238876461
0.12372607506835695
0.12378821774794929
0.12378821774794929
0.12385036042754163
0.12391250310713398
0.12391250310713398
0.12416107382550336
0.1242232165050957
0.12434750186428038
0.12440964454387274
0.12453392990305742
0.1246582152622421
0.1246582152622421
0.12472035794183445
0.12472035794183445
0.12472035794183445
0.12472035794183445
0.12484464330101915
0.12484464330101915
0.12484464330101915
0.12490678598061149
0.12490678598061149
0.12490678598061149
0.12503107133979618
0.12503107133979618
0.12509321401938853
0.12515535669898087
0.1252174993785732
0.12527964205816555
0.12527964205816555
0.1253417847377579
0.12546607009694258
0.12559035545612726
0.1256524981357196
0.1257767834949043
0.1257767834949043
0.12583892617449666
0.125901068854089
0.12596321153368134
0.12614963957245837
0.1262117822520507
0.1262117822520507
0.1262117822520507
0.12627392493164305
0.12639821029082773
0.12646035297042008
0.12652249565001242
0.12652249565001242
0.12658463832960476
0.12658463832960476
0.12658463832960476
0.12670892368878947
0.12670892368878947
0.12670892368878947
0.12670892368878947
0.1267710663683818
0.1267710663683818
0.1267710663683818
0.1267710663683818
0.1267710663683818
0.12683320904797415
0.1268953517275665
0.1268953517275665
0.1268953517275665
0.12695749440715884
0.12695749440715884
0.12695749440715884
0.12695749440715884
0.12695749440715884
0.12701963708675118
0.12708177976634352
0.12708177976634352
0.12714392244593586
0.1272060651255282
0.12739249316430523
0.1274546358438976
0.12751677852348994
0.12751677852348994
0.12757892120308229
0.12764106388267463
0.12770320656226697
0.12782749192145165
0.127889634601044
0.127889634601044
0.12795177728063634
0.12801391996022868
0.12801391996022868
0.12801391996022868
0.12801391996022868
0.12801391996022868
0.12801391996022868
0.12807606263982102
0.12807606263982102
0.12813820531941336
0.12832463335819042
0.1284489187173751
0.12851106139696744
0.12851106139696744
0.12851106139696744
0.12851106139696744
0.12851106139696744
0.12863534675615212
0.12863534675615212
0.12863534675615212
0.12863534675615212
0.12869748943574447
0.12869748943574447
0.12869748943574447
0.1287596321153368
0.12882177479492915
0.12882177479492915
0.1288839174745215
0.12894606015411383
0.12900820283370618
0.12907034551329855
0.12919463087248323
0.12919463087248323
0.1293189162316679
0.1293189162316679
0.1293189162316679
0.1294432015908526
0.1294432015908526
0.12950534427044494
0.12956748695003728
0.12956748695003728
0.12956748695003728
0.12956748695003728
0.1297539149888143
0.1297539149888143
0.12987820034799902
0.12994034302759136
0.12994034302759136
0.12994034302759136
0.1300024857071837
0.1300024857071837
0.1300024857071837
0.13006462838677604
0.13006462838677604
0.13006462838677604
0.13006462838677604
0.13018891374596073
0.13025105642555307
0.13025105642555307
0.13025105642555307
0.1303131991051454
0.13037534178473775
0.1304374844643301
0.1304374844643301
0.1304374844643301
0.13049962714392244
0.13049962714392244
0.13056176982351478
0.13056176982351478
0.13056176982351478
0.1306860551826995
0.1306860551826995
0.1306860551826995
0.1306860551826995
0.1306860551826995
0.1306860551826995
0.13074819786229183
0.13093462590106886
0.13093462590106886
0.1309967685806612
0.13112105393984588
0.13112105393984588
0.13124533929903057
0.13124533929903057
0.13124533929903057
0.1313074819786229
0.13143176733780762
0.13143176733780762
0.13149391001739996
0.13149391001739996
0.13149391001739996
0.13149391001739996
0.13149391001739996
0.13149391001739996
0.1315560526969923
0.1315560526969923
0.1315560526969923
0.1315560526969923
0.1315560526969923
0.13161819537658465
0.131680338056177
0.13174248073576933
0.13174248073576933
0.13180462341536167
0.13192890877454636
0.1319910514541387
0.13205319413373104
0.13211533681332338
0.13211533681332338
0.13211533681332338
0.13217747949291572
0.1322396221725081
0.13236390753169278
0.13236390753169278
0.13248819289087746
0.13248819289087746
0.13248819289087746
0.13248819289087746
0.1325503355704698
0.13267462092965449
0.13279890628883917
0.13279890628883917
0.13279890628883917
0.13279890628883917
0.13279890628883917
0.1328610489684315
0.1328610489684315
0.13292319164802385
0.13292319164802385
0.13292319164802385
0.1329853343276162
0.1329853343276162
0.13304747700720856
0.13304747700720856
0.13304747700720856
0.13304747700720856
0.13304747700720856
0.13304747700720856
0.1331096196868009
0.1331096196868009
0.1331096196868009
0.1331096196868009
0.13329604772557793
0.13329604772557793
0.13335819040517027
0.13335819040517027
0.13342033308476262
0.13342033308476262
0.1335446184439473
0.1335446184439473
0.1335446184439473
0.13366890380313198
0.13379318916231667
0.13379318916231667
0.13379318916231667
0.13379318916231667
0.13379318916231667
0.13385533184190904
0.13391747452150138
0.13391747452150138
0.13391747452150138
0.13391747452150138
0.13391747452150138
0.13391747452150138
0.13391747452150138
0.13391747452150138
0.13391747452150138
0.13391747452150138
0.13391747452150138
0.13391747452150138
0.13391747452150138
0.13391747452150138
0.13391747452150138
0.13397961720109372
0.13397961720109372
0.13397961720109372
0.13397961720109372
0.13397961720109372
0.13397961720109372
0.13404175988068606
0.13404175988068606
0.1341039025602784
0.13416604523987075
0.1342281879194631
0.1342281879194631
0.1342281879194631
0.1342281879194631
0.13435247327864777
0.13435247327864777
0.13435247327864777
0.13435247327864777
0.1344146159582401
0.1344146159582401
0.13447675863783246
0.13447675863783246
0.13447675863783246
0.1345389013174248
0.13460104399701714
0.1346631866766095
0.1346631866766095
0.1346631866766095
0.1346631866766095
0.1346631866766095
0.13491175739497888
0.13491175739497888
0.13491175739497888
0.13491175739497888
0.13491175739497888
0.13491175739497888
0.13497390007457122
0.13503604275416356
0.13503604275416356
0.13503604275416356
0.13503604275416356
0.13503604275416356
0.1350981854337559
0.1350981854337559
0.1350981854337559
0.1350981854337559
0.13522247079294059
0.13528461347253293
0.13528461347253293
0.13534675615212527
0.13534675615212527
0.13534675615212527
0.13534675615212527
0.13547104151130998
0.13547104151130998
0.13547104151130998
0.13559532687049466
0.135657469550087
0.135657469550087
0.135657469550087
0.135657469550087
0.13571961222967935
0.1357817549092717
0.1357817549092717
0.1357817549092717
0.13584389758886403
0.13584389758886403
0.13584389758886403
0.13584389758886403
0.13584389758886403
0.13603032562764106
0.13603032562764106
0.13603032562764106
0.13603032562764106
0.13603032562764106
0.13603032562764106
0.13603032562764106
0.13603032562764106
0.1360924683072334
0.13615461098682574
0.13615461098682574
0.13621675366641808
0.13621675366641808
0.13621675366641808
0.13621675366641808
0.13621675366641808
0.13621675366641808
0.13627889634601045
0.13627889634601045
0.13627889634601045
0.13627889634601045
0.1363410390256028
0.13646532438478748
0.13652746706437982
0.13652746706437982
0.1366517524235645
0.1366517524235645
0.13671389510315685
0.13671389510315685
0.13683818046234153
0.13683818046234153
0.13683818046234153
0.13683818046234153
0.13683818046234153
0.13683818046234153
0.13690032314193387
0.13690032314193387
0.1369624658215262
0.1369624658215262
0.1369624658215262
0.1369624658215262
0.1369624658215262
0.1369624658215262
0.13702460850111856
0.13714889386030327
0.13714889386030327
0.1372110365398956
0.1372110365398956
0.13727317921948795
0.13727317921948795
0.13727317921948795
0.1373353218990803
0.13739746457867263
0.13739746457867263
0.13745960725826498
0.13745960725826498
0.13745960725826498
0.13745960725826498
0.13745960725826498
0.13745960725826498
0.13745960725826498
0.13745960725826498
0.13745960725826498
0.13745960725826498
0.13752174993785732
0.13752174993785732
0.13752174993785732
0.137646035297042
0.137646035297042
0.137646035297042
0.13770817797663434
0.13770817797663434
0.13770817797663434
0.13770817797663434
0.13783246333581903
0.13783246333581903
0.1378946060154114
0.1378946060154114
0.1378946060154114
0.13795674869500374
0.13801889137459608
0.13801889137459608
0.13801889137459608
0.13801889137459608
0.13808103405418842
0.13808103405418842
0.13808103405418842
0.13814317673378076
0.13814317673378076
0.13814317673378076
0.13814317673378076
0.13814317673378076
0.13814317673378076
0.13814317673378076
0.13814317673378076
0.13814317673378076
0.13814317673378076
0.1382053194133731
0.13826746209296545
0.13826746209296545
0.1383296047725578
0.1383296047725578
0.1383296047725578
0.1383296047725578
0.1383296047725578
0.1383296047725578
0.1383296047725578
0.13845389013174247
0.13851603281133482
0.13851603281133482
0.13851603281133482
0.13857817549092716
0.13857817549092716
0.13857817549092716
0.13857817549092716
0.13857817549092716
0.13857817549092716
0.13857817549092716
0.13857817549092716
0.1386403181705195
0.1386403181705195
0.1386403181705195
0.1387646035297042
0.1387646035297042
0.1387646035297042
0.13882674620929655
0.13882674620929655
0.13882674620929655
0.13882674620929655
0.13882674620929655
0.13882674620929655
0.1388888888888889
0.13895103156848124
0.13895103156848124
0.13895103156848124
0.13895103156848124
0.13895103156848124
0.13895103156848124
0.13895103156848124
0.13901317424807358
0.13901317424807358
0.13901317424807358
0.13901317424807358
0.13901317424807358
0.13901317424807358
0.13901317424807358
0.13901317424807358
0.13901317424807358
0.13901317424807358
0.13907531692766592
0.13907531692766592
0.1391996022868506
0.1391996022868506
0.1391996022868506
0.1391996022868506
0.1391996022868506
0.1393238876460353
0.13944817300521997
0.13944817300521997
0.13951031568481234
0.13951031568481234
0.13951031568481234
0.13951031568481234
0.13957245836440468
0.13957245836440468
0.13957245836440468
0.13957245836440468
0.13957245836440468
0.13957245836440468
0.13957245836440468
0.13957245836440468
0.13963460104399703
0.13963460104399703
0.13963460104399703
0.13963460104399703
0.13963460104399703
0.13963460104399703
0.13963460104399703
0.13969674372358937
0.13969674372358937
0.1397588864031817
0.1397588864031817
0.1397588864031817
0.1398831717623664
0.13994531444195873
0.13994531444195873
0.13994531444195873
0.13994531444195873
0.14000745712155108
0.14000745712155108
0.14000745712155108
0.14000745712155108
0.14000745712155108
0.14000745712155108
0.14000745712155108
0.14000745712155108
0.14000745712155108
0.14006959980114342
0.14006959980114342
0.14013174248073576
0.14013174248073576
0.14013174248073576
0.14013174248073576
0.14013174248073576
0.1401938851603281
0.1401938851603281
0.14025602783992044
0.14025602783992044
0.14025602783992044
0.14025602783992044
0.14025602783992044
0.14025602783992044
0.14025602783992044
0.14025602783992044
0.14025602783992044
0.14025602783992044
0.14025602783992044
0.1403181705195128
0.1403181705195128
0.1403181705195128
0.1403181705195128
0.1403181705195128
0.1403181705195128
0.1403181705195128
0.1403181705195128
0.1403181705195128
0.1403181705195128
0.1404424558786975
0.1404424558786975
0.14050459855828984
0.14056674123788218
0.14056674123788218
0.14056674123788218
0.14056674123788218
0.14056674123788218
0.14056674123788218
0.14056674123788218
0.14056674123788218
0.14056674123788218
0.14056674123788218
0.14056674123788218
0.14056674123788218
0.14062888391747452
0.14062888391747452
0.14062888391747452
0.14062888391747452
0.14062888391747452
0.14062888391747452
0.14062888391747452
0.14062888391747452
0.14062888391747452
0.14062888391747452
0.14062888391747452
0.14062888391747452
0.14069102659706686
0.14069102659706686
0.14069102659706686
0.14069102659706686
0.14069102659706686
0.14069102659706686
0.14069102659706686
0.14069102659706686
0.14069102659706686
0.14069102659706686
0.1407531692766592
0.1407531692766592
0.1407531692766592
0.1407531692766592
0.14081531195625155
0.1408774546358439
0.1408774546358439
0.1408774546358439
0.14093959731543623
0.14100173999502857
0.14106388267462092
0.14106388267462092
0.14106388267462092
0.14106388267462092
0.14112602535421329
0.14118816803380563
0.14118816803380563
0.14125031071339797
0.14125031071339797
0.1413124533929903
0.1413124533929903
0.1413124533929903
0.14137459607258265
0.14137459607258265
0.141436738752175
0.141436738752175
