0.01684066616952523
0.025229927914491673
0.029952771563509818
0.034364901814566244
0.03734775043499876
0.040517027094208305
0.04300273427790206
0.04530201342281879
0.047787720606512554
0.05021128511061397
0.05188913745960726
0.053815560526969924
0.05555555555555555
0.05642555306984837
0.057730549341287594
0.058973402933134474
0.05996768580661198
0.06102411135968183
0.06220482227193637
0.0628262490678598
0.06388267462092966
0.06481481481481481
0.06543624161073826
0.06636838180462341
0.0670519512801392
0.06785980611483967
0.0686055182699478
0.06935123042505593
0.07003479990057171
0.0707183693760875
0.07152622421078797
0.0722719363658961
0.07295550584141189
0.07320407655978126
0.07357693263733532
0.07394978871488939
0.07463335819040517
0.07519264230673627
0.07581406910265971
0.07624906785980612
0.0763733532189908
0.07699478001491425
0.07774049217002237
0.07798906288839175
0.07829977628635347
0.0784862043251305
0.07898334576186926
0.07954262987820035
0.07997762863534676
0.08035048471290082
0.08066119811086254
0.08097191150882425
0.08140691026597068
0.08202833706189411
0.08227690778026349
0.08289833457618692
0.08327119065374099
0.08364404673129505
0.08401690280884912
0.0842654735272185
0.08451404424558787
0.08488690032314193
0.08532189908028834
0.0856947551578424
0.08612975391498881
0.08644046731295053
0.08668903803131991
0.08706189410887398
0.08749689286602039
0.08768332090479741
0.08799403430275914
0.08842903305990554
0.08873974645786727
0.08886403181705195
0.08898831717623663
0.0893611732537907
0.08973402933134476
0.0899204573701218
0.09029331344767587
0.0904797414864529
0.091039025602784
0.09134973900074571
0.09166045239870743
0.0920333084762615
0.09221973651503852
0.09240616455381556
0.0924683072334079
0.09290330599055431
0.09315187670892369
0.09333830474770072
0.0935868754660701
0.09371116082525478
0.09371116082525478
0.09395973154362416
0.09427044494158589
0.09445687298036291
0.09482972905791698
0.09495401441710166
0.09526472781506339
0.09538901317424807
0.09557544121302511
0.09569972657220979
0.09594829729057917
0.0961347253293562
0.09632115336813324
0.09650758140691026
0.09663186676609495
0.09681829480487199
0.09712900820283371
0.0972532935620184
0.09731543624161074
0.09737757892120308
0.09750186428038778
0.09762614963957246
0.09781257767834949
0.09793686303753418
0.09806114839671887
0.09818543375590355
0.09824757643549589
0.09830971911508825
0.09849614715386527
0.09868257519264231
0.098806860551827
0.09886900323141934
0.09893114591101168
0.09899328859060402
0.09917971662938106
0.09930400198856575
0.09942828734775043
0.09967685806611981
0.0998011434253045
0.09998757146408153
0.09998757146408153
0.10004971414367388
0.10029828486204326
0.10042257022122794
0.10048471290082028
0.10048471290082028
0.10073328361918966
0.100795426298782
0.10091971165796669
0.10110613969674373
0.10116828237633607
0.1013547104151131
0.10141685309470544
0.10154113845389014
0.10166542381307482
0.10172756649266716
0.10172756649266716
0.10203827989062889
0.10203827989062889
0.10203827989062889
0.10203827989062889
0.10222470792940591
0.10222470792940591
0.10253542132736763
0.10259756400695998
0.10259756400695998
0.10259756400695998
0.10259756400695998
0.10259756400695998
0.10265970668655232
0.10278399204573702
0.10278399204573702
0.10284613472532936
0.10284613472532936
0.1029082774049217
0.10303256276410638
0.10328113348247576
0.10346756152125279
0.10359184688043749
0.10365398956002983
0.10371613223962217
0.10384041759880686
0.10390256027839921
0.10390256027839921
0.10408898831717624
0.10421327367636092
0.10439970171513796
0.10439970171513796
0.10464827243350733
0.10495898583146905
0.10514541387024609
0.10526969922943077
0.1054561272682078
0.1054561272682078
0.10551826994780016
0.10564255530698484
0.10570469798657718
0.10576684066616952
0.10613969674372359
0.10632612478250063
0.10645041014168531
0.10651255282127765
0.10651255282127765
0.10669898086005468
0.10676112353964703
0.10676112353964703
0.10676112353964703
0.10676112353964703
0.10682326621923938
0.10688540889883172
0.10694755157842406
0.10707183693760874
0.1071339796172011
0.10719612229679344
0.10732040765597813
0.10744469301516281
0.10750683569475515
0.10756897837434751
0.10756897837434751
0.10769326373353219
0.10775540641312453
0.10781754909271687
0.10781754909271687
0.10787969177230922
0.10800397713149391
0.10800397713149391
0.10806611981108626
0.10819040517027094
0.10819040517027094
0.10831469052945562
0.108563261247825
0.10868754660700969
0.10868754660700969
0.10881183196619439
0.10887397464578673
0.10899826000497141
0.10899826000497141
0.10899826000497141
0.10899826000497141
0.10899826000497141
0.10899826000497141
0.10906040268456375
0.1091225453641561
0.10949540144171016
0.10955754412130252
0.10974397216007954
0.10980611483967188
0.10980611483967188
0.10986825751926423
0.11005468555804127
0.11011682823763361
0.11017897091722595
0.11042754163559533
0.11061396967437236
0.11073825503355705
0.11073825503355705
0.11086254039274174
0.11086254039274174
0.11098682575192642
0.11104896843151876
0.1111111111111111
0.1111111111111111
0.11129753914988814
0.11135968182948049
0.11142182450907283
0.11142182450907283
0.11154610986825753
0.11167039522744221
0.11173253790703455
0.11173253790703455
0.1117946805866269
0.1117946805866269
0.1117946805866269
0.1117946805866269
0.11191896594581158
0.11198110862540393
0.11204325130499627
0.11210539398458862
0.11216753666418096
0.11216753666418096
0.11229182202336564
0.112353964702958
0.112353964702958
0.11247825006214268
0.11260253542132737
0.11266467810091971
0.1127889634601044
0.1127889634601044
0.11297539149888143
0.11316181953765847
0.11341039025602784
0.11353467561521252
0.11359681829480488
0.11372110365398956
0.11384538901317424
0.11384538901317424
0.11403181705195128
0.11409395973154363
0.11415610241113597
0.11415610241113597
0.11415610241113597
0.11421824509072831
0.114342530449913
0.11446681580909769
0.11465324384787472
0.11477752920705941
0.11483967188665176
0.11496395724583644
0.11508824260502112
0.11508824260502112
0.11508824260502112
0.11508824260502112
0.11508824260502112
0.11527467064379816
0.11539895600298285
0.11539895600298285
0.11546109868257519
0.11552324136216753
0.11558538404175989
0.11558538404175989
0.11564752672135223
0.11564752672135223
0.11577181208053691
0.11577181208053691
0.11577181208053691
0.11583395476012925
0.11595824011931395
0.11614466815809098
0.11614466815809098
0.11620681083768332
0.11626895351727566
0.11626895351727566
0.116331096196868
0.11639323887646036
0.11639323887646036
0.1164553815560527
0.11651752423564504
0.11670395227442207
0.11670395227442207
0.11676609495401442
0.11676609495401442
0.11682823763360677
0.11682823763360677
0.11682823763360677
0.11682823763360677
0.11682823763360677
0.11689038031319911
0.11695252299279145
0.11720109371116083
0.11720109371116083
0.11720109371116083
0.11726323639075317
0.11726323639075317
0.11732537907034551
0.11738752174993786
0.11751180710912254
0.11751180710912254
0.11751180710912254
0.1175739497887149
0.11763609246830724
0.11763609246830724
0.11769823514789958
0.11769823514789958
0.11769823514789958
0.11776037782749192
0.11782252050708426
0.11807109122545364
0.11819537658463833
0.11831966194382301
0.11831966194382301
0.11838180462341537
0.11838180462341537
0.11838180462341537
0.11844394730300771
0.11850608998260005
0.1185682326621924
0.11863037534178474
0.11863037534178474
0.11863037534178474
0.11863037534178474
0.11863037534178474
0.11863037534178474
0.11863037534178474
0.11863037534178474
0.11863037534178474
0.11869251802137708
0.11869251802137708
0.11869251802137708
0.11881680338056178
0.11887894606015412
0.11887894606015412
0.11887894606015412
0.11887894606015412
0.1190032314193388
0.11906537409893114
0.11906537409893114
0.11912751677852348
0.11918965945811584
0.11925180213770818
0.11925180213770818
0.11925180213770818
0.11925180213770818
0.11925180213770818
0.11925180213770818
0.11925180213770818
0.11925180213770818
0.11931394481730052
0.11943823017648521
0.11956251553566989
0.11962465821526225
0.11962465821526225
0.11962465821526225
0.11962465821526225
0.11968680089485459
0.11968680089485459
0.11968680089485459
0.11974894357444693
0.11974894357444693
0.11974894357444693
0.11974894357444693
0.11974894357444693
0.11981108625403927
0.11981108625403927
0.11981108625403927
0.11981108625403927
0.11981108625403927
0.11981108625403927
0.11981108625403927
0.11987322893363161
0.11987322893363161
0.11987322893363161
0.11987322893363161
0.11993537161322396
0.11993537161322396
0.11993537161322396
0.11993537161322396
0.11999751429281631
0.12005965697240865
0.12005965697240865
0.12005965697240865
0.12005965697240865
0.12005965697240865
0.12024608501118568
0.12024608501118568
0.12030822769077802
0.12030822769077802
0.12030822769077802
0.12030822769077802
0.12030822769077802
0.12030822769077802
0.12030822769077802
0.12037037037037036
0.12043251304996272
0.12049465572955506
0.1205567984091474
0.12061894108873975
0.12061894108873975
0.12068108376833209
0.12080536912751678
0.12086751180710913
0.12092965448670147
0.12092965448670147
0.12092965448670147
0.12092965448670147
0.12092965448670147
0.12099179716629381
0.12099179716629381
0.12105393984588615
0.12117822520507084
0.12136465324384788
0.12136465324384788
0.12148893860303256
0.12161322396221726
0.12161322396221726
0.12161322396221726
0.12161322396221726
0.1216753666418096
0.12173750932140194
0.12186179468058662
0.12186179468058662
0.12186179468058662
0.12186179468058662
0.12192393736017897
0.12198608003977132
0.12198608003977132
0.12198608003977132
0.12198608003977132
0.12204822271936366
0.12204822271936366
0.122110365398956
0.122110365398956
0.122110365398956
0.122110365398956
0.12217250807854835
0.12217250807854835
0.12217250807854835
0.12217250807854835
0.12217250807854835
0.12217250807854835
0.12217250807854835
0.12217250807854835
0.12217250807854835
0.12217250807854835
0.12223465075814069
0.12235893611732537
0.12254536415610241
0.12260750683569475
0.12260750683569475
0.12260750683569475
0.12260750683569475
0.12260750683569475
0.12260750683569475
0.12260750683569475
0.1226696495152871
0.12273179219487944
0.12273179219487944
0.12273179219487944
0.12273179219487944
0.12273179219487944
0.12273179219487944
0.1227939348744718
0.12291822023365648
0.12291822023365648
0.12291822023365648
0.12291822023365648
0.12291822023365648
0.12291822023365648
0.12298036291324882
0.12304250559284116
0.1231046482724335
0.1231046482724335
0.1231046482724335
0.1231046482724335
0.1231046482724335
0.1231046482724335
0.1231046482724335
0.1231046482724335
0.1232289336316182
0.1232289336316182
0.12329107631121054
0.12329107631121054
0.12329107631121054
0.12341536167039523
0.12347750434998757
0.12372607506835695
0.12378821774794929
0.12378821774794929
0.12378821774794929
0.12385036042754163
0.12385036042754163
0.12397464578672632
0.12397464578672632
0.12397464578672632
0.12397464578672632
0.12397464578672632
0.12397464578672632
0.12397464578672632
0.12403678846631867
0.1242232165050957
0.1242232165050957
0.1242232165050957
0.12428535918468804
0.12428535918468804
0.12428535918468804
0.12428535918468804
0.12428535918468804
0.12434750186428038
0.12434750186428038
0.12434750186428038
0.12440964454387274
0.12440964454387274
0.12447178722346508
0.12453392990305742
0.12453392990305742
0.12459607258264976
0.12459607258264976
0.12459607258264976
0.12459607258264976
0.1246582152622421
0.1246582152622421
0.1246582152622421
0.12472035794183445
0.12484464330101915
0.12484464330101915
0.12484464330101915
0.12484464330101915
0.12484464330101915
0.12484464330101915
0.12490678598061149
0.12490678598061149
0.12490678598061149
0.12490678598061149
0.12490678598061149
0.12490678598061149
0.12490678598061149
0.12490678598061149
0.12490678598061149
0.12490678598061149
0.12490678598061149
0.12496892866020383
0.12509321401938853
0.12509321401938853
0.12509321401938853
0.12509321401938853
0.12509321401938853
0.12527964205816555
0.12540392741735024
0.12540392741735024
0.12540392741735024
0.12540392741735024
0.12540392741735024
0.12540392741735024
0.12546607009694258
0.12546607009694258
0.12546607009694258
0.12552821277653492
0.12559035545612726
0.12559035545612726
0.12559035545612726
0.12559035545612726
0.12559035545612726
0.12571464081531195
0.1257767834949043
0.1257767834949043
0.1257767834949043
0.12583892617449666
0.12583892617449666
0.12596321153368134
0.12596321153368134
0.12602535421327368
0.12608749689286602
0.12608749689286602
0.12614963957245837
0.1262117822520507
0.1262117822520507
0.1262117822520507
0.1262117822520507
0.1262117822520507
0.12627392493164305
0.12627392493164305
0.12627392493164305
0.12627392493164305
0.12627392493164305
0.12627392493164305
0.12627392493164305
0.12639821029082773
0.12646035297042008
0.12646035297042008
0.12646035297042008
0.12646035297042008
0.12646035297042008
0.12646035297042008
0.12646035297042008
0.12646035297042008
0.12646035297042008
0.12646035297042008
0.12652249565001242
0.12658463832960476
0.12658463832960476
0.12658463832960476
0.12670892368878947
0.12670892368878947
0.12670892368878947
0.12670892368878947
0.12670892368878947
0.12683320904797415
0.12683320904797415
0.1268953517275665
0.1268953517275665
0.1268953517275665
0.1268953517275665
0.12695749440715884
0.12695749440715884
0.12701963708675118
0.12708177976634352
0.12714392244593586
0.12714392244593586
0.1272060651255282
0.1272060651255282
0.1272060651255282
0.1272060651255282
0.1272060651255282
0.1272060651255282
0.12726820780512055
0.12726820780512055
0.12726820780512055
0.1273303504847129
0.1273303504847129
0.1273303504847129
0.1273303504847129
0.12739249316430523
0.12739249316430523
0.12739249316430523
0.1274546358438976
0.1274546358438976
0.1274546358438976
0.1274546358438976
0.12751677852348994
0.12757892120308229
0.12757892120308229
0.12757892120308229
0.12757892120308229
0.12757892120308229
0.12757892120308229
0.12757892120308229
0.12757892120308229
0.12770320656226697
0.12770320656226697
0.1277653492418593
0.12782749192145165
0.12782749192145165
0.12782749192145165
0.12782749192145165
0.12782749192145165
0.12782749192145165
0.12782749192145165
0.12782749192145165
0.127889634601044
0.127889634601044
0.127889634601044
0.127889634601044
0.12801391996022868
0.12807606263982102
0.12807606263982102
0.12807606263982102
0.12813820531941336
0.12813820531941336
0.12813820531941336
0.12813820531941336
0.12813820531941336
0.12813820531941336
0.12826249067859807
0.12826249067859807
0.12826249067859807
0.12832463335819042
0.12832463335819042
0.12838677603778276
0.1284489187173751
0.12857320407655978
0.12857320407655978
0.12863534675615212
0.12863534675615212
0.12869748943574447
0.1287596321153368
0.1287596321153368
0.1287596321153368
0.1287596321153368
0.1287596321153368
0.1287596321153368
0.1287596321153368
0.12882177479492915
0.1288839174745215
0.1288839174745215
0.1288839174745215
0.1288839174745215
0.1288839174745215
0.12894606015411383
0.12894606015411383
0.12894606015411383
0.12900820283370618
0.12900820283370618
0.12907034551329855
0.12907034551329855
0.1291324881928909
0.1291324881928909
0.12919463087248323
0.12925677355207557
0.12925677355207557
0.12925677355207557
0.1293189162316679
0.1293189162316679
0.12938105891126025
0.1294432015908526
0.1294432015908526
0.1294432015908526
0.1294432015908526
0.1294432015908526
0.12950534427044494
0.12950534427044494
0.12950534427044494
0.12950534427044494
0.12950534427044494
0.12950534427044494
0.12956748695003728
0.12956748695003728
0.12962962962962962
0.12962962962962962
0.12962962962962962
0.12969177230922196
0.12969177230922196
0.12969177230922196
0.12969177230922196
0.1297539149888143
0.1297539149888143
0.12987820034799902
0.12987820034799902
0.12987820034799902
0.12987820034799902
0.12994034302759136
0.12994034302759136
0.12994034302759136
0.12994034302759136
0.12994034302759136
0.12994034302759136
0.12994034302759136
0.12994034302759136
0.12994034302759136
0.12994034302759136
0.12994034302759136
0.12994034302759136
0.12994034302759136
0.12994034302759136
0.12994034302759136
0.12994034302759136
0.12994034302759136
0.12994034302759136
0.12994034302759136
0.13006462838677604
0.13006462838677604
0.13006462838677604
0.13006462838677604
0.13006462838677604
0.13012677106636839
0.13012677106636839
0.13012677106636839
0.13012677106636839
0.13012677106636839
0.13012677106636839
0.13012677106636839
0.13012677106636839
0.13018891374596073
0.13018891374596073
0.13018891374596073
0.13018891374596073
0.13018891374596073
0.13025105642555307
0.13025105642555307
0.13025105642555307
0.13025105642555307
0.13025105642555307
0.13025105642555307
0.13037534178473775
0.1304374844643301
0.1304374844643301
0.1304374844643301
0.1304374844643301
0.1304374844643301
0.1304374844643301
0.1304374844643301
0.1304374844643301
0.1304374844643301
0.1304374844643301
0.1304374844643301
0.13049962714392244
0.13049962714392244
0.13049962714392244
0.13049962714392244
0.13056176982351478
0.13062391250310712
0.1306860551826995
0.1306860551826995
0.1306860551826995
0.1306860551826995
0.1306860551826995
0.13074819786229183
0.13074819786229183
0.13081034054188417
0.1309967685806612
0.13105891126025354
0.13112105393984588
0.13112105393984588
0.13124533929903057
0.13124533929903057
0.13124533929903057
0.13124533929903057
0.1313074819786229
0.1313074819786229
0.1313074819786229
0.1313074819786229
0.1313074819786229
0.1313074819786229
0.13136962465821525
0.13143176733780762
0.13143176733780762
0.13143176733780762
0.13143176733780762
0.13143176733780762
0.13143176733780762
0.13143176733780762
0.13149391001739996
0.13149391001739996
0.1315560526969923
0.1315560526969923
0.1315560526969923
0.1315560526969923
0.1315560526969923
0.1315560526969923
0.13161819537658465
0.13161819537658465
0.13161819537658465
0.13161819537658465
0.13161819537658465
0.13161819537658465
0.131680338056177
0.131680338056177
0.13174248073576933
0.13174248073576933
0.13174248073576933
0.13174248073576933
0.13174248073576933
0.13174248073576933
0.13174248073576933
0.13174248073576933
0.13174248073576933
0.13174248073576933
0.13174248073576933
0.13174248073576933
0.13174248073576933
0.13174248073576933
0.13174248073576933
0.13174248073576933
0.13174248073576933
0.13174248073576933
0.13174248073576933
0.13174248073576933
0.13174248073576933
0.13174248073576933
0.13174248073576933
0.13174248073576933
0.13174248073576933
0.131866766094954
0.131866766094954
0.131866766094954
0.131866766094954
0.13192890877454636
0.1319910514541387
0.1319910514541387
0.1319910514541387
0.13205319413373104
0.13205319413373104
0.13205319413373104
0.13205319413373104
0.13211533681332338
0.13211533681332338
0.13211533681332338
0.13211533681332338
0.13211533681332338
0.13211533681332338
0.13211533681332338
0.13211533681332338
0.13211533681332338
0.13211533681332338
0.13217747949291572
0.1322396221725081
0.1322396221725081
0.1322396221725081
0.1322396221725081
0.1322396221725081
0.13230176485210043
0.13230176485210043
0.13236390753169278
0.13236390753169278
0.13248819289087746
0.1325503355704698
0.13261247825006214
0.13261247825006214
0.13267462092965449
0.13267462092965449
0.13267462092965449
0.13267462092965449
0.13267462092965449
0.13267462092965449
0.13267462092965449
0.13273676360924683
0.13273676360924683
0.13273676360924683
0.13273676360924683
0.13273676360924683
0.13273676360924683
0.13273676360924683
0.13273676360924683
0.13273676360924683
0.13273676360924683
0.1328610489684315
0.1328610489684315
0.1329853343276162
0.1329853343276162
0.1329853343276162
0.1329853343276162
0.1329853343276162
0.1329853343276162
0.1329853343276162
0.13304747700720856
0.13317176236639325
0.13329604772557793
0.13329604772557793
0.13335819040517027
0.13335819040517027
0.13335819040517027
0.13335819040517027
0.13348247576435496
0.13348247576435496
0.1335446184439473
0.1335446184439473
0.1335446184439473
0.13366890380313198
0.13366890380313198
0.13366890380313198
0.13366890380313198
