0.004412130251056426
0.0098806860551827
0.01112353964702958
0.012801391996022869
0.020879940343027592
0.027218493661446682
0.028523489932885907
0.030201342281879196
0.030636341039025603
0.032376336067611235
0.033743475018642805
0.03660203827989063
0.039025602783992044
0.04132488192890878
0.04219487944320159
0.043127019637086754
0.04343773303504847
0.04356201839423316
0.043810589112602535
0.04424558786974894
0.044556301267710666
0.04480487198608004
0.04523987074322645
0.04542629878200348
0.0457370121799652
0.045923440218742236
0.04617201093711161
0.04666915237385036
0.04691772309221973
0.04735272184936615
0.04791200596569724
0.0482848620432513
0.049217002237136466
0.05008699975142928
0.05083271190653741
0.05114342530449913
0.05157842406164554
0.05201342281879195
0.05263484961471539
0.0529455630126771
0.05338056176982352
0.053877703206562266
0.05437484464330102
0.05549341287596321
0.05623912503107134
0.05679840914740244
0.05698483718617947
0.05729555058414119
0.057854834700472285
0.05853840417598807
0.05878697489435745
0.05940840169028089
0.059719115088242604
0.05996768580661198
0.06058911260253542
0.06096196868008948
0.06133482475764355
0.06164553815560527
0.061831966194382304
0.062453392990305744
0.06263982102908278
0.06301267710663684
0.06332339050459856
0.06388267462092966
0.06419338801889138
0.06450410141685309
0.06462838677603779
0.06500124285359185
0.06512552821277653
0.06524981357196122
0.0654983842903306
0.0654983842903306
0.06556052696992294
0.06605766840666169
0.06630623912503107
0.06643052448421576
0.06680338056176982
0.06692766592095452
0.06730052199850857
0.06742480735769327
0.06773552075565499
0.06785980611483967
0.06823266219239374
0.06885408898831717
0.06928908774546358
0.06972408650260999
0.06997265722097937
0.07009694258016405
0.07022122793934875
0.07053194133731046
0.0707183693760875
0.07102908277404922
0.07121551081282625
0.07146408153119563
0.071712652249565
0.07177479492915735
0.07183693760874969
0.07208550832711906
0.07239622172508078
0.07245836440467313
0.07270693512304251
0.07276907780263485
0.07276907780263485
0.07295550584141189
0.07301764852100423
0.07314193388018891
0.0732662192393736
0.07345264727815064
0.07357693263733532
0.07370121799652
0.0738255033557047
0.07388764603529704
0.07407407407407407
0.07432264479244345
0.07432264479244345
0.0743847874720358
0.0743847874720358
0.07444693015162814
0.07450907283122048
0.07463335819040517
0.07488192890877454
0.07488192890877454
0.07500621426795924
0.07531692766592095
0.0753790703455133
0.07550335570469799
0.07568978374347501
0.07568978374347501
0.07587621178225205
0.07618692518021378
0.07643549589858314
0.07655978125776783
0.07668406661695253
0.07680835197613721
0.0769326373353219
0.07705692269450659
0.077491921451653
0.07767834949043002
0.07774049217002237
0.07786477752920706
0.07798906288839175
0.07805120556798409
0.07805120556798409
0.07823763360676113
0.07836191896594581
0.0784862043251305
0.0784862043251305
0.0784862043251305
0.0784862043251305
0.07854834700472284
0.07867263236390754
0.07873477504349988
0.07873477504349988
0.07873477504349988
0.0789212030822769
0.0790454884414616
0.07910763112105394
0.07916977380064628
0.07923191648023863
0.07923191648023863
0.07923191648023863
0.07929405915983097
0.07929405915983097
0.07929405915983097
0.07954262987820035
0.07972905791697737
0.07972905791697737
0.07979120059656973
0.07985334327616207
0.07997762863534676
0.0800397713149391
0.0800397713149391
0.08016405667412378
0.08016405667412378
0.08016405667412378
0.08016405667412378
0.08022619935371614
0.08035048471290082
0.08035048471290082
0.08035048471290082
0.08035048471290082
0.08041262739249316
0.08053691275167785
0.08053691275167785
0.08053691275167785
0.08053691275167785
0.08066119811086254
0.08078548347004723
0.08084762614963957
0.08090976882923191
0.08090976882923191
0.08097191150882425
0.08103405418841661
0.0811583395476013
0.08128262490678598
0.08134476758637832
0.08140691026597068
0.08153119562515536
0.0815933383047477
0.0815933383047477
0.0815933383047477
0.0815933383047477
0.08165548098434004
0.08165548098434004
0.08171762366393238
0.08171762366393238
0.08171762366393238
0.08184190902311708
0.08190405170270942
0.08196619438230177
0.08196619438230177
0.08196619438230177
0.08202833706189411
0.08202833706189411
0.08202833706189411
0.08215262242107879
0.08221476510067115
0.08221476510067115
0.08227690778026349
0.08233905045985583
0.08246333581904051
0.08252547849863286
0.08252547849863286
0.0825876211782252
0.0825876211782252
0.08264976385781755
0.0827119065374099
0.0827119065374099
0.0827119065374099
0.08283619189659458
0.08283619189659458
0.08302261993537162
0.08302261993537162
0.08302261993537162
0.08302261993537162
0.08302261993537162
0.08320904797414864
0.08320904797414864
0.08320904797414864
0.08320904797414864
0.08320904797414864
0.08327119065374099
0.08333333333333333
0.08333333333333333
0.08345761869251803
0.08345761869251803
0.08358190405170271
0.08376833209047974
0.08376833209047974
0.08376833209047974
0.08376833209047974
0.08376833209047974
0.08376833209047974
0.08376833209047974
0.08376833209047974
0.08376833209047974
0.08389261744966443
0.08395476012925678
0.08401690280884912
0.08420333084762614
0.08420333084762614
0.08432761620681084
0.08457618692518021
0.08457618692518021
0.0847004722843649
0.0847004722843649
0.08476261496395725
0.08476261496395725
0.08476261496395725
0.08482475764354959
0.08494904300273427
0.08507332836191897
0.08513547104151131
0.08513547104151131
0.08513547104151131
0.08513547104151131
0.08519761372110365
0.08519761372110365
0.085259756400696
0.08532189908028834
0.08550832711906538
0.08557046979865772
0.08557046979865772
0.08563261247825006
0.08563261247825006
0.0856947551578424
0.0858190405170271
0.08588118319661944
0.08588118319661944
0.08594332587621178
0.08594332587621178
0.08594332587621178
0.08600546855580413
0.08600546855580413
0.08606761123539647
0.08606761123539647
0.08606761123539647
0.08606761123539647
0.08606761123539647
0.08606761123539647
0.08606761123539647
0.08606761123539647
0.08606761123539647
0.08606761123539647
0.08606761123539647
0.08612975391498881
0.08612975391498881
0.08631618195376585
0.08631618195376585
0.08644046731295053
0.08644046731295053
0.08650260999254288
0.08650260999254288
0.08662689535172757
0.08668903803131991
0.0868133233905046
0.08687546607009694
0.08693760874968928
0.08693760874968928
0.08693760874968928
0.08693760874968928
0.08699975142928162
0.08699975142928162
0.087248322147651
0.087248322147651
0.087248322147651
0.087248322147651
0.08743475018642805
0.08743475018642805
0.08749689286602039
0.08749689286602039
0.08762117822520507
0.08774546358438975
0.08786974894357445
0.0879318916231668
0.0879318916231668
0.08799403430275914
0.08805617698235148
0.08805617698235148
0.08805617698235148
0.08805617698235148
0.08811831966194382
0.08818046234153616
0.08818046234153616
0.08818046234153616
0.08818046234153616
0.08818046234153616
0.08818046234153616
0.08824260502112852
0.08830474770072086
0.08830474770072086
0.08830474770072086
0.0883668903803132
0.08842903305990554
0.08842903305990554
0.08861546109868257
0.08861546109868257
0.08861546109868257
0.08861546109868257
0.08861546109868257
0.08861546109868257
0.08861546109868257
0.08861546109868257
0.08861546109868257
0.08861546109868257
0.08867760377827492
0.08873974645786727
0.08880188913745961
0.08886403181705195
0.08892617449664429
0.08898831717623663
0.08898831717623663
0.08905045985582899
0.08905045985582899
0.08905045985582899
0.08905045985582899
0.08905045985582899
0.08905045985582899
0.08905045985582899
0.08911260253542133
0.08911260253542133
0.08917474521501367
0.08923688789460602
0.08923688789460602
0.08923688789460602
0.08923688789460602
0.08923688789460602
0.0893611732537907
0.0893611732537907
0.08942331593338304
0.08960974397216008
0.08960974397216008
0.08967188665175242
0.08973402933134476
0.0899204573701218
0.08998260004971415
0.08998260004971415
0.09004474272930649
0.09004474272930649
0.09004474272930649
0.09010688540889883
0.09016902808849117
0.09016902808849117
0.09023117076808351
0.09023117076808351
0.09023117076808351
0.09023117076808351
0.09023117076808351
0.09023117076808351
0.09023117076808351
0.09029331344767587
0.09029331344767587
0.09035545612726821
0.09041759880686055
0.0904797414864529
0.0904797414864529
0.09054188416604524
0.09060402684563758
0.09066616952522993
0.09072831220482228
0.09079045488441462
0.09085259756400696
0.09085259756400696
0.0909147402435993
0.09097688292319164
0.091039025602784
0.091039025602784
0.09110116828237634
0.09110116828237634
0.09110116828237634
0.09116331096196868
0.09116331096196868
0.09116331096196868
0.09116331096196868
0.09116331096196868
0.09116331096196868
0.09116331096196868
0.09116331096196868
0.09116331096196868
0.09128759632115337
0.09134973900074571
0.0914740243599304
0.0914740243599304
0.09159830971911509
0.09159830971911509
0.09159830971911509
0.09159830971911509
0.09159830971911509
0.09159830971911509
0.09159830971911509
0.09159830971911509
0.09159830971911509
0.09159830971911509
0.09159830971911509
0.09159830971911509
0.09159830971911509
0.09166045239870743
0.09172259507829977
0.09172259507829977
0.09172259507829977
0.09178473775789212
0.09178473775789212
0.09178473775789212
0.09178473775789212
0.09178473775789212
0.09178473775789212
0.09178473775789212
0.09184688043748447
0.09184688043748447
0.09190902311707681
0.09190902311707681
0.09190902311707681
0.09190902311707681
0.09190902311707681
0.09190902311707681
0.09197116579666915
0.09197116579666915
0.09209545115585384
0.09221973651503852
0.09221973651503852
0.09221973651503852
0.09221973651503852
0.09234402187422322
0.09240616455381556
0.09240616455381556
0.09240616455381556
0.09240616455381556
0.0924683072334079
0.0924683072334079
0.09253044991300025
0.09265473527218494
0.09265473527218494
0.09265473527218494
0.09265473527218494
0.09265473527218494
0.09277902063136963
0.09277902063136963
0.09290330599055431
0.093027591349739
0.093027591349739
0.093027591349739
0.093027591349739
0.093027591349739
0.09308973402933135
0.09315187670892369
0.09315187670892369
0.09315187670892369
0.09315187670892369
0.09321401938851603
0.09327616206810838
0.09333830474770072
0.09340044742729306
0.0935868754660701
0.0935868754660701
0.09371116082525478
0.09377330350484712
0.09389758886403182
0.09389758886403182
0.0940218742232165
0.09408401690280885
0.09414615958240119
0.09414615958240119
0.09414615958240119
0.09414615958240119
0.09414615958240119
0.09414615958240119
0.09420830226199353
0.09433258762117823
0.09439473030077057
0.09445687298036291
0.09445687298036291
0.09451901565995526
0.09451901565995526
0.0947054436987323
0.0947054436987323
0.0947054436987323
0.09482972905791698
0.09482972905791698
0.09489187173750932
0.09495401441710166
0.09495401441710166
0.09507829977628636
0.09520258513547104
0.09526472781506339
0.09526472781506339
0.09532687049465573
0.09538901317424807
0.09538901317424807
0.09538901317424807
0.09538901317424807
0.09538901317424807
0.09538901317424807
0.09538901317424807
0.09545115585384041
0.09545115585384041
0.09557544121302511
0.09557544121302511
0.09563758389261745
0.09563758389261745
0.09569972657220979
0.09569972657220979
0.09569972657220979
0.09569972657220979
0.09576186925180213
0.09582401193139448
0.09582401193139448
0.09582401193139448
0.09582401193139448
0.09582401193139448
0.09582401193139448
0.09582401193139448
0.09582401193139448
0.09588615461098683
0.09601043997017152
0.09607258264976386
0.09607258264976386
0.09607258264976386
0.09607258264976386
0.09607258264976386
0.09607258264976386
0.09607258264976386
0.0961347253293562
0.0961347253293562
0.09625901068854088
0.09625901068854088
0.09638329604772558
0.09638329604772558
0.09638329604772558
0.09644543872731792
0.09650758140691026
0.09650758140691026
0.0965697240865026
0.0965697240865026
0.0965697240865026
0.09663186676609495
0.09663186676609495
0.09663186676609495
0.09663186676609495
0.0966940094456873
0.09675615212527965
0.09675615212527965
0.09681829480487199
0.09681829480487199
0.09681829480487199
0.09681829480487199
0.09694258016405667
0.09694258016405667
0.09694258016405667
0.09694258016405667
0.09694258016405667
0.09694258016405667
0.09694258016405667
0.09694258016405667
0.09700472284364901
0.09700472284364901
0.09706686552324137
0.09706686552324137
0.09706686552324137
0.09712900820283371
0.09712900820283371
0.09712900820283371
0.09712900820283371
0.09712900820283371
0.09719115088242605
0.09719115088242605
0.09719115088242605
0.09719115088242605
0.09719115088242605
0.0972532935620184
0.0972532935620184
0.0972532935620184
0.0972532935620184
0.0972532935620184
0.0972532935620184
0.0972532935620184
0.0972532935620184
0.09731543624161074
0.09743972160079542
0.09743972160079542
0.09743972160079542
0.09750186428038778
0.09750186428038778
0.09750186428038778
0.09750186428038778
0.09756400695998012
0.09756400695998012
0.09756400695998012
0.09756400695998012
0.09756400695998012
0.09775043499875714
0.09781257767834949
0.09793686303753418
0.09793686303753418
0.09793686303753418
0.09799900571712652
0.09799900571712652
0.09799900571712652
0.09799900571712652
0.09799900571712652
0.09799900571712652
0.09799900571712652
0.09799900571712652
0.09799900571712652
0.09799900571712652
0.09799900571712652
0.09806114839671887
0.09812329107631121
0.09812329107631121
0.09812329107631121
0.09812329107631121
0.09812329107631121
0.09812329107631121
0.09812329107631121
0.09812329107631121
0.09812329107631121
0.09818543375590355
0.09818543375590355
0.09824757643549589
0.09824757643549589
0.09824757643549589
0.09837186179468059
0.09837186179468059
0.09837186179468059
0.09837186179468059
0.09837186179468059
0.09837186179468059
0.09837186179468059
0.09843400447427293
0.09849614715386527
0.09849614715386527
0.09849614715386527
0.09855828983345762
0.09855828983345762
0.09862043251304996
0.09862043251304996
0.09862043251304996
0.09862043251304996
0.09862043251304996
0.09862043251304996
0.09862043251304996
0.09862043251304996
0.09862043251304996
0.09862043251304996
0.09862043251304996
0.09862043251304996
0.09862043251304996
0.09862043251304996
0.09862043251304996
0.09862043251304996
0.09862043251304996
0.09862043251304996
0.09862043251304996
0.09862043251304996
0.09862043251304996
0.09868257519264231
0.09868257519264231
0.09868257519264231
0.09868257519264231
0.09868257519264231
0.09868257519264231
0.09868257519264231
0.09868257519264231
0.09868257519264231
0.09868257519264231
0.09868257519264231
0.09868257519264231
0.09868257519264231
0.09868257519264231
0.09868257519264231
0.09874471787223466
0.09886900323141934
0.09893114591101168
0.09899328859060402
0.09899328859060402
0.09905543127019636
0.09905543127019636
0.09905543127019636
0.09905543127019636
0.09905543127019636
0.09905543127019636
0.09905543127019636
0.09905543127019636
0.09905543127019636
0.09905543127019636
0.09905543127019636
0.09905543127019636
0.09905543127019636
0.09905543127019636
0.09911757394978872
0.09911757394978872
0.09911757394978872
0.09911757394978872
0.09911757394978872
0.09911757394978872
0.09917971662938106
0.09917971662938106
0.09917971662938106
0.09917971662938106
0.09917971662938106
0.09917971662938106
0.09917971662938106
0.09917971662938106
0.09917971662938106
0.0992418593089734
0.0992418593089734
0.09930400198856575
0.09936614466815809
0.09936614466815809
0.09936614466815809
0.09936614466815809
0.09936614466815809
0.09936614466815809
0.09942828734775043
0.09949043002734279
0.09949043002734279
0.09949043002734279
0.09949043002734279
0.09955257270693513
0.09955257270693513
0.09955257270693513
0.09955257270693513
0.09955257270693513
0.09955257270693513
0.09961471538652747
0.09961471538652747
0.09961471538652747
0.09961471538652747
0.09967685806611981
0.09967685806611981
0.09967685806611981
0.09967685806611981
0.09967685806611981
0.09967685806611981
0.09967685806611981
0.09967685806611981
0.09967685806611981
0.09967685806611981
0.09967685806611981
0.09967685806611981
0.09967685806611981
0.09967685806611981
0.09967685806611981
0.09967685806611981
0.09967685806611981
0.09973900074571215
0.0998011434253045
0.0998011434253045
0.0998011434253045
0.0998011434253045
0.0998011434253045
0.0998011434253045
0.09992542878448919
0.09992542878448919
0.09998757146408153
0.09998757146408153
0.09998757146408153
0.10004971414367388
0.10004971414367388
0.10004971414367388
0.10004971414367388
0.10004971414367388
0.10004971414367388
0.10004971414367388
0.10004971414367388
0.10004971414367388
0.10011185682326622
0.10011185682326622
0.10011185682326622
0.10011185682326622
0.10017399950285856
0.10017399950285856
0.10017399950285856
0.10017399950285856
0.10017399950285856
0.1002361421824509
0.1002361421824509
0.10029828486204326
0.10029828486204326
0.10029828486204326
0.10029828486204326
0.10029828486204326
0.10029828486204326
0.10029828486204326
0.1003604275416356
0.10048471290082028
0.10048471290082028
0.10048471290082028
0.10048471290082028
0.10048471290082028
0.10048471290082028
0.10054685558041263
0.10054685558041263
0.10054685558041263
0.10054685558041263
0.10060899826000497
0.10060899826000497
0.10060899826000497
0.10060899826000497
0.10060899826000497
0.10060899826000497
0.10060899826000497
0.10060899826000497
0.10060899826000497
0.10060899826000497
0.10060899826000497
0.10060899826000497
0.10060899826000497
0.10060899826000497
0.10060899826000497
0.10060899826000497
0.10073328361918966
0.10073328361918966
0.10073328361918966
0.10073328361918966
0.100795426298782
0.100795426298782
0.100795426298782
0.100795426298782
0.100795426298782
0.10085756897837435
0.10085756897837435
0.10085756897837435
0.10085756897837435
0.10085756897837435
0.10085756897837435
0.10091971165796669
0.10091971165796669
0.10091971165796669
0.10091971165796669
0.10091971165796669
0.10091971165796669
0.10091971165796669
0.10098185433755903
0.10098185433755903
0.10098185433755903
0.10098185433755903
0.10098185433755903
0.10098185433755903
0.10098185433755903
0.10104399701715137
0.10104399701715137
0.10104399701715137
0.10104399701715137
0.10104399701715137
0.10104399701715137
0.10104399701715137
0.10104399701715137
0.10104399701715137
0.10110613969674373
0.10110613969674373
0.10110613969674373
0.10110613969674373
0.10110613969674373
0.10110613969674373
0.10116828237633607
0.10116828237633607
0.10116828237633607
0.10116828237633607
0.10116828237633607
0.10116828237633607
0.10116828237633607
0.10116828237633607
0.10123042505592841
0.10129256773552076
0.10129256773552076
0.10129256773552076
0.10129256773552076
0.10129256773552076
0.1013547104151131
0.10141685309470544
0.10141685309470544
0.10141685309470544
0.10141685309470544
0.10141685309470544
0.10141685309470544
0.10141685309470544
0.10147899577429778
0.10147899577429778
0.10154113845389014
0.10154113845389014
0.10154113845389014
0.10154113845389014
0.10160328113348248
0.10160328113348248
0.10166542381307482
0.10166542381307482
0.10166542381307482
0.10166542381307482
0.10166542381307482
0.10166542381307482
0.10166542381307482
0.10166542381307482
0.10166542381307482
0.10166542381307482
0.10166542381307482
0.10166542381307482
0.10166542381307482
0.10166542381307482
0.10166542381307482
0.10166542381307482
0.10166542381307482
0.10166542381307482
0.10166542381307482
0.10166542381307482
0.10172756649266716
0.10172756649266716
0.10172756649266716
0.10172756649266716
0.10172756649266716
0.10185185185185185
0.10185185185185185
0.10185185185185185
0.10185185185185185
0.1019139945314442
0.1019139945314442
0.1019139945314442
0.1019139945314442
0.1019139945314442
0.1019139945314442
0.1019139945314442
0.1019139945314442
0.1019139945314442
0.1019139945314442
0.10197613721103654
0.10197613721103654
0.10197613721103654
0.10197613721103654
0.10197613721103654
0.10197613721103654
0.10197613721103654
0.10197613721103654
0.10197613721103654
0.10197613721103654
0.10203827989062889
0.10203827989062889
0.10203827989062889
0.10203827989062889
0.10203827989062889
0.10203827989062889
0.10203827989062889
