0.0
0.0
0.0
0.0
0.0
0.0
0.0
0.0
0.0
0.0
0.0
0.0
0.0
0.0003728560775540641
0.0003728560775540641
0.0003728560775540641
0.0003728560775540641
0.0003728560775540641
0.0003728560775540641
0.0018021377081779766
0.0018021377081779766
0.0018021377081779766
0.0018021377081779766
0.0018021377081779766
0.0018021377081779766
0.0018021377081779766
0.0018021377081779766
0.0018021377081779766
0.0018021377081779766
0.0018021377081779766
0.0018021377081779766
0.0019885657469550086
0.0019885657469550086
0.0019885657469550086
0.0019885657469550086
0.0022371364653243847
0.0022371364653243847
0.0022371364653243847
0.0022371364653243847
0.002672135222470793
0.002672135222470793
0.002672135222470793
0.002672135222470793
0.002672135222470793
0.002672135222470793
0.002672135222470793
0.002672135222470793
0.002672135222470793
0.002672135222470793
0.002672135222470793
0.002672135222470793
0.002672135222470793
0.002672135222470793
0.002672135222470793
0.002672135222470793
0.002672135222470793
0.003044991300024857
0.003044991300024857
0.003044991300024857
0.003044991300024857
0.003044991300024857
0.004039274173502362
0.004039274173502362
0.004039274173502362
0.004971414367387522
0.004971414367387522
0.004971414367387522
0.004971414367387522
0.004971414367387522
0.004971414367387522
0.004971414367387522
0.004971414367387522
0.004971414367387522
0.004971414367387522
0.004971414367387522
0.004971414367387522
0.004971414367387522
0.004971414367387522
0.004971414367387522
0.004971414367387522
0.004971414367387522
0.004971414367387522
0.004971414367387522
0.004971414367387522
0.004971414367387522
0.004971414367387522
0.004971414367387522
0.004971414367387522
0.004971414367387522
0.004971414367387522
0.004971414367387522
0.004971414367387522
0.004971414367387522
0.004971414367387522
0.004971414367387522
0.004971414367387522
0.004971414367387522
0.004971414367387522
0.004971414367387522
0.004971414367387522
0.004971414367387522
0.004971414367387522
0.004971414367387522
0.004971414367387522
0.004971414367387522
0.004971414367387522
0.004971414367387522
0.004971414367387522
0.004971414367387522
0.004971414367387522
0.004971414367387522
0.004971414367387522
0.004971414367387522
0.004971414367387522
0.005530698483718618
0.005530698483718618
0.005530698483718618
0.005530698483718618
0.005530698483718618
0.005530698483718618
0.005530698483718618
0.005530698483718618
0.005654983842903306
0.0058414118816803385
0.0058414118816803385
0.0058414118816803385
0.0058414118816803385
0.0058414118816803385
0.0058414118816803385
0.0058414118816803385
0.0058414118816803385
0.0058414118816803385
0.0058414118816803385
0.0058414118816803385
0.0058414118816803385
0.0058414118816803385
0.0058414118816803385
0.0058414118816803385
0.0058414118816803385
0.0058414118816803385
0.0058414118816803385
0.0058414118816803385
0.0058414118816803385
0.0058414118816803385
0.0058414118816803385
0.0058414118816803385
0.0058414118816803385
0.0058414118816803385
0.0058414118816803385
0.0058414118816803385
0.0058414118816803385
0.0058414118816803385
0.0058414118816803385
0.0058414118816803385
0.0058414118816803385
0.0058414118816803385
0.006835694755157842
0.006835694755157842
0.006835694755157842
0.006835694755157842
0.006835694755157842
0.007146408153119562
0.007146408153119562
0.007146408153119562
0.007146408153119562
0.007146408153119562
0.007146408153119562
0.007146408153119562
0.007146408153119562
0.007146408153119562
0.007146408153119562
0.007146408153119562
0.007146408153119562
0.007146408153119562
0.007146408153119562
0.007146408153119562
0.007146408153119562
0.007146408153119562
0.007146408153119562
0.007146408153119562
0.007394978871488938
0.007394978871488938
0.007394978871488938
0.007394978871488938
0.007394978871488938
0.007394978871488938
0.007394978871488938
0.007394978871488938
0.007394978871488938
0.007394978871488938
0.007519264230673626
0.007519264230673626
0.007519264230673626
0.007519264230673626
0.007519264230673626
0.007519264230673626
0.0077678349490430025
0.0077678349490430025
0.0077678349490430025
0.0077678349490430025
0.0077678349490430025
0.0077678349490430025
0.0077678349490430025
0.0077678349490430025
0.0077678349490430025
0.0077678349490430025
0.0077678349490430025
0.0077678349490430025
0.0077678349490430025
0.0077678349490430025
0.0077678349490430025
0.0077678349490430025
0.0077678349490430025
0.0077678349490430025
0.0077678349490430025
0.0077678349490430025
0.0077678349490430025
0.0077678349490430025
0.0077678349490430025
0.0077678349490430025
0.0077678349490430025
0.0077678349490430025
0.0077678349490430025
0.0077678349490430025
0.0077678349490430025
0.0077678349490430025
0.0077678349490430025
0.0077678349490430025
0.0077678349490430025
0.0077678349490430025
0.0077678349490430025
0.0077678349490430025
0.0077678349490430025
0.00789212030822769
0.00789212030822769
0.00789212030822769
0.00789212030822769
0.00789212030822769
0.00789212030822769
0.00789212030822769
0.00789212030822769
0.00789212030822769
0.00789212030822769
0.00789212030822769
0.00789212030822769
0.00789212030822769
0.00801640566741238
0.00801640566741238
0.00801640566741238
0.009259259259259259
0.009259259259259259
0.009259259259259259
0.009259259259259259
0.009259259259259259
0.009259259259259259
0.009259259259259259
0.009259259259259259
0.009259259259259259
0.009259259259259259
0.009259259259259259
0.009259259259259259
0.009259259259259259
0.009259259259259259
0.009259259259259259
0.009259259259259259
0.009259259259259259
0.009259259259259259
0.009259259259259259
0.009259259259259259
0.009445687298036291
0.009445687298036291
0.009445687298036291
0.009445687298036291
0.009445687298036291
0.009445687298036291
0.009445687298036291
0.009445687298036291
0.009445687298036291
0.009445687298036291
0.009445687298036291
0.009445687298036291
0.009445687298036291
0.009445687298036291
0.009445687298036291
0.009445687298036291
0.009445687298036291
0.009445687298036291
0.009445687298036291
0.009632115336813324
0.009632115336813324
0.009632115336813324
0.009632115336813324
0.009632115336813324
0.009632115336813324
0.009632115336813324
0.009632115336813324
0.009632115336813324
0.009632115336813324
0.009632115336813324
0.009632115336813324
0.009632115336813324
0.009632115336813324
0.009632115336813324
0.009632115336813324
0.009632115336813324
0.009632115336813324
0.009632115336813324
0.009632115336813324
0.009632115336813324
0.009632115336813324
0.009632115336813324
0.009632115336813324
0.009632115336813324
0.009632115336813324
0.009632115336813324
0.009632115336813324
0.009632115336813324
0.009632115336813324
0.009632115336813324
0.009632115336813324
0.009632115336813324
0.009632115336813324
0.009632115336813324
0.009632115336813324
0.009632115336813324
0.009632115336813324
0.009632115336813324
0.009632115336813324
0.009632115336813324
0.009632115336813324
0.009632115336813324
0.009632115336813324
0.009632115336813324
0.009632115336813324
0.009632115336813324
0.009632115336813324
0.009632115336813324
0.010004971414367387
0.010004971414367387
0.010004971414367387
0.010004971414367387
0.010004971414367387
0.010004971414367387
0.010004971414367387
0.010004971414367387
0.010004971414367387
0.010004971414367387
0.010004971414367387
0.010004971414367387
0.010004971414367387
0.010004971414367387
0.010004971414367387
0.010004971414367387
0.010004971414367387
0.010004971414367387
0.010004971414367387
0.010004971414367387
0.010004971414367387
0.010129256773552076
0.010129256773552076
0.010129256773552076
0.010129256773552076
0.010129256773552076
0.010129256773552076
0.010129256773552076
0.010129256773552076
0.010129256773552076
0.010129256773552076
0.010129256773552076
0.010129256773552076
0.010129256773552076
0.010129256773552076
0.010129256773552076
0.010129256773552076
0.010377827491921452
0.010377827491921452
0.010377827491921452
0.010377827491921452
0.010377827491921452
0.010377827491921452
0.010377827491921452
0.010377827491921452
0.010377827491921452
0.010377827491921452
0.010377827491921452
0.010377827491921452
0.010626398210290829
0.010626398210290829
0.010626398210290829
0.010626398210290829
0.010626398210290829
0.010626398210290829
0.010626398210290829
0.010626398210290829
0.010626398210290829
0.010626398210290829
0.010626398210290829
0.010626398210290829
0.010626398210290829
0.010626398210290829
0.010626398210290829
0.010626398210290829
0.010626398210290829
0.010626398210290829
0.010626398210290829
0.010626398210290829
0.010626398210290829
0.010626398210290829
0.010626398210290829
0.010626398210290829
0.010626398210290829
0.010626398210290829
0.010626398210290829
0.010626398210290829
0.010626398210290829
0.010626398210290829
0.010626398210290829
0.010626398210290829
0.010626398210290829
0.010626398210290829
0.010626398210290829
0.010937111608252548
0.010937111608252548
0.010937111608252548
0.010937111608252548
0.010937111608252548
0.010937111608252548
0.010937111608252548
0.010937111608252548
0.010937111608252548
0.010937111608252548
0.010937111608252548
0.010937111608252548
0.010937111608252548
0.010937111608252548
0.011185682326621925
0.011247825006214268
0.011247825006214268
0.011247825006214268
0.011247825006214268
0.011247825006214268
0.011247825006214268
0.011247825006214268
0.011247825006214268
0.011247825006214268
0.011247825006214268
0.011247825006214268
0.011247825006214268
0.011247825006214268
0.011247825006214268
0.011247825006214268
0.011247825006214268
0.011247825006214268
0.011247825006214268
0.011247825006214268
0.011496395724583644
0.011496395724583644
0.011496395724583644
0.011496395724583644
0.011496395724583644
0.011496395724583644
0.011496395724583644
0.011496395724583644
0.011496395724583644
0.011496395724583644
0.011496395724583644
0.011496395724583644
0.011496395724583644
0.011496395724583644
0.01174496644295302
0.01174496644295302
0.01174496644295302
0.01174496644295302
0.01174496644295302
0.01174496644295302
0.01174496644295302
0.01174496644295302
0.01174496644295302
0.011807109122545364
0.011807109122545364
0.011807109122545364
0.011807109122545364
0.011807109122545364
0.011807109122545364
0.011807109122545364
0.011807109122545364
0.011807109122545364
0.011807109122545364
0.011807109122545364
0.011807109122545364
0.011807109122545364
0.011807109122545364
0.011807109122545364
0.011807109122545364
0.011807109122545364
0.011807109122545364
0.011807109122545364
0.011807109122545364
0.011807109122545364
0.011807109122545364
0.012490678598061149
0.012490678598061149
0.012490678598061149
0.012490678598061149
0.012490678598061149
0.012490678598061149
0.012490678598061149
0.012490678598061149
0.012490678598061149
0.012490678598061149
0.012490678598061149
0.012490678598061149
0.012490678598061149
0.012552821277653493
0.012552821277653493
0.012552821277653493
0.012552821277653493
0.012552821277653493
0.012552821277653493
0.012552821277653493
0.012552821277653493
0.012552821277653493
0.012552821277653493
0.012552821277653493
0.012552821277653493
0.012552821277653493
0.012552821277653493
0.012552821277653493
0.012552821277653493
0.012552821277653493
0.012552821277653493
0.013236390753169276
0.013236390753169276
0.013236390753169276
0.013236390753169276
0.013236390753169276
0.013236390753169276
0.013236390753169276
0.013236390753169276
0.013236390753169276
0.013236390753169276
0.013236390753169276
0.013236390753169276
0.013236390753169276
0.013236390753169276
0.013236390753169276
0.013236390753169276
0.013236390753169276
0.013236390753169276
0.013236390753169276
0.013236390753169276
0.013236390753169276
0.013236390753169276
0.013236390753169276
0.013236390753169276
0.013236390753169276
0.013236390753169276
0.013236390753169276
0.013236390753169276
0.013236390753169276
0.013236390753169276
0.013236390753169276
0.013236390753169276
0.013236390753169276
0.013236390753169276
0.013236390753169276
0.013236390753169276
0.013236390753169276
0.013236390753169276
0.013236390753169276
0.013236390753169276
0.013236390753169276
0.013236390753169276
0.013236390753169276
0.013236390753169276
0.013236390753169276
0.013236390753169276
0.013236390753169276
0.013236390753169276
0.013236390753169276
0.013236390753169276
0.013236390753169276
0.013236390753169276
0.013236390753169276
0.013236390753169276
0.013236390753169276
0.013236390753169276
0.013236390753169276
0.013236390753169276
0.013236390753169276
0.013236390753169276
0.013236390753169276
0.013236390753169276
0.013236390753169276
0.013236390753169276
0.013236390753169276
0.013236390753169276
0.013236390753169276
0.013236390753169276
0.013236390753169276
0.013236390753169276
0.013236390753169276
0.013236390753169276
0.013236390753169276
0.013360676112353965
0.013360676112353965
0.013360676112353965
0.013360676112353965
0.013360676112353965
0.013360676112353965
0.013360676112353965
0.013360676112353965
0.013360676112353965
0.013360676112353965
0.013360676112353965
0.013360676112353965
0.013360676112353965
0.013360676112353965
0.013360676112353965
0.013360676112353965
0.013360676112353965
0.013360676112353965
0.013360676112353965
0.013360676112353965
0.013360676112353965
0.013360676112353965
0.013360676112353965
0.01404424558786975
0.01404424558786975
0.01404424558786975
0.01404424558786975
0.01404424558786975
0.01404424558786975
0.01404424558786975
0.014106388267462093
0.014106388267462093
0.014106388267462093
0.014106388267462093
0.014106388267462093
0.014106388267462093
0.014106388267462093
0.014106388267462093
0.014106388267462093
0.014106388267462093
0.014106388267462093
0.014106388267462093
0.014106388267462093
0.014106388267462093
0.014106388267462093
0.014106388267462093
0.014106388267462093
0.014106388267462093
0.014106388267462093
0.014106388267462093
0.014106388267462093
0.014106388267462093
0.014106388267462093
0.014106388267462093
0.014106388267462093
0.014106388267462093
0.014106388267462093
0.014106388267462093
0.014106388267462093
0.014106388267462093
0.014106388267462093
0.014106388267462093
0.014106388267462093
0.01423067362664678
0.01423067362664678
0.01423067362664678
0.01423067362664678
0.01423067362664678
0.014292816306239124
0.014292816306239124
0.014292816306239124
0.014292816306239124
0.014292816306239124
0.014292816306239124
0.014292816306239124
0.014292816306239124
0.014292816306239124
0.014292816306239124
0.014292816306239124
0.014292816306239124
0.014292816306239124
0.014292816306239124
0.014292816306239124
0.014292816306239124
0.014292816306239124
0.014292816306239124
0.014292816306239124
0.014292816306239124
0.014292816306239124
0.014292816306239124
0.014292816306239124
0.014292816306239124
0.014292816306239124
0.014292816306239124
0.014292816306239124
0.014292816306239124
0.014292816306239124
0.014292816306239124
0.01435495898583147
0.01435495898583147
0.01435495898583147
0.01435495898583147
0.01435495898583147
0.01435495898583147
0.01435495898583147
0.01435495898583147
0.01435495898583147
0.01435495898583147
0.01435495898583147
0.01435495898583147
0.01435495898583147
0.01435495898583147
0.01435495898583147
0.01435495898583147
0.01435495898583147
0.01435495898583147
0.01435495898583147
0.01435495898583147
0.01435495898583147
0.01435495898583147
0.01435495898583147
0.01435495898583147
0.01435495898583147
0.01435495898583147
0.01435495898583147
0.01435495898583147
0.01435495898583147
0.01435495898583147
0.01435495898583147
0.01435495898583147
0.01435495898583147
0.0145413870246085
0.0145413870246085
0.0145413870246085
0.0145413870246085
0.0145413870246085
0.0145413870246085
0.0145413870246085
0.0145413870246085
0.0145413870246085
0.01466567238379319
0.01466567238379319
0.01466567238379319
0.01466567238379319
0.01466567238379319
0.01466567238379319
0.01466567238379319
0.01466567238379319
0.01466567238379319
0.01466567238379319
0.01466567238379319
0.01466567238379319
0.01466567238379319
0.01466567238379319
0.01466567238379319
0.01466567238379319
0.01466567238379319
0.01466567238379319
0.01466567238379319
0.01466567238379319
0.01466567238379319
0.01466567238379319
0.01466567238379319
0.01466567238379319
0.01466567238379319
0.01466567238379319
0.014852100422570222
0.014852100422570222
0.014852100422570222
0.014852100422570222
0.014852100422570222
0.014852100422570222
0.014852100422570222
0.014852100422570222
0.014852100422570222
0.014852100422570222
0.014852100422570222
0.014852100422570222
0.014852100422570222
0.014852100422570222
0.014852100422570222
0.014852100422570222
0.014852100422570222
0.014852100422570222
0.014852100422570222
0.014852100422570222
0.014852100422570222
0.014852100422570222
0.014852100422570222
0.014852100422570222
0.014852100422570222
0.014852100422570222
0.014852100422570222
0.014852100422570222
0.014852100422570222
0.014852100422570222
0.014852100422570222
0.014852100422570222
0.014852100422570222
0.014852100422570222
0.014852100422570222
0.014852100422570222
0.014852100422570222
0.014852100422570222
0.014852100422570222
0.014852100422570222
0.014852100422570222
0.014852100422570222
0.014852100422570222
0.014852100422570222
0.014852100422570222
0.014852100422570222
0.014852100422570222
0.014852100422570222
0.014852100422570222
0.014852100422570222
0.014852100422570222
0.014852100422570222
0.014852100422570222
0.014852100422570222
0.014852100422570222
0.014852100422570222
0.014852100422570222
0.014852100422570222
0.014852100422570222
0.014852100422570222
0.014852100422570222
0.014852100422570222
0.014852100422570222
0.014852100422570222
0.014852100422570222
0.014852100422570222
0.014852100422570222
0.014852100422570222
0.014852100422570222
0.014852100422570222
0.014852100422570222
0.014852100422570222
0.014852100422570222
0.014852100422570222
0.014852100422570222
0.014852100422570222
0.014852100422570222
0.014852100422570222
0.014852100422570222
0.014852100422570222
0.015100671140939598
0.015100671140939598
0.015100671140939598
0.015100671140939598
0.015100671140939598
0.015100671140939598
0.015100671140939598
0.015100671140939598
0.015100671140939598
0.015100671140939598
0.015100671140939598
0.015100671140939598
0.015100671140939598
0.015100671140939598
0.015100671140939598
0.015100671140939598
0.015100671140939598
0.015100671140939598
0.015100671140939598
0.015100671140939598
0.015100671140939598
0.015100671140939598
0.015100671140939598
0.015100671140939598
0.015100671140939598
0.015100671140939598
0.015100671140939598
0.015100671140939598
0.015100671140939598
0.015100671140939598
0.015100671140939598
0.015100671140939598
0.015100671140939598
0.015100671140939598
0.015100671140939598
0.015100671140939598
0.015100671140939598
0.015100671140939598
0.015100671140939598
0.015100671140939598
0.015100671140939598
0.015100671140939598
0.015100671140939598
0.015100671140939598
0.015100671140939598
0.015100671140939598
0.015100671140939598
0.015100671140939598
0.015100671140939598
0.015224956500124285
0.015224956500124285
0.015224956500124285
0.015224956500124285
0.015224956500124285
0.015224956500124285
0.015224956500124285
0.015224956500124285
0.015224956500124285
0.015224956500124285
0.015224956500124285
0.015224956500124285
0.015224956500124285
0.015224956500124285
0.015224956500124285
0.015224956500124285
0.015224956500124285
0.015224956500124285
0.015224956500124285
0.015224956500124285
0.015224956500124285
0.015224956500124285
0.015224956500124285
0.015224956500124285
0.015224956500124285
0.015224956500124285
0.015224956500124285
0.015224956500124285
0.015224956500124285
0.015224956500124285
0.015224956500124285
0.015224956500124285
0.015224956500124285
0.015224956500124285
0.015224956500124285
0.015349241859308974
0.015349241859308974
0.015349241859308974
0.015349241859308974
0.015349241859308974
0.015349241859308974
0.015473527218493661
0.015473527218493661
0.015473527218493661
0.015535669898086005
0.015535669898086005
0.015535669898086005
0.015535669898086005
0.015535669898086005
0.015535669898086005
0.015535669898086005
0.015535669898086005
0.015535669898086005
0.015535669898086005
0.015535669898086005
0.015597812577678349
0.015597812577678349
0.015597812577678349
0.015597812577678349
0.015597812577678349
0.015597812577678349
0.015597812577678349
0.015597812577678349
0.015597812577678349
0.015597812577678349
0.015659955257270694
0.015659955257270694
0.015659955257270694
0.015659955257270694
0.015659955257270694
0.015659955257270694
0.015659955257270694
0.01578424061645538
0.01578424061645538
0.01578424061645538
0.01578424061645538
0.01578424061645538
0.01578424061645538
0.015846383296047727
0.015846383296047727
0.015846383296047727
0.015846383296047727
0.015846383296047727
0.015846383296047727
0.015846383296047727
0.015846383296047727
0.015846383296047727
0.015846383296047727
0.015846383296047727
0.015846383296047727
0.015846383296047727
0.015846383296047727
0.015846383296047727
0.015846383296047727
0.015846383296047727
0.015846383296047727
0.015846383296047727
0.015846383296047727
0.015846383296047727
0.015846383296047727
0.015846383296047727
0.015846383296047727
