0.018580661198110863
0.027529207059408402
0.03337061894108874
0.03722346507581407
0.04020631369624658
0.04387273179219488
0.04691772309221973
0.04865771812080537
0.0509569972657221
0.05226199353716132
0.05400198856574696
0.05536912751677853
0.05679840914740244
0.057979120059656976
0.05903554561272682
0.06009197116579667
0.06102411135968183
0.062391250310713395
0.06313696246582153
0.06382053194133731
0.06444195873726075
0.06506338553318419
0.06556052696992294
0.06636838180462341
0.06717623663932389
0.06761123539647029
0.06829480487198608
0.0686055182699478
0.0691648023862789
0.06978622918220234
0.07090479741486452
0.07189908028834203
0.07239622172508078
0.07276907780263485
0.07376336067611236
0.07407407407407407
0.07432264479244345
0.07463335819040517
0.07513049962714392
0.07544121302510565
0.07587621178225205
0.07631121053939846
0.07687049465572955
0.07730549341287596
0.07767834949043002
0.07805120556798409
0.07854834700472284
0.07873477504349988
0.07929405915983097
0.07972905791697737
0.07997762863534676
0.08035048471290082
0.08078548347004723
0.0811583395476013
0.08134476758637832
0.08165548098434004
0.08184190902311708
0.08221476510067115
0.0825876211782252
0.08283619189659458
0.08333333333333333
0.0837061894108874
0.08420333084762614
0.0847004722843649
0.08532189908028834
0.08550832711906538
0.08594332587621178
0.08600546855580413
0.08637832463335819
0.08668903803131991
0.08706189410887398
0.08718617946805866
0.08737260750683569
0.08755903554561273
0.0879318916231668
0.08811831966194382
0.0883668903803132
0.08886403181705195
0.08911260253542133
0.08929903057419836
0.08973402933134476
0.09004474272930649
0.09041759880686055
0.09072831220482228
0.09085259756400696
0.09110116828237634
0.09122545364156102
0.0914740243599304
0.09184688043748447
0.0920333084762615
0.09234402187422322
0.0924683072334079
0.09265473527218494
0.09271687795177729
0.09290330599055431
0.09327616206810838
0.09340044742729306
0.09346259010688542
0.09364901814566244
0.0940218742232165
0.09420830226199353
0.09433258762117823
0.09451901565995526
0.09464330101913994
0.09464330101913994
0.09482972905791698
0.09489187173750932
0.0951404424558787
0.09545115585384041
0.09576186925180213
0.09582401193139448
0.0961347253293562
0.09638329604772558
0.0965697240865026
0.0965697240865026
0.09681829480487199
0.09712900820283371
0.09743972160079542
0.09750186428038778
0.09756400695998012
0.09787472035794184
0.09799900571712652
0.09799900571712652
0.09812329107631121
0.09824757643549589
0.09843400447427293
0.09868257519264231
0.09886900323141934
0.09899328859060402
0.0992418593089734
0.09955257270693513
0.09986328610489684
0.10004971414367388
0.10011185682326622
0.10060899826000497
0.10098185433755903
0.10116828237633607
0.10123042505592841
0.10129256773552076
0.10141685309470544
0.10154113845389014
0.10172756649266716
0.10185185185185185
0.10203827989062889
0.10203827989062889
0.10216256524981357
0.10259756400695998
0.10272184936614467
0.10303256276410638
0.10328113348247576
0.1033432761620681
0.10346756152125279
0.10377827491921451
0.10384041759880686
0.10396470295799155
0.10396470295799155
0.10396470295799155
0.10408898831717624
0.10408898831717624
0.10415113099676858
0.10415113099676858
0.10415113099676858
0.10415113099676858
0.10433755903554562
0.10439970171513796
0.10439970171513796
0.10471041511309968
0.10489684315187671
0.10502112851106139
0.10520755654983843
0.10539398458861546
0.10551826994780016
0.1055804126273925
0.10564255530698484
0.1058911260253542
0.10595326870494656
0.10613969674372359
0.10620183942331593
0.10626398210290827
0.10645041014168531
0.10645041014168531
0.10669898086005468
0.10688540889883172
0.10694755157842406
0.1071339796172011
0.10738255033557047
0.10738255033557047
0.10750683569475515
0.10763112105393985
0.10806611981108626
0.10806611981108626
0.10806611981108626
0.10806611981108626
0.10806611981108626
0.1081282624906786
0.10837683320904798
0.10862540392741735
0.10874968928660204
0.10881183196619439
0.10887397464578673
0.10887397464578673
0.10887397464578673
0.10893611732537907
0.10899826000497141
0.1091225453641561
0.1091225453641561
0.1091225453641561
0.1092468307233408
0.10937111608252548
0.10937111608252548
0.10937111608252548
0.10943325876211782
0.10949540144171016
0.10949540144171016
0.10980611483967188
0.10986825751926423
0.10986825751926423
0.10993040019885658
0.10999254287844892
0.11011682823763361
0.11011682823763361
0.11030325627641063
0.11030325627641063
0.11042754163559533
0.11048968431518767
0.11048968431518767
0.11055182699478001
0.1106761123539647
0.1108003977131494
0.11098682575192642
0.11104896843151876
0.11135968182948049
0.11148396718866517
0.11185682326621924
0.11185682326621924
0.11198110862540393
0.11198110862540393
0.11198110862540393
0.11204325130499627
0.11204325130499627
0.11210539398458862
0.1122296793437733
0.1122296793437733
0.11229182202336564
0.11229182202336564
0.11229182202336564
0.11229182202336564
0.11229182202336564
0.11229182202336564
0.112353964702958
0.112353964702958
0.112353964702958
0.11247825006214268
0.11247825006214268
0.11254039274173502
0.11254039274173502
0.11266467810091971
0.11272682078051205
0.11272682078051205
0.1127889634601044
0.11291324881928909
0.11297539149888143
0.11303753417847377
0.11309967685806611
0.11309967685806611
0.11309967685806611
0.11316181953765847
0.11328610489684315
0.1133482475764355
0.11347253293562018
0.11347253293562018
0.11353467561521252
0.11359681829480488
0.11365896097439722
0.11390753169276659
0.11390753169276659
0.11403181705195128
0.11403181705195128
0.11403181705195128
0.11409395973154363
0.11428038777032065
0.11428038777032065
0.11428038777032065
0.11440467312950535
0.11446681580909769
0.11446681580909769
0.11459110116828237
0.11459110116828237
0.11459110116828237
0.11477752920705941
0.11477752920705941
0.11477752920705941
0.11483967188665176
0.11496395724583644
0.11502609992542878
0.11508824260502112
0.11508824260502112
0.11508824260502112
0.11521252796420582
0.11527467064379816
0.1153368133233905
0.11539895600298285
0.11546109868257519
0.11546109868257519
0.11552324136216753
0.11570966940094457
0.11595824011931395
0.11595824011931395
0.11614466815809098
0.11620681083768332
0.11620681083768332
0.11626895351727566
0.11626895351727566
0.11626895351727566
0.11626895351727566
0.11626895351727566
0.116331096196868
0.116331096196868
0.116331096196868
0.11639323887646036
0.11651752423564504
0.11664180959482973
0.11664180959482973
0.11670395227442207
0.11670395227442207
0.11676609495401442
0.11676609495401442
0.11682823763360677
0.11682823763360677
0.11682823763360677
0.11682823763360677
0.11682823763360677
0.11682823763360677
0.11689038031319911
0.11695252299279145
0.11701466567238379
0.11701466567238379
0.11701466567238379
0.11707680835197613
0.11720109371116083
0.11726323639075317
0.11732537907034551
0.11738752174993786
0.11738752174993786
0.11738752174993786
0.11751180710912254
0.11751180710912254
0.1175739497887149
0.1175739497887149
0.11769823514789958
0.11769823514789958
0.11776037782749192
0.11776037782749192
0.11782252050708426
0.11794680586626895
0.11813323390504599
0.11819537658463833
0.11819537658463833
0.11819537658463833
0.11819537658463833
0.11819537658463833
0.11819537658463833
0.11825751926423067
0.11825751926423067
0.11825751926423067
0.11831966194382301
0.11838180462341537
0.11844394730300771
0.1185682326621924
0.1185682326621924
0.11863037534178474
0.11863037534178474
0.11863037534178474
0.11869251802137708
0.11875466070096942
0.11881680338056178
0.11881680338056178
0.11887894606015412
0.11887894606015412
0.11887894606015412
0.11887894606015412
0.11894108873974646
0.11906537409893114
0.11906537409893114
0.11912751677852348
0.11912751677852348
0.11912751677852348
0.11912751677852348
0.11912751677852348
0.11912751677852348
0.11912751677852348
0.11943823017648521
0.11943823017648521
0.11950037285607755
0.11956251553566989
0.11956251553566989
0.11968680089485459
0.11968680089485459
0.11968680089485459
0.11968680089485459
0.11968680089485459
0.11974894357444693
0.11974894357444693
0.11974894357444693
0.11981108625403927
0.11981108625403927
0.11981108625403927
0.11981108625403927
0.11981108625403927
0.11981108625403927
0.11981108625403927
0.11981108625403927
0.11981108625403927
0.11987322893363161
0.11993537161322396
0.11999751429281631
0.11999751429281631
0.120121799652001
0.12018394233159334
0.12018394233159334
0.12024608501118568
0.12030822769077802
0.12037037037037036
0.12043251304996272
0.12049465572955506
0.12049465572955506
0.12049465572955506
0.12049465572955506
0.1205567984091474
0.1205567984091474
0.1205567984091474
0.12061894108873975
0.12068108376833209
0.12068108376833209
0.12068108376833209
0.12074322644792443
0.12074322644792443
0.12080536912751678
0.12086751180710913
0.12092965448670147
0.12092965448670147
0.12092965448670147
0.12092965448670147
0.12092965448670147
0.12092965448670147
0.12092965448670147
0.12092965448670147
0.12092965448670147
0.12105393984588615
0.12105393984588615
0.12105393984588615
0.12105393984588615
0.1211160825254785
0.12117822520507084
0.12117822520507084
0.12124036788466319
0.12124036788466319
0.12124036788466319
0.12124036788466319
0.12124036788466319
0.12124036788466319
0.12124036788466319
0.12130251056425553
0.12130251056425553
0.12142679592344022
0.12142679592344022
0.12142679592344022
0.12148893860303256
0.12148893860303256
0.1215510812826249
0.1215510812826249
0.12161322396221726
0.1216753666418096
0.1216753666418096
0.1216753666418096
0.12173750932140194
0.12179965200099428
0.12179965200099428
0.12179965200099428
0.12192393736017897
0.12192393736017897
0.12192393736017897
0.12198608003977132
0.12204822271936366
0.122110365398956
0.122110365398956
0.122110365398956
0.122110365398956
0.122110365398956
0.12217250807854835
0.12217250807854835
0.12223465075814069
0.12223465075814069
0.12235893611732537
0.12242107879691773
0.12254536415610241
0.12260750683569475
0.1226696495152871
0.1226696495152871
0.12273179219487944
0.12273179219487944
0.12273179219487944
0.12273179219487944
0.12273179219487944
0.12273179219487944
0.1227939348744718
0.1227939348744718
0.1227939348744718
0.12285607755406414
0.12285607755406414
0.12285607755406414
0.12285607755406414
0.12285607755406414
0.12285607755406414
0.12285607755406414
0.12298036291324882
0.12298036291324882
0.12304250559284116
0.12304250559284116
0.12304250559284116
0.12316679095202585
0.12316679095202585
0.12316679095202585
0.1232289336316182
0.1232289336316182
0.1232289336316182
0.12341536167039523
0.12341536167039523
0.12353964702957991
0.12353964702957991
0.12353964702957991
0.12353964702957991
0.12353964702957991
0.12360178970917227
0.12360178970917227
0.12360178970917227
0.12360178970917227
0.12360178970917227
0.12360178970917227
0.12360178970917227
0.12360178970917227
0.12378821774794929
0.12378821774794929
0.12378821774794929
0.12378821774794929
0.12378821774794929
0.12385036042754163
0.12385036042754163
0.12385036042754163
0.12385036042754163
0.12385036042754163
0.12391250310713398
0.12391250310713398
0.12397464578672632
0.12397464578672632
0.12397464578672632
0.12397464578672632
0.12397464578672632
0.12403678846631867
0.12409893114591102
0.12409893114591102
0.12416107382550336
0.1242232165050957
0.1242232165050957
0.12428535918468804
0.12428535918468804
0.12434750186428038
0.12447178722346508
0.12447178722346508
0.12447178722346508
0.12447178722346508
0.12447178722346508
0.12447178722346508
0.12447178722346508
0.12453392990305742
0.12453392990305742
0.12453392990305742
0.12459607258264976
0.12459607258264976
0.12459607258264976
0.1246582152622421
0.1246582152622421
0.1246582152622421
0.12472035794183445
0.12472035794183445
0.12472035794183445
0.12472035794183445
0.12484464330101915
0.12496892866020383
0.12496892866020383
0.12496892866020383
0.12496892866020383
0.12496892866020383
0.12503107133979618
0.12503107133979618
0.12503107133979618
0.12503107133979618
0.12509321401938853
0.1252174993785732
0.1252174993785732
0.1252174993785732
0.12527964205816555
0.12527964205816555
0.12527964205816555
0.12540392741735024
0.12540392741735024
0.12540392741735024
0.12540392741735024
0.12540392741735024
0.12540392741735024
0.12540392741735024
0.12546607009694258
0.12546607009694258
0.12552821277653492
0.12552821277653492
0.12552821277653492
0.12552821277653492
0.12559035545612726
0.12559035545612726
0.12559035545612726
0.12559035545612726
0.1256524981357196
0.1256524981357196
0.1256524981357196
0.1256524981357196
0.1256524981357196
0.1256524981357196
0.1256524981357196
0.12571464081531195
0.12571464081531195
0.12571464081531195
0.1257767834949043
0.12583892617449666
0.12583892617449666
0.12583892617449666
0.12583892617449666
0.12583892617449666
0.125901068854089
0.12596321153368134
0.12602535421327368
0.12602535421327368
0.12608749689286602
0.12608749689286602
0.12608749689286602
0.12608749689286602
0.12614963957245837
0.12614963957245837
0.1262117822520507
0.1262117822520507
0.1262117822520507
0.1262117822520507
0.1262117822520507
0.1262117822520507
0.12627392493164305
0.1263360676112354
0.1263360676112354
0.1263360676112354
0.1263360676112354
0.1263360676112354
0.1263360676112354
0.12639821029082773
0.12646035297042008
0.12646035297042008
0.12652249565001242
0.12658463832960476
0.12658463832960476
0.12664678100919713
0.12670892368878947
0.1267710663683818
0.1267710663683818
0.1267710663683818
0.1267710663683818
0.1267710663683818
0.1267710663683818
0.1267710663683818
0.12683320904797415
0.12683320904797415
0.12683320904797415
0.12683320904797415
0.12683320904797415
0.12683320904797415
0.12683320904797415
0.1268953517275665
0.1268953517275665
0.1268953517275665
0.1268953517275665
0.1268953517275665
0.1268953517275665
0.1268953517275665
0.1268953517275665
0.12695749440715884
0.12695749440715884
0.12695749440715884
0.12695749440715884
0.12695749440715884
0.12701963708675118
0.12701963708675118
0.12701963708675118
0.12701963708675118
0.12714392244593586
0.12714392244593586
0.12714392244593586
0.12714392244593586
0.12714392244593586
0.12714392244593586
0.12714392244593586
0.12714392244593586
0.12714392244593586
0.12726820780512055
0.12726820780512055
0.1273303504847129
0.1273303504847129
0.1273303504847129
0.12739249316430523
0.12739249316430523
0.12739249316430523
0.12739249316430523
0.12757892120308229
0.12764106388267463
0.12764106388267463
0.12770320656226697
0.1277653492418593
0.1277653492418593
0.12782749192145165
0.12782749192145165
0.12782749192145165
0.12782749192145165
0.127889634601044
0.127889634601044
0.127889634601044
0.127889634601044
0.127889634601044
0.127889634601044
0.127889634601044
0.127889634601044
0.127889634601044
0.12795177728063634
0.12801391996022868
0.12801391996022868
0.12807606263982102
0.12813820531941336
0.12813820531941336
0.12813820531941336
0.12813820531941336
0.12813820531941336
0.1282003479990057
0.1282003479990057
0.1282003479990057
0.1282003479990057
0.1282003479990057
0.1282003479990057
0.1282003479990057
0.12826249067859807
0.12832463335819042
0.12832463335819042
0.12832463335819042
0.12832463335819042
0.12838677603778276
0.12838677603778276
0.12838677603778276
0.1284489187173751
0.12851106139696744
0.12851106139696744
0.12851106139696744
0.12851106139696744
0.12851106139696744
0.12851106139696744
0.12851106139696744
0.12851106139696744
0.12851106139696744
0.12851106139696744
0.12851106139696744
0.12851106139696744
0.12851106139696744
0.12851106139696744
0.12857320407655978
0.12857320407655978
0.12857320407655978
0.12857320407655978
0.12857320407655978
0.12857320407655978
0.12857320407655978
0.12857320407655978
0.12857320407655978
0.12857320407655978
0.12857320407655978
0.12857320407655978
0.12857320407655978
0.12857320407655978
0.12857320407655978
0.12857320407655978
0.12863534675615212
0.12863534675615212
0.12869748943574447
0.1287596321153368
0.1287596321153368
0.1287596321153368
0.12882177479492915
0.12882177479492915
0.12882177479492915
0.12882177479492915
0.12882177479492915
0.12882177479492915
0.12882177479492915
0.1288839174745215
0.1288839174745215
0.1288839174745215
0.1288839174745215
0.1288839174745215
0.12894606015411383
0.12894606015411383
0.12900820283370618
0.12900820283370618
0.12900820283370618
0.12900820283370618
0.12900820283370618
0.12907034551329855
0.12907034551329855
0.12907034551329855
0.12907034551329855
0.1291324881928909
0.1291324881928909
0.1291324881928909
0.1291324881928909
0.1291324881928909
0.1291324881928909
0.12919463087248323
0.12919463087248323
0.12919463087248323
0.12919463087248323
0.12919463087248323
0.12919463087248323
0.12919463087248323
0.12919463087248323
0.12925677355207557
0.12925677355207557
0.12925677355207557
0.12925677355207557
0.12925677355207557
0.12925677355207557
0.12925677355207557
0.12925677355207557
0.12925677355207557
0.12925677355207557
0.12925677355207557
0.12925677355207557
0.12925677355207557
0.1293189162316679
0.1293189162316679
0.12938105891126025
0.12938105891126025
0.1294432015908526
0.12950534427044494
0.12950534427044494
0.12950534427044494
0.12950534427044494
0.12950534427044494
0.12956748695003728
0.12956748695003728
0.12962962962962962
0.12962962962962962
0.12962962962962962
0.12962962962962962
0.12962962962962962
0.12969177230922196
0.1297539149888143
0.12981605766840665
0.12981605766840665
0.12987820034799902
0.12987820034799902
0.12987820034799902
0.12994034302759136
0.12994034302759136
0.1300024857071837
0.13006462838677604
0.13006462838677604
0.13006462838677604
0.13012677106636839
0.13018891374596073
0.13025105642555307
0.13025105642555307
0.13025105642555307
0.13025105642555307
0.13025105642555307
0.13025105642555307
0.13025105642555307
0.1303131991051454
0.1303131991051454
0.1303131991051454
0.13037534178473775
0.1304374844643301
0.13049962714392244
0.13056176982351478
0.13062391250310712
0.13062391250310712
0.13062391250310712
0.1306860551826995
0.1306860551826995
0.13074819786229183
0.13074819786229183
0.13074819786229183
0.13074819786229183
0.13074819786229183
0.13074819786229183
0.13074819786229183
0.13081034054188417
0.13087248322147652
0.13087248322147652
0.13093462590106886
0.13093462590106886
0.1309967685806612
0.1309967685806612
0.13105891126025354
0.13105891126025354
0.13105891126025354
0.13105891126025354
0.13105891126025354
0.13105891126025354
0.13105891126025354
0.13105891126025354
0.13105891126025354
0.13105891126025354
0.13105891126025354
0.13105891126025354
0.13105891126025354
0.13105891126025354
0.13105891126025354
0.13105891126025354
0.13105891126025354
0.13112105393984588
0.13112105393984588
0.13112105393984588
0.13112105393984588
0.13112105393984588
0.13112105393984588
0.13118319661943822
0.13118319661943822
0.13118319661943822
0.13118319661943822
0.13118319661943822
0.13118319661943822
0.13118319661943822
0.13118319661943822
0.13118319661943822
0.13118319661943822
0.13118319661943822
0.13118319661943822
0.13118319661943822
0.13118319661943822
0.13118319661943822
0.13118319661943822
0.13118319661943822
0.13118319661943822
0.13118319661943822
0.13118319661943822
0.13118319661943822
0.13118319661943822
0.13118319661943822
0.13124533929903057
0.13124533929903057
0.13124533929903057
0.13124533929903057
0.13124533929903057
0.13124533929903057
0.13124533929903057
0.13124533929903057
0.13124533929903057
0.13124533929903057
0.13124533929903057
0.13124533929903057
0.13124533929903057
0.13124533929903057
0.1313074819786229
0.1313074819786229
0.1313074819786229
0.1313074819786229
0.1313074819786229
0.1313074819786229
0.1313074819786229
0.1313074819786229
0.1313074819786229
0.1313074819786229
0.1313074819786229
0.13143176733780762
0.13143176733780762
0.13149391001739996
0.13149391001739996
0.1315560526969923
0.1315560526969923
0.1315560526969923
0.1315560526969923
0.1315560526969923
0.1315560526969923
0.1315560526969923
0.1315560526969923
0.1315560526969923
0.1315560526969923
0.13161819537658465
0.13161819537658465
0.13161819537658465
0.13161819537658465
