0.07655978125776783
0.09016902808849117
0.09675615212527965
0.09992542878448919
0.10303256276410638
0.10564255530698484
0.10850111856823266
0.1106761123539647
0.11254039274173502
0.11409395973154363
0.11546109868257519
0.1174496644295302
0.11887894606015412
0.11993537161322396
0.12124036788466319
0.12242107879691773
0.12329107631121054
0.12391250310713398
0.12490678598061149
0.12546607009694258
0.12608749689286602
0.1267710663683818
0.12770320656226697
0.12838677603778276
0.12863534675615212
0.12925677355207557
0.12994034302759136
0.13018891374596073
0.13074819786229183
0.131680338056177
0.1322396221725081
0.13261247825006214
0.13279890628883917
0.13342033308476262
0.13366890380313198
0.13379318916231667
0.1344146159582401
0.13491175739497888
0.13553318419090232
0.1357817549092717
0.13603032562764106
0.13646532438478748
0.1366517524235645
0.13745960725826498
0.13783246333581903
0.1382053194133731
0.13851603281133482
0.1388888888888889
0.13907531692766592
0.13951031568481234
0.14013174248073576
0.14050459855828984
0.14081531195625155
0.14112602535421329
0.1417474521501367
0.14212030822769078
0.14274173502361423
0.14336316181953765
0.1438603032562764
0.14410887397464578
0.14435744469301517
0.14460601541138454
0.14473030077056923
0.1451031568481233
0.14535172756649267
0.14560029828486204
0.1458488690032314
0.14603529704200846
0.1460974397216008
0.1464081531195625
0.1467810091971166
0.14715386527467064
0.14746457867263235
0.14758886403181706
0.14814814814814814
0.14821029082774048
0.14827243350733282
0.14858314690529456
0.14889386030325627
0.14914243102162567
0.14951528709917972
0.14976385781754908
0.14995028585632614
0.1501988565746955
0.15038528461347253
0.15044742729306487
0.1506338553318419
0.1507581406910266
0.15106885408898832
0.15137956748695003
0.15181456624409645
0.15206313696246582
0.15212527964205816
0.15237385036042755
0.1528709917971663
0.15299527715635097
0.15318170519512803
0.15324384787472037
0.1534302759134974
0.15380313199105144
0.1538652746706438
0.15405170270942084
0.15417598806860552
0.15423813074819787
0.1544245587869749
0.1547352721849366
0.154983842903306
0.1552945563012677
0.15548098434004473
0.15554312701963707
0.15579169773800647
0.15591598309719115
0.15591598309719115
0.1559781257767835
0.1559781257767835
0.15616455381556052
0.15641312453392991
0.15666169525229928
0.15672383793189162
0.156972408650261
0.15715883668903805
0.1572209793686304
0.15728312204822273
0.15734526472781507
0.15759383544618444
0.15771812080536912
0.15778026348496146
0.1580909768829232
0.15858811831966194
0.15871240367884662
0.158774546358439
0.15883668903803133
0.15896097439721601
0.15914740243599304
0.15927168779517772
0.15933383047477007
0.15945811583395475
0.1596445438727318
0.15970668655232415
0.1599552572706935
0.16014168530947054
0.16026597066865522
0.16051454138702462
0.16051454138702462
0.1606388267462093
0.16070096942580164
0.16088739746457867
0.16101168282376335
0.1611981108625404
0.16138453890131743
0.16144668158090977
0.16150882426050212
0.16150882426050212
0.16157096694009446
0.16169525229927914
0.16181953765846382
0.16188168033805617
0.16188168033805617
0.16188168033805617
0.16206810837683322
0.16206810837683322
0.16213025105642556
0.1621923937360179
0.16225453641561025
0.16244096445438727
0.16244096445438727
0.1625031071339796
0.16256524981357195
0.16275167785234898
0.16293810589112603
0.1631866766094954
0.16324881928908774
0.16337310464827243
0.16343524732786477
0.16355953268704945
0.16362167536664182
0.1638702460850112
0.16405667412378822
0.16424310216256524
0.16436738752174992
0.1644295302013423
0.1644295302013423
0.16467810091971166
0.164740243599304
0.16480238627889635
0.16498881431767337
0.16511309967685805
0.1651752423564504
0.1651752423564504
0.1651752423564504
0.16536167039522745
0.1654238130748198
0.16548595575441213
0.16548595575441213
0.16548595575441213
0.16548595575441213
0.16561024111359682
0.16579666915237384
0.16579666915237384
0.16592095451155853
0.16610738255033558
0.16610738255033558
0.16610738255033558
0.1662938105891126
0.16648023862788963
0.16660452398707432
0.16666666666666666
0.16691523738503605
0.16691523738503605
0.16703952274422074
0.16710166542381308
0.16710166542381308
0.16710166542381308
0.16722595078299776
0.1672880934625901
0.16735023614218245
0.1674123788217748
0.1674123788217748
0.16753666418095947
0.16753666418095947
0.1675988068605518
0.16766094954014418
0.1678473775789212
0.16790952025851355
0.16803380561769823
0.16809594829729058
0.16815809097688292
0.16822023365647526
0.1682823763360676
0.16834451901565994
0.16846880437484466
0.16859308973402934
0.16859308973402934
0.16865523241362168
0.16877951777280636
0.16877951777280636
0.1688416604523987
0.16890380313199105
0.16890380313199105
0.16902808849117573
0.16902808849117573
0.16921451652995279
0.16921451652995279
0.16921451652995279
0.16927665920954513
0.16933880188913747
0.1694009445687298
0.16946308724832215
0.1695252299279145
0.16958737260750684
0.16971165796669152
0.16977380064628386
0.16977380064628386
0.16977380064628386
0.16977380064628386
0.1698359433258762
0.1699602286850609
0.17002237136465326
0.17002237136465326
0.17002237136465326
0.17002237136465326
0.17014665672383794
0.17020879940343028
0.17020879940343028
0.17020879940343028
0.17020879940343028
0.17027094208302263
0.17033308476261497
0.17045737012179965
0.170519512801392
0.17058165548098433
0.17064379816057668
0.17064379816057668
0.17089236887894607
0.17101665423813076
0.1710787969177231
0.17114093959731544
0.17114093959731544
0.17114093959731544
0.17114093959731544
0.17120308227690778
0.17126522495650012
0.17126522495650012
0.17126522495650012
0.17126522495650012
0.17126522495650012
0.1713895103156848
0.17145165299527715
0.17157593835446183
0.1716380810340542
0.17170022371364654
0.17176236639323889
0.17188665175242357
0.17188665175242357
0.1720730797912006
0.17219736515038528
0.17225950782997762
0.17232165050956996
0.17232165050956996
0.17232165050956996
0.17232165050956996
0.1723837931891623
0.17244593586875467
0.17244593586875467
0.17250807854834702
0.1726323639075317
0.1726323639075317
0.17275664926671638
0.17281879194630873
0.17281879194630873
0.17288093462590107
0.17288093462590107
0.17288093462590107
0.1729430773054934
0.17300521998508575
0.1730673626646781
0.1730673626646781
0.1730673626646781
0.1730673626646781
0.1730673626646781
0.1730673626646781
0.1730673626646781
0.1730673626646781
0.17312950534427043
0.17319164802386278
0.17325379070345515
0.17325379070345515
0.1733159333830475
0.17344021874223217
0.1735023614218245
0.17356450410141686
0.1736266467810092
0.17368878946060154
0.17375093214019388
0.17381307481978622
0.17381307481978622
0.17381307481978622
0.17387521749937856
0.1739373601789709
0.1739373601789709
0.17399950285856325
0.17399950285856325
0.17399950285856325
0.17399950285856325
0.17399950285856325
0.17399950285856325
0.17412378821774796
0.17412378821774796
0.17412378821774796
0.17412378821774796
0.1741859308973403
0.17424807357693264
0.17424807357693264
0.17437235893611733
0.17437235893611733
0.17437235893611733
0.17437235893611733
0.17437235893611733
0.17437235893611733
0.17437235893611733
0.17455878697489435
0.1746209296544867
0.1746209296544867
0.1746209296544867
0.17468307233407904
0.17474521501367138
0.17474521501367138
0.17474521501367138
0.17474521501367138
0.1748695003728561
0.1748695003728561
0.17493164305244843
0.17493164305244843
0.17493164305244843
0.17493164305244843
0.17493164305244843
0.17511807109122546
0.17530449913000248
0.17530449913000248
0.17542878448918717
0.1756152125279642
0.17567735520755656
0.17567735520755656
0.17580164056674125
0.17592592592592593
0.17598806860551827
0.1760502112851106
0.1760502112851106
0.1760502112851106
0.17611235396470296
0.17623663932388764
0.17629878200347998
0.17636092468307232
0.17636092468307232
0.17642306736266467
0.17642306736266467
0.17642306736266467
0.17654735272184938
0.17660949540144172
0.17660949540144172
0.17660949540144172
0.17667163808103406
0.17667163808103406
0.1767337807606264
0.17679592344021874
0.17685806611981109
0.17685806611981109
0.17692020879940343
0.17692020879940343
0.17692020879940343
0.17692020879940343
0.17698235147899577
0.17710663683818045
0.1771687795177728
0.1771687795177728
0.17723092219736514
0.17723092219736514
0.17723092219736514
0.17723092219736514
0.17723092219736514
0.1774173502361422
0.1774173502361422
0.17754163559532687
0.17760377827491922
0.17766592095451156
0.17766592095451156
0.1777280636341039
0.17779020631369624
0.17779020631369624
0.17779020631369624
0.17785234899328858
0.17785234899328858
0.17785234899328858
0.17791449167288093
0.17797663435247327
0.17797663435247327
0.17797663435247327
0.17797663435247327
0.17810091971165798
0.17816306239125032
0.17816306239125032
0.17816306239125032
0.17822520507084266
0.17822520507084266
0.178287347750435
0.178287347750435
0.17834949043002735
0.1784116331096197
0.1784116331096197
0.1784116331096197
0.17847377578921203
0.17853591846880437
0.17853591846880437
0.17859806114839671
0.17859806114839671
0.17866020382798906
0.17866020382798906
0.1787223465075814
0.1787223465075814
0.1787223465075814
0.1787223465075814
0.17884663186676608
0.17884663186676608
0.17884663186676608
0.17884663186676608
0.17884663186676608
0.17884663186676608
0.17884663186676608
0.17890877454635845
0.17890877454635845
0.17890877454635845
0.1789709172259508
0.1789709172259508
0.17903305990554313
0.17903305990554313
0.17903305990554313
0.17903305990554313
0.17903305990554313
0.17909520258513548
0.17909520258513548
0.17909520258513548
0.17909520258513548
0.17915734526472782
0.17921948794432016
0.17921948794432016
0.17921948794432016
0.1792816306239125
0.1792816306239125
0.1792816306239125
0.17934377330350484
0.17934377330350484
0.17934377330350484
0.1794059159830972
0.1794059159830972
0.1794059159830972
0.1794059159830972
0.1794059159830972
0.1794059159830972
0.17946805866268953
0.17946805866268953
0.17946805866268953
0.17946805866268953
0.17953020134228187
0.1795923440218742
0.1795923440218742
0.1795923440218742
0.17965448670146655
0.17965448670146655
0.17977877206065127
0.17977877206065127
0.17977877206065127
0.17977877206065127
0.17977877206065127
0.17990305741983595
0.17990305741983595
0.17990305741983595
0.1799652000994283
0.1799652000994283
0.1799652000994283
0.18002734277902063
0.18002734277902063
0.18008948545861297
0.18015162813820532
0.18015162813820532
0.18015162813820532
0.18015162813820532
0.18015162813820532
0.18027591349739
0.18027591349739
0.18027591349739
0.18027591349739
0.18027591349739
0.18033805617698234
0.18033805617698234
0.18033805617698234
0.18033805617698234
0.18040019885657468
0.18040019885657468
0.18046234153616703
0.18046234153616703
0.18046234153616703
0.18046234153616703
0.18046234153616703
0.18046234153616703
0.18046234153616703
0.1805244842157594
0.18058662689535174
0.18058662689535174
0.18064876957494408
0.18064876957494408
0.18064876957494408
0.18064876957494408
0.18071091225453642
0.18077305493412876
0.18077305493412876
0.18077305493412876
0.18077305493412876
0.1808351976137211
0.1808351976137211
0.1808351976137211
0.1808351976137211
0.18089734029331345
0.18089734029331345
0.1809594829729058
0.1809594829729058
0.1809594829729058
0.1809594829729058
0.1809594829729058
0.1809594829729058
0.18102162565249813
0.18102162565249813
0.18102162565249813
0.18108376833209047
0.18108376833209047
0.18108376833209047
0.18108376833209047
0.18108376833209047
0.18114591101168281
0.18114591101168281
0.18114591101168281
0.18114591101168281
0.18114591101168281
0.18120805369127516
0.18120805369127516
0.18127019637086753
0.18127019637086753
0.18133233905045987
0.1813944817300522
0.1813944817300522
0.1813944817300522
0.1813944817300522
0.18145662440964455
0.18145662440964455
0.18145662440964455
0.18145662440964455
0.18145662440964455
0.18145662440964455
0.18145662440964455
0.1815187670892369
0.18164305244842158
0.18164305244842158
0.18164305244842158
0.18164305244842158
0.18164305244842158
0.18170519512801392
0.18170519512801392
0.18170519512801392
0.18170519512801392
0.18170519512801392
0.18170519512801392
0.18170519512801392
0.18170519512801392
0.18170519512801392
0.18170519512801392
0.18170519512801392
0.18170519512801392
0.18170519512801392
0.18170519512801392
0.18176733780760626
0.1818294804871986
0.18189162316679094
0.18189162316679094
0.18189162316679094
0.18189162316679094
0.18189162316679094
0.18189162316679094
0.18189162316679094
0.18189162316679094
0.18189162316679094
0.1819537658463833
0.1819537658463833
0.1819537658463833
0.1819537658463833
0.1819537658463833
0.18201590852597563
0.18201590852597563
0.18201590852597563
0.18201590852597563
0.182078051205568
0.182078051205568
0.18214019388516034
0.18220233656475268
0.18226447924434502
0.18232662192393737
0.18232662192393737
0.1823887646035297
0.1823887646035297
0.1823887646035297
0.1823887646035297
0.1823887646035297
0.1823887646035297
0.1823887646035297
0.1823887646035297
0.1823887646035297
0.18245090728312205
0.18245090728312205
0.18245090728312205
0.18245090728312205
0.18263733532189907
0.18263733532189907
0.18263733532189907
0.18263733532189907
0.18276162068108376
0.18276162068108376
0.18276162068108376
0.1828237633606761
0.1828237633606761
0.1828237633606761
0.1828237633606761
0.1828237633606761
0.1828237633606761
0.1828237633606761
0.1828237633606761
0.1828237633606761
0.1828237633606761
0.1828237633606761
0.1828237633606761
0.18288590604026847
0.18288590604026847
0.1829480487198608
0.1829480487198608
0.1829480487198608
0.18301019139945315
0.1830723340790455
0.1830723340790455
0.1830723340790455
0.1830723340790455
0.1830723340790455
0.1830723340790455
0.1830723340790455
0.1830723340790455
0.1830723340790455
0.1830723340790455
0.1830723340790455
0.18319661943823018
0.18325876211782252
0.18325876211782252
0.18325876211782252
0.18325876211782252
0.18325876211782252
0.18325876211782252
0.18325876211782252
0.18325876211782252
0.18325876211782252
0.18325876211782252
0.18325876211782252
0.18325876211782252
0.18325876211782252
0.18325876211782252
0.18325876211782252
0.18325876211782252
0.1833830474770072
0.1833830474770072
0.18356947551578423
0.18363161819537657
0.18369376087496894
0.18369376087496894
0.18369376087496894
0.18369376087496894
0.18369376087496894
0.18381804623415363
0.18381804623415363
0.18388018891374597
0.1839423315933383
0.1839423315933383
0.18400447427293065
0.18400447427293065
0.18400447427293065
0.18400447427293065
0.184066616952523
0.184066616952523
0.184066616952523
0.184066616952523
0.18419090231170768
0.18419090231170768
0.18419090231170768
0.18419090231170768
0.18419090231170768
0.18419090231170768
0.18419090231170768
0.18419090231170768
0.18419090231170768
0.18419090231170768
0.18419090231170768
0.18419090231170768
0.18425304499130002
0.18431518767089236
0.18431518767089236
0.18431518767089236
0.18431518767089236
0.18431518767089236
0.18431518767089236
0.1843773303504847
0.1843773303504847
0.18443947303007704
0.18443947303007704
0.18450161570966941
0.18450161570966941
0.18456375838926176
0.18456375838926176
0.18456375838926176
0.18456375838926176
0.18456375838926176
0.1846259010688541
0.18468804374844644
0.18468804374844644
0.18475018642803878
0.18475018642803878
0.18475018642803878
0.18475018642803878
0.18475018642803878
0.18475018642803878
0.18481232910763112
0.18481232910763112
0.18481232910763112
0.18481232910763112
0.18481232910763112
0.18481232910763112
0.18481232910763112
0.18487447178722347
0.18487447178722347
0.1849366144668158
0.1849366144668158
0.1849366144668158
0.18499875714640815
0.18499875714640815
0.18512304250559283
0.18512304250559283
0.18512304250559283
0.18512304250559283
0.18512304250559283
0.18512304250559283
0.18512304250559283
0.18518518518518517
0.18524732786477752
0.18524732786477752
0.18524732786477752
0.18524732786477752
0.1853094705443699
0.1853094705443699
0.18537161322396223
0.18537161322396223
0.18543375590355457
0.18543375590355457
0.18543375590355457
0.18543375590355457
0.18543375590355457
0.18543375590355457
0.18543375590355457
0.18543375590355457
0.18543375590355457
0.18543375590355457
0.18543375590355457
0.1854958985831469
0.1854958985831469
0.1854958985831469
0.1854958985831469
0.1854958985831469
0.1854958985831469
0.1854958985831469
0.1854958985831469
0.1854958985831469
0.1854958985831469
0.1854958985831469
0.1854958985831469
0.1854958985831469
0.1854958985831469
0.1854958985831469
0.1854958985831469
0.18555804126273925
0.18555804126273925
0.18555804126273925
0.18555804126273925
0.18555804126273925
0.18555804126273925
0.18555804126273925
0.18555804126273925
0.18555804126273925
0.18555804126273925
0.1856201839423316
0.1856201839423316
0.1856201839423316
0.18568232662192394
0.18568232662192394
0.18574446930151628
0.18574446930151628
0.18574446930151628
0.18574446930151628
0.18574446930151628
0.18574446930151628
0.18574446930151628
0.18574446930151628
0.18574446930151628
0.18574446930151628
0.18574446930151628
0.18574446930151628
0.18574446930151628
0.18574446930151628
0.18580661198110862
0.18580661198110862
0.18580661198110862
0.18580661198110862
0.18586875466070096
0.1859308973402933
0.186055182699478
0.186055182699478
0.186055182699478
0.186055182699478
0.186055182699478
0.186055182699478
0.186055182699478
0.18611732537907036
0.1861794680586627
0.1861794680586627
0.1861794680586627
0.18624161073825504
0.18624161073825504
0.18624161073825504
0.18624161073825504
0.18624161073825504
0.18624161073825504
0.18624161073825504
0.18624161073825504
0.18624161073825504
0.18630375341784738
0.18630375341784738
0.18636589609743973
0.18636589609743973
0.18636589609743973
0.1864901814566244
0.1864901814566244
0.1864901814566244
0.1864901814566244
0.1864901814566244
0.1864901814566244
0.18655232413621675
0.1866144668158091
0.1866144668158091
0.18667660949540144
0.18673875217499378
0.18680089485458612
0.18680089485458612
0.18686303753417846
0.18686303753417846
0.18686303753417846
0.18686303753417846
0.18686303753417846
0.18686303753417846
0.18686303753417846
0.18686303753417846
0.18686303753417846
0.18692518021377083
0.18692518021377083
0.18692518021377083
0.18704946557295551
0.18704946557295551
0.1871737509321402
0.1871737509321402
0.18723589361173254
0.18723589361173254
0.18723589361173254
0.18723589361173254
0.18723589361173254
0.18723589361173254
0.18723589361173254
0.18723589361173254
0.18723589361173254
0.18723589361173254
0.18723589361173254
0.18723589361173254
0.18723589361173254
0.18723589361173254
0.18723589361173254
0.18723589361173254
0.18723589361173254
0.18723589361173254
0.18723589361173254
0.18723589361173254
0.18723589361173254
0.18723589361173254
0.18723589361173254
0.18723589361173254
0.18723589361173254
0.18723589361173254
0.18723589361173254
0.18723589361173254
0.18729803629132488
0.18729803629132488
0.18729803629132488
0.18729803629132488
0.18736017897091722
0.18736017897091722
0.18736017897091722
0.18736017897091722
0.18736017897091722
0.18736017897091722
0.18736017897091722
0.18736017897091722
0.18736017897091722
0.18736017897091722
0.18736017897091722
0.18736017897091722
0.18736017897091722
0.18736017897091722
0.18736017897091722
0.18736017897091722
0.18736017897091722
0.18736017897091722
0.18736017897091722
0.18736017897091722
0.18736017897091722
0.1874844643301019
0.18754660700969425
0.18754660700969425
0.18754660700969425
0.18754660700969425
0.1876087496892866
0.18767089236887893
0.18767089236887893
0.18767089236887893
0.18767089236887893
0.1877330350484713
0.1877330350484713
0.1877330350484713
0.1877330350484713
0.1877330350484713
0.1877330350484713
0.1877330350484713
0.1877330350484713
0.1877330350484713
0.1877330350484713
0.18779517772806364
0.18779517772806364
0.18779517772806364
0.18779517772806364
0.187857320407656
0.187857320407656
0.187857320407656
0.18791946308724833
0.188043748446433
0.188043748446433
