0.07655978125776783
0.09016902808849117
0.09675615212527965
0.09992542878448919
0.10303256276410638
0.1055804126273925
0.10825254784986328
0.11042754163559533
0.11241610738255034
0.1137832463335819
0.11502609992542878
0.11670395227442207
0.11863037534178474
0.11950037285607755
0.12074322644792443
0.12198608003977132
0.1231046482724335
0.12372607506835695
0.12447178722346508
0.1252174993785732
0.12583892617449666
0.12639821029082773
0.12701963708675118
0.12801391996022868
0.1284489187173751
0.1288839174745215
0.12956748695003728
0.1300024857071837
0.1303131991051454
0.13136962465821525
0.13192890877454636
0.13230176485210043
0.1325503355704698
0.13304747700720856
0.13342033308476262
0.13373104648272433
0.13416604523987075
0.13460104399701714
0.13503604275416356
0.13547104151130998
0.13590604026845637
0.13615461098682574
0.13652746706437982
0.1369624658215262
0.13745960725826498
0.13777032065622669
0.13826746209296545
0.13845389013174247
0.13882674620929655
0.13907531692766592
0.13957245836440468
0.14006959980114342
0.14056674123788218
0.14081531195625155
0.14125031071339797
0.14162316679095202
0.14205816554809844
0.14286602038279891
0.1435495898583147
0.14373601789709173
0.1439845886154611
0.14429530201342283
0.14448173005219986
0.14479244345016157
0.1449788714889386
0.145227442207308
0.14541387024608501
0.1458488690032314
0.14597315436241612
0.14597315436241612
0.14634601043997017
0.1467810091971166
0.14721600795426298
0.14740243599304
0.14758886403181706
0.14802386278896346
0.14802386278896346
0.1480860054685558
0.14852100422570222
0.14883171762366393
0.1490802883420333
0.14957742977877206
0.14970171513795674
0.14982600049714143
0.15013671389510316
0.15013671389510316
0.15026099925428785
0.15057171265224956
0.15069599801143424
0.15094456872980364
0.15137956748695003
0.15169028088491177
0.1518767089236888
0.15193885160328113
0.15224956500124284
0.15249813571961224
0.1528709917971663
0.15293313447675863
0.15299527715635097
0.15324384787472037
0.1534302759134974
0.15349241859308974
0.1537409893114591
0.1537409893114591
0.1538652746706438
0.15411384538901318
0.1543002734277902
0.15454884414615958
0.154983842903306
0.15510812826249068
0.15523241362167536
0.1554188416604524
0.15548098434004473
0.15554312701963707
0.15554312701963707
0.15554312701963707
0.15572955505841413
0.15591598309719115
0.15616455381556052
0.15622669649515286
0.15647526721352226
0.15666169525229928
0.15672383793189162
0.15678598061148397
0.15691026597066865
0.15709669400944568
0.1574074074074074
0.1575316927665921
0.15765597812577678
0.15796669152373852
0.15802883420333086
0.15821526224210788
0.15827740492170023
0.15833954760129257
0.15858811831966194
0.15858811831966194
0.158774546358439
0.15889883171762367
0.1590852597564007
0.15920954511558538
0.1593959731543624
0.1595202585135471
0.15958240119313946
0.15983097191150883
0.15989311459110117
0.1599552572706935
0.16001739995028585
0.16014168530947054
0.16032811334824756
0.16057668406661696
0.1606388267462093
0.16076311210539398
0.16088739746457867
0.16088739746457867
0.160949540144171
0.1610738255033557
0.16113596818294804
0.1611981108625404
0.1611981108625404
0.16126025354213275
0.16144668158090977
0.16144668158090977
0.16150882426050212
0.16150882426050212
0.16157096694009446
0.16175739497887148
0.16181953765846382
0.16188168033805617
0.16200596569724088
0.16206810837683322
0.16225453641561025
0.16244096445438727
0.1625031071339796
0.16268953517275664
0.16275167785234898
0.16293810589112603
0.16293810589112603
0.16324881928908774
0.16337310464827243
0.16355953268704945
0.1637459607258265
0.1637459607258265
0.16380810340541885
0.16405667412378822
0.16411881680338056
0.16424310216256524
0.16449167288093464
0.16455381556052698
0.16461595824011932
0.16461595824011932
0.16461595824011932
0.164740243599304
0.16480238627889635
0.16480238627889635
0.1648645289584887
0.1648645289584887
0.16492667163808103
0.1650509569972657
0.16523738503604277
0.16536167039522745
0.16536167039522745
0.16548595575441213
0.16548595575441213
0.16554809843400448
0.16579666915237384
0.16592095451155853
0.16598309719115087
0.16623166790952026
0.16623166790952026
0.1664180959482973
0.1664180959482973
0.1664180959482973
0.16648023862788963
0.16648023862788963
0.16660452398707432
0.16666666666666666
0.166728809346259
0.1668530947054437
0.1668530947054437
0.16691523738503605
0.1669773800646284
0.1669773800646284
0.16710166542381308
0.1672880934625901
0.16735023614218245
0.16747452150136713
0.16753666418095947
0.1675988068605518
0.16772309221973652
0.16778523489932887
0.16778523489932887
0.16790952025851355
0.16790952025851355
0.1679716629381059
0.16803380561769823
0.16809594829729058
0.16809594829729058
0.16809594829729058
0.16815809097688292
0.1682823763360676
0.16834451901565994
0.16846880437484466
0.168530947054437
0.16859308973402934
0.16859308973402934
0.16865523241362168
0.16871737509321402
0.16877951777280636
0.16890380313199105
0.16890380313199105
0.1689659458115834
0.16909023117076807
0.16915237385036042
0.16915237385036042
0.16915237385036042
0.16915237385036042
0.16921451652995279
0.16927665920954513
0.16927665920954513
0.16927665920954513
0.16933880188913747
0.1694009445687298
0.16946308724832215
0.1695252299279145
0.16958737260750684
0.16958737260750684
0.16958737260750684
0.16964951528709918
0.16964951528709918
0.1698359433258762
0.16989808600546855
0.17002237136465326
0.17002237136465326
0.17002237136465326
0.17020879940343028
0.17033308476261497
0.1703952274422073
0.170519512801392
0.170519512801392
0.170519512801392
0.170519512801392
0.170519512801392
0.17058165548098433
0.17058165548098433
0.17058165548098433
0.17058165548098433
0.17070594084016902
0.17070594084016902
0.17089236887894607
0.1709545115585384
0.1710787969177231
0.1710787969177231
0.17114093959731544
0.17126522495650012
0.17145165299527715
0.1715137956748695
0.1715137956748695
0.17157593835446183
0.17170022371364654
0.17170022371364654
0.17170022371364654
0.17170022371364654
0.17176236639323889
0.17182450907283123
0.17182450907283123
0.1719487944320159
0.1719487944320159
0.1720730797912006
0.17219736515038528
0.17219736515038528
0.17219736515038528
0.17219736515038528
0.17225950782997762
0.17225950782997762
0.17225950782997762
0.1723837931891623
0.17244593586875467
0.17244593586875467
0.17244593586875467
0.17244593586875467
0.17244593586875467
0.17244593586875467
0.17244593586875467
0.17244593586875467
0.17250807854834702
0.17250807854834702
0.1726323639075317
0.17269450658712404
0.17275664926671638
0.17275664926671638
0.17288093462590107
0.17300521998508575
0.17300521998508575
0.17312950534427043
0.17312950534427043
0.17319164802386278
0.17319164802386278
0.17319164802386278
0.1733159333830475
0.1733159333830475
0.17337807606263983
0.17337807606263983
0.17337807606263983
0.17337807606263983
0.17337807606263983
0.17337807606263983
0.17337807606263983
0.1735023614218245
0.1735023614218245
0.1735023614218245
0.1735023614218245
0.17356450410141686
0.1736266467810092
0.17368878946060154
0.17375093214019388
0.17375093214019388
0.17375093214019388
0.17375093214019388
0.17375093214019388
0.17375093214019388
0.17375093214019388
0.1739373601789709
0.17399950285856325
0.17399950285856325
0.17406164553815562
0.17406164553815562
0.17412378821774796
0.17412378821774796
0.17412378821774796
0.1741859308973403
0.17424807357693264
0.17431021625652499
0.17431021625652499
0.17431021625652499
0.17431021625652499
0.17437235893611733
0.17443450161570967
0.1746209296544867
0.17474521501367138
0.17474521501367138
0.17499378573204077
0.17511807109122546
0.17511807109122546
0.17511807109122546
0.17524235645041014
0.17536664180959483
0.17542878448918717
0.1754909271687795
0.1754909271687795
0.17555306984837185
0.17555306984837185
0.1756152125279642
0.1756152125279642
0.17567735520755656
0.1757394978871489
0.1757394978871489
0.17580164056674125
0.17580164056674125
0.17580164056674125
0.1758637832463336
0.1758637832463336
0.1758637832463336
0.17592592592592593
0.17592592592592593
0.17598806860551827
0.1760502112851106
0.1760502112851106
0.17611235396470296
0.17611235396470296
0.17623663932388764
0.17623663932388764
0.17629878200347998
0.17629878200347998
0.17629878200347998
0.17642306736266467
0.17642306736266467
0.17648521004225703
0.17648521004225703
0.17648521004225703
0.17654735272184938
0.17660949540144172
0.17660949540144172
0.17667163808103406
0.17679592344021874
0.17685806611981109
0.17685806611981109
0.17685806611981109
0.17698235147899577
0.1770444941585881
0.1770444941585881
0.1770444941585881
0.17710663683818045
0.17710663683818045
0.17710663683818045
0.17710663683818045
0.1771687795177728
0.1771687795177728
0.1771687795177728
0.1771687795177728
0.17723092219736514
0.1772930648769575
0.1772930648769575
0.17735520755654985
0.17735520755654985
0.17735520755654985
0.1774173502361422
0.17747949291573453
0.17754163559532687
0.17766592095451156
0.17766592095451156
0.17766592095451156
0.17766592095451156
0.1777280636341039
0.1777280636341039
0.17779020631369624
0.17779020631369624
0.17779020631369624
0.17785234899328858
0.17791449167288093
0.17791449167288093
0.17791449167288093
0.17791449167288093
0.1780387770320656
0.1780387770320656
0.1780387770320656
0.1780387770320656
0.1780387770320656
0.1780387770320656
0.1780387770320656
0.1780387770320656
0.17810091971165798
0.17816306239125032
0.17822520507084266
0.17822520507084266
0.17822520507084266
0.17822520507084266
0.17822520507084266
0.17822520507084266
0.17822520507084266
0.178287347750435
0.178287347750435
0.1784116331096197
0.1784116331096197
0.1784116331096197
0.1784116331096197
0.1784116331096197
0.1784116331096197
0.1784116331096197
0.17853591846880437
0.17853591846880437
0.17853591846880437
0.17853591846880437
0.17853591846880437
0.17859806114839671
0.17859806114839671
0.17859806114839671
0.17859806114839671
0.17866020382798906
0.17866020382798906
0.17866020382798906
0.17866020382798906
0.17866020382798906
0.17866020382798906
0.1787223465075814
0.1787223465075814
0.1787223465075814
0.17878448918717374
0.1789709172259508
0.1789709172259508
0.1789709172259508
0.1789709172259508
0.1789709172259508
0.1789709172259508
0.1789709172259508
0.17903305990554313
0.17909520258513548
0.17909520258513548
0.17915734526472782
0.17915734526472782
0.17915734526472782
0.1792816306239125
0.1792816306239125
0.17934377330350484
0.17934377330350484
0.17934377330350484
0.17934377330350484
0.17934377330350484
0.1794059159830972
0.17946805866268953
0.17946805866268953
0.17946805866268953
0.17946805866268953
0.17946805866268953
0.17946805866268953
0.17953020134228187
0.1795923440218742
0.1795923440218742
0.1795923440218742
0.17965448670146655
0.17965448670146655
0.17965448670146655
0.17965448670146655
0.17965448670146655
0.17965448670146655
0.17965448670146655
0.17971662938105892
0.17971662938105892
0.1798409147402436
0.1798409147402436
0.1798409147402436
0.1798409147402436
0.1798409147402436
0.1798409147402436
0.1798409147402436
0.17990305741983595
0.1799652000994283
0.18002734277902063
0.18002734277902063
0.18002734277902063
0.18002734277902063
0.18002734277902063
0.18002734277902063
0.18008948545861297
0.18008948545861297
0.18015162813820532
0.18015162813820532
0.18021377081779766
0.18021377081779766
0.18021377081779766
0.18021377081779766
0.18021377081779766
0.18027591349739
0.18027591349739
0.18027591349739
0.18027591349739
0.18027591349739
0.18033805617698234
0.18033805617698234
0.18033805617698234
0.18033805617698234
0.18033805617698234
0.18040019885657468
0.18046234153616703
0.18046234153616703
0.18046234153616703
0.18046234153616703
0.18046234153616703
0.1805244842157594
0.1805244842157594
0.1805244842157594
0.18058662689535174
0.18064876957494408
0.18064876957494408
0.18064876957494408
0.18064876957494408
0.18064876957494408
0.18064876957494408
0.18064876957494408
0.18077305493412876
0.18077305493412876
0.18077305493412876
0.18077305493412876
0.1808351976137211
0.1808351976137211
0.18089734029331345
0.18089734029331345
0.18089734029331345
0.18089734029331345
0.18089734029331345
0.18089734029331345
0.18089734029331345
0.18089734029331345
0.18089734029331345
0.18089734029331345
0.18089734029331345
0.18089734029331345
0.18089734029331345
0.18102162565249813
0.18108376833209047
0.18108376833209047
0.18108376833209047
0.18108376833209047
0.18108376833209047
0.18108376833209047
0.18108376833209047
0.18108376833209047
0.18108376833209047
0.18108376833209047
0.18108376833209047
0.18114591101168281
0.18114591101168281
0.18114591101168281
0.18114591101168281
0.18120805369127516
0.18120805369127516
0.18120805369127516
0.18120805369127516
0.18127019637086753
0.18127019637086753
0.18127019637086753
0.18133233905045987
0.1813944817300522
0.18145662440964455
0.1815187670892369
0.18158090976882924
0.18158090976882924
0.18158090976882924
0.18158090976882924
0.18158090976882924
0.18158090976882924
0.18158090976882924
0.18158090976882924
0.18158090976882924
0.18158090976882924
0.18158090976882924
0.18158090976882924
0.18164305244842158
0.18170519512801392
0.18176733780760626
0.1818294804871986
0.1818294804871986
0.1818294804871986
0.1819537658463833
0.1819537658463833
0.1819537658463833
0.1819537658463833
0.18201590852597563
0.18201590852597563
0.18201590852597563
0.18201590852597563
0.18201590852597563
0.18201590852597563
0.18201590852597563
0.18201590852597563
0.18201590852597563
0.18201590852597563
0.18201590852597563
0.182078051205568
0.182078051205568
0.182078051205568
0.18214019388516034
0.18214019388516034
0.18214019388516034
0.18220233656475268
0.18220233656475268
0.18220233656475268
0.18220233656475268
0.18220233656475268
0.18220233656475268
0.18220233656475268
0.18220233656475268
0.18220233656475268
0.18220233656475268
0.18232662192393737
0.18232662192393737
0.1823887646035297
0.1823887646035297
0.1823887646035297
0.1823887646035297
0.1823887646035297
0.1823887646035297
0.1823887646035297
0.1823887646035297
0.1823887646035297
0.1823887646035297
0.1823887646035297
0.1823887646035297
0.1823887646035297
0.1823887646035297
0.1823887646035297
0.1823887646035297
0.18257519264230673
0.18269947800149142
0.18276162068108376
0.18276162068108376
0.18276162068108376
0.18276162068108376
0.18276162068108376
0.1828237633606761
0.1828237633606761
0.1828237633606761
0.18288590604026847
0.18288590604026847
0.1829480487198608
0.18301019139945315
0.18301019139945315
0.18301019139945315
0.1830723340790455
0.1830723340790455
0.18313447675863784
0.18313447675863784
0.18313447675863784
0.18313447675863784
0.18319661943823018
0.18319661943823018
0.18319661943823018
0.18325876211782252
0.18325876211782252
0.18325876211782252
0.18325876211782252
0.18325876211782252
0.18325876211782252
0.18325876211782252
0.18325876211782252
0.18325876211782252
0.18332090479741486
0.18332090479741486
0.18332090479741486
0.18332090479741486
0.1833830474770072
0.1833830474770072
0.1833830474770072
0.1833830474770072
0.18344519015659955
0.1835073328361919
0.1835073328361919
0.1835073328361919
0.18356947551578423
0.18356947551578423
0.18356947551578423
0.18356947551578423
0.18356947551578423
0.18356947551578423
0.18356947551578423
0.18369376087496894
0.18375590355456128
0.18375590355456128
0.18375590355456128
0.18375590355456128
0.18381804623415363
0.18381804623415363
0.18381804623415363
0.18388018891374597
0.18388018891374597
0.18388018891374597
0.18388018891374597
0.18388018891374597
0.1839423315933383
0.18400447427293065
0.18400447427293065
0.18400447427293065
0.18400447427293065
0.18400447427293065
0.184066616952523
0.18412875963211534
0.18412875963211534
0.18419090231170768
0.18419090231170768
0.18419090231170768
0.18419090231170768
0.18419090231170768
0.18419090231170768
0.18419090231170768
0.18431518767089236
0.1843773303504847
0.1843773303504847
0.18443947303007704
0.18443947303007704
0.18443947303007704
0.18450161570966941
0.18456375838926176
0.18456375838926176
0.18456375838926176
0.18456375838926176
0.18456375838926176
0.18456375838926176
0.18456375838926176
0.18456375838926176
0.18456375838926176
0.18456375838926176
0.18456375838926176
0.18456375838926176
0.1846259010688541
0.1846259010688541
0.1846259010688541
0.1846259010688541
0.1846259010688541
0.1846259010688541
0.1846259010688541
0.1846259010688541
0.1846259010688541
0.1846259010688541
0.1846259010688541
0.1846259010688541
0.1846259010688541
0.1846259010688541
0.1846259010688541
0.1846259010688541
0.1846259010688541
0.1846259010688541
0.1846259010688541
0.1846259010688541
0.1846259010688541
0.1846259010688541
0.1846259010688541
0.1846259010688541
0.18468804374844644
0.18468804374844644
0.18475018642803878
0.18475018642803878
0.18475018642803878
0.18475018642803878
0.18475018642803878
0.18475018642803878
0.18475018642803878
0.18475018642803878
0.18475018642803878
0.18475018642803878
0.18475018642803878
0.18475018642803878
0.18475018642803878
0.18481232910763112
0.18481232910763112
0.18481232910763112
0.18481232910763112
0.18481232910763112
0.18481232910763112
0.18487447178722347
0.1849366144668158
0.1849366144668158
0.18499875714640815
0.1850608998260005
0.1850608998260005
0.1850608998260005
0.1850608998260005
0.18512304250559283
0.18512304250559283
0.18518518518518517
0.18518518518518517
0.18518518518518517
0.18518518518518517
0.18518518518518517
0.18518518518518517
0.18518518518518517
0.18518518518518517
0.18524732786477752
0.18524732786477752
0.18524732786477752
0.18524732786477752
0.18524732786477752
0.18524732786477752
0.1853094705443699
0.1853094705443699
0.1853094705443699
0.1853094705443699
0.1853094705443699
0.1853094705443699
0.1853094705443699
0.1853094705443699
0.1853094705443699
0.18537161322396223
0.18543375590355457
0.1854958985831469
0.1854958985831469
0.1854958985831469
0.18555804126273925
0.18555804126273925
0.18555804126273925
0.18555804126273925
0.18568232662192394
0.18574446930151628
0.18574446930151628
0.18574446930151628
0.18574446930151628
0.18574446930151628
0.18574446930151628
0.18574446930151628
0.18574446930151628
0.18574446930151628
0.18580661198110862
0.18586875466070096
0.18586875466070096
0.18586875466070096
0.1859308973402933
0.18599304001988565
0.18599304001988565
0.186055182699478
0.186055182699478
0.186055182699478
0.18611732537907036
0.1861794680586627
0.1861794680586627
0.1861794680586627
0.1861794680586627
0.1861794680586627
0.1861794680586627
0.1861794680586627
0.1861794680586627
0.18624161073825504
0.18624161073825504
0.18624161073825504
0.18624161073825504
0.18624161073825504
0.18624161073825504
0.18624161073825504
0.18624161073825504
0.18624161073825504
0.18624161073825504
0.18624161073825504
0.18624161073825504
0.18624161073825504
0.18624161073825504
0.18624161073825504
0.18624161073825504
0.18624161073825504
0.18624161073825504
0.18624161073825504
0.18624161073825504
0.18630375341784738
0.18636589609743973
0.18636589609743973
0.18642803877703207
0.18642803877703207
0.18642803877703207
0.18642803877703207
0.18642803877703207
0.18642803877703207
0.18642803877703207
0.18642803877703207
0.18642803877703207
0.18642803877703207
0.18642803877703207
0.18642803877703207
0.18642803877703207
0.18642803877703207
0.18642803877703207
0.18642803877703207
0.18642803877703207
0.18655232413621675
0.1866144668158091
0.1866144668158091
0.1866144668158091
0.1866144668158091
0.1866144668158091
0.1866144668158091
0.1866144668158091
0.1866144668158091
0.1866144668158091
0.1866144668158091
0.1866144668158091
0.1866144668158091
0.1866144668158091
0.1866144668158091
0.1866144668158091
0.1866144668158091
0.18673875217499378
0.18673875217499378
0.18673875217499378
0.18680089485458612
0.18680089485458612
0.18680089485458612
0.18680089485458612
0.18680089485458612
0.18680089485458612
0.18680089485458612
0.18680089485458612
0.18680089485458612
0.18686303753417846
0.18686303753417846
0.18692518021377083
0.18692518021377083
