0.06636838180462341
0.07798906288839175
0.08308476261496396
0.08637832463335819
0.08954760129256774
0.09259259259259259
0.09569972657220979
0.09862043251304996
0.10123042505592841
0.10303256276410638
0.10452398707432264
0.10651255282127765
0.10719612229679344
0.10862540392741735
0.10955754412130252
0.11073825503355705
0.11173253790703455
0.11241610738255034
0.11303753417847377
0.11384538901317424
0.114342530449913
0.11502609992542878
0.1158960974397216
0.11626895351727566
0.11682823763360677
0.11751180710912254
0.1178846631866766
0.11825751926423067
0.11918965945811584
0.11962465821526225
0.12005965697240865
0.12043251304996272
0.12080536912751678
0.12117822520507084
0.12173750932140194
0.12204822271936366
0.1226696495152871
0.1232289336316182
0.12366393238876461
0.12409893114591102
0.12434750186428038
0.12490678598061149
0.12546607009694258
0.12596321153368134
0.12627392493164305
0.1267710663683818
0.12701963708675118
0.12739249316430523
0.12782749192145165
0.12807606263982102
0.12863534675615212
0.1291324881928909
0.1294432015908526
0.12994034302759136
0.13025105642555307
0.13093462590106886
0.13149391001739996
0.1319910514541387
0.13230176485210043
0.13273676360924683
0.1328610489684315
0.1332339050459856
0.13335819040517027
0.13360676112353964
0.13391747452150138
0.13416604523987075
0.13447675863783246
0.1347874720357942
0.13503604275416356
0.13547104151130998
0.13590604026845637
0.1363410390256028
0.13646532438478748
0.1367760377827492
0.13702460850111856
0.13714889386030327
0.1373353218990803
0.137646035297042
0.13783246333581903
0.1383296047725578
0.13870246085011187
0.13895103156848124
0.13926174496644295
0.13951031568481234
0.13951031568481234
0.13969674372358937
0.14006959980114342
0.14025602783992044
0.14050459855828984
0.1408774546358439
0.14125031071339797
0.1413124533929903
0.14162316679095202
0.14180959482972905
0.14224459358687547
0.14236887894606015
0.14249316430524483
0.14261744966442952
0.14267959234402186
0.14311459110116828
0.14323887646035297
0.14342530449913
0.14361173253790704
0.14379816057668407
0.14392244593586875
0.14404673129505344
0.14423315933383046
0.14448173005219986
0.14466815809097688
0.1449788714889386
0.145227442207308
0.14535172756649267
0.1455381556052697
0.14566244096445438
0.14572458364404672
0.14597315436241612
0.1462217250807855
0.14647029579915485
0.1465324384787472
0.14659458115833954
0.14665672383793188
0.14690529455630127
0.14702957991548596
0.14727815063385533
0.14752672135222472
0.14771314939100175
0.14783743475018643
0.1480860054685558
0.14821029082774048
0.14852100422570222
0.14870743226447924
0.14889386030325627
0.14901814566244095
0.149204573701218
0.149204573701218
0.14939100173999503
0.14939100173999503
0.1496395724583644
0.14970171513795674
0.15007457121551082
0.1501988565746955
0.15044742729306487
0.15050956997265721
0.15069599801143424
0.1507581406910266
0.15082028337061895
0.15106885408898832
0.15125528212776534
0.1515038528461347
0.1515038528461347
0.1517524235645041
0.1517524235645041
0.1518767089236888
0.15200099428287348
0.15200099428287348
0.15224956500124284
0.15224956500124284
0.15224956500124284
0.15231170768083518
0.15256027839920458
0.15256027839920458
0.15280884911757395
0.15293313447675863
0.15305741983594331
0.1533059905543127
0.15349241859308974
0.15361670395227442
0.1537409893114591
0.15380313199105144
0.1539895600298285
0.15405170270942084
0.15423813074819787
0.1543002734277902
0.1543002734277902
0.15448670146656723
0.15461098682575192
0.15479741486452897
0.154983842903306
0.15504598558289834
0.15535669898086005
0.1554188416604524
0.15548098434004473
0.15566741237882178
0.15591598309719115
0.1559781257767835
0.15610241113596818
0.15616455381556052
0.15635098185433757
0.15659955257270694
0.15666169525229928
0.15672383793189162
0.15703455132985333
0.15709669400944568
0.15715883668903805
0.1572209793686304
0.1574074074074074
0.1575316927665921
0.15759383544618444
0.15765597812577678
0.1578424061645538
0.15802883420333086
0.15802883420333086
0.1584016902808849
0.1584016902808849
0.1584016902808849
0.15846383296047725
0.1585259756400696
0.15865026099925428
0.158774546358439
0.15896097439721601
0.1590852597564007
0.15927168779517772
0.15927168779517772
0.15945811583395475
0.15945811583395475
0.1595202585135471
0.1596445438727318
0.1596445438727318
0.15970668655232415
0.15983097191150883
0.1600795426298782
0.16014168530947054
0.16020382798906288
0.16039025602783993
0.16045239870743228
0.16051454138702462
0.16070096942580164
0.16076311210539398
0.16076311210539398
0.16082525478498633
0.16088739746457867
0.1610738255033557
0.16126025354213275
0.16138453890131743
0.16138453890131743
0.16138453890131743
0.16138453890131743
0.16138453890131743
0.16157096694009446
0.16175739497887148
0.16188168033805617
0.16200596569724088
0.16213025105642556
0.1621923937360179
0.16225453641561025
0.16225453641561025
0.16237882177479493
0.16244096445438727
0.1625031071339796
0.16256524981357195
0.16256524981357195
0.16268953517275664
0.16281382053194135
0.16281382053194135
0.1628759632115337
0.16293810589112603
0.16293810589112603
0.16293810589112603
0.16300024857071838
0.16306239125031072
0.1631866766094954
0.1631866766094954
0.16324881928908774
0.16331096196868009
0.1634973900074571
0.16362167536664182
0.16362167536664182
0.16368381804623416
0.1637459607258265
0.16405667412378822
0.16411881680338056
0.1641809594829729
0.1641809594829729
0.16424310216256524
0.16449167288093464
0.16455381556052698
0.16480238627889635
0.16480238627889635
0.16492667163808103
0.1650509569972657
0.1651752423564504
0.1651752423564504
0.1652995277156351
0.1652995277156351
0.1652995277156351
0.16536167039522745
0.16536167039522745
0.16536167039522745
0.16536167039522745
0.16548595575441213
0.16554809843400448
0.1657345264727815
0.16585881183196619
0.16592095451155853
0.16598309719115087
0.16604523987074324
0.16610738255033558
0.16610738255033558
0.16616952522992792
0.1662938105891126
0.1662938105891126
0.16635595326870495
0.16654238130748197
0.16654238130748197
0.16666666666666666
0.16679095202585134
0.16691523738503605
0.16691523738503605
0.1669773800646284
0.16703952274422074
0.16710166542381308
0.16710166542381308
0.1672880934625901
0.1672880934625901
0.1672880934625901
0.16735023614218245
0.1674123788217748
0.16747452150136713
0.16753666418095947
0.16753666418095947
0.16772309221973652
0.16772309221973652
0.16772309221973652
0.16772309221973652
0.16778523489932887
0.1678473775789212
0.1678473775789212
0.16790952025851355
0.1679716629381059
0.1679716629381059
0.1679716629381059
0.16803380561769823
0.16815809097688292
0.16822023365647526
0.16840666169525229
0.16859308973402934
0.16865523241362168
0.16865523241362168
0.16865523241362168
0.16871737509321402
0.1688416604523987
0.16890380313199105
0.16890380313199105
0.1689659458115834
0.16902808849117573
0.16902808849117573
0.16902808849117573
0.16902808849117573
0.16902808849117573
0.16909023117076807
0.16915237385036042
0.16915237385036042
0.16921451652995279
0.16927665920954513
0.16933880188913747
0.1694009445687298
0.16946308724832215
0.1695252299279145
0.16964951528709918
0.16964951528709918
0.16964951528709918
0.16971165796669152
0.1698359433258762
0.16989808600546855
0.1699602286850609
0.17014665672383794
0.17020879940343028
0.17020879940343028
0.17033308476261497
0.1703952274422073
0.17045737012179965
0.17045737012179965
0.170519512801392
0.170519512801392
0.170519512801392
0.17064379816057668
0.17070594084016902
0.17076808351976136
0.17083022619935373
0.1709545115585384
0.17101665423813076
0.17114093959731544
0.17120308227690778
0.1713895103156848
0.1715137956748695
0.17157593835446183
0.17157593835446183
0.1716380810340542
0.17170022371364654
0.17170022371364654
0.17188665175242357
0.1719487944320159
0.17201093711160825
0.1720730797912006
0.1720730797912006
0.17219736515038528
0.17219736515038528
0.17225950782997762
0.1723837931891623
0.17250807854834702
0.17257022122793936
0.17257022122793936
0.17275664926671638
0.17275664926671638
0.17275664926671638
0.17288093462590107
0.17288093462590107
0.1729430773054934
0.1729430773054934
0.17300521998508575
0.1730673626646781
0.17319164802386278
0.17325379070345515
0.1733159333830475
0.17337807606263983
0.17337807606263983
0.17344021874223217
0.1735023614218245
0.1736266467810092
0.17368878946060154
0.17375093214019388
0.17375093214019388
0.17381307481978622
0.17399950285856325
0.17399950285856325
0.17399950285856325
0.17412378821774796
0.1741859308973403
0.1741859308973403
0.17424807357693264
0.17443450161570967
0.17443450161570967
0.174496644295302
0.17455878697489435
0.17455878697489435
0.1746209296544867
0.1746209296544867
0.1746209296544867
0.1746209296544867
0.17480735769326372
0.17480735769326372
0.17480735769326372
0.17480735769326372
0.1748695003728561
0.1748695003728561
0.17493164305244843
0.17499378573204077
0.17511807109122546
0.17511807109122546
0.17524235645041014
0.17536664180959483
0.17542878448918717
0.17555306984837185
0.1756152125279642
0.1756152125279642
0.17567735520755656
0.1757394978871489
0.17580164056674125
0.1758637832463336
0.1758637832463336
0.1758637832463336
0.17592592592592593
0.17592592592592593
0.17592592592592593
0.17592592592592593
0.1760502112851106
0.1760502112851106
0.1760502112851106
0.17611235396470296
0.17611235396470296
0.1761744966442953
0.1761744966442953
0.17629878200347998
0.17629878200347998
0.17629878200347998
0.17629878200347998
0.17636092468307232
0.17642306736266467
0.17648521004225703
0.17648521004225703
0.17648521004225703
0.17648521004225703
0.17648521004225703
0.17648521004225703
0.17648521004225703
0.17648521004225703
0.17654735272184938
0.17654735272184938
0.17654735272184938
0.17660949540144172
0.17660949540144172
0.17660949540144172
0.17660949540144172
0.17660949540144172
0.17660949540144172
0.17660949540144172
0.17660949540144172
0.17660949540144172
0.17667163808103406
0.17679592344021874
0.17679592344021874
0.17685806611981109
0.17692020879940343
0.17692020879940343
0.17698235147899577
0.17698235147899577
0.17698235147899577
0.17698235147899577
0.17698235147899577
0.17698235147899577
0.17698235147899577
0.17698235147899577
0.17698235147899577
0.1770444941585881
0.1770444941585881
0.17710663683818045
0.17710663683818045
0.1771687795177728
0.1771687795177728
0.17723092219736514
0.17723092219736514
0.1772930648769575
0.1774173502361422
0.1774173502361422
0.17747949291573453
0.17754163559532687
0.17760377827491922
0.17760377827491922
0.17766592095451156
0.1777280636341039
0.17791449167288093
0.17797663435247327
0.17797663435247327
0.17797663435247327
0.17797663435247327
0.17797663435247327
0.17797663435247327
0.1780387770320656
0.17810091971165798
0.17810091971165798
0.17810091971165798
0.17816306239125032
0.17816306239125032
0.17816306239125032
0.17816306239125032
0.17822520507084266
0.178287347750435
0.178287347750435
0.1784116331096197
0.1784116331096197
0.17847377578921203
0.17853591846880437
0.17866020382798906
0.17866020382798906
0.1787223465075814
0.1787223465075814
0.17878448918717374
0.17878448918717374
0.17878448918717374
0.17890877454635845
0.17890877454635845
0.17890877454635845
0.17890877454635845
0.17890877454635845
0.1789709172259508
0.17903305990554313
0.17903305990554313
0.17903305990554313
0.17903305990554313
0.17903305990554313
0.17903305990554313
0.17903305990554313
0.17903305990554313
0.17903305990554313
0.17903305990554313
0.17903305990554313
0.17903305990554313
0.17909520258513548
0.17909520258513548
0.17909520258513548
0.17909520258513548
0.17909520258513548
0.17909520258513548
0.17915734526472782
0.17915734526472782
0.17915734526472782
0.17915734526472782
0.17921948794432016
0.1792816306239125
0.1794059159830972
0.1794059159830972
0.1794059159830972
0.1794059159830972
0.1794059159830972
0.1794059159830972
0.17946805866268953
0.17953020134228187
0.1795923440218742
0.1795923440218742
0.1795923440218742
0.17965448670146655
0.17965448670146655
0.17965448670146655
0.17965448670146655
0.17971662938105892
0.17971662938105892
0.17971662938105892
0.17977877206065127
0.1798409147402436
0.1798409147402436
0.1798409147402436
0.1798409147402436
0.1798409147402436
0.1799652000994283
0.18008948545861297
0.18008948545861297
0.18015162813820532
0.18015162813820532
0.18021377081779766
0.18021377081779766
0.18021377081779766
0.18027591349739
0.18027591349739
0.18027591349739
0.18033805617698234
0.18033805617698234
0.18033805617698234
0.18033805617698234
0.18033805617698234
0.18040019885657468
0.18040019885657468
0.18040019885657468
0.18040019885657468
0.18040019885657468
0.18040019885657468
0.18040019885657468
0.18040019885657468
0.18040019885657468
0.18040019885657468
0.18040019885657468
0.1805244842157594
0.1805244842157594
0.18058662689535174
0.18058662689535174
0.18058662689535174
0.18071091225453642
0.18071091225453642
0.18071091225453642
0.18071091225453642
0.18071091225453642
0.18077305493412876
0.1808351976137211
0.18089734029331345
0.18089734029331345
0.18089734029331345
0.18089734029331345
0.18089734029331345
0.1809594829729058
0.1809594829729058
0.1809594829729058
0.18102162565249813
0.18102162565249813
0.18102162565249813
0.18108376833209047
0.18114591101168281
0.18114591101168281
0.18120805369127516
0.18127019637086753
0.18133233905045987
0.18145662440964455
0.18145662440964455
0.18158090976882924
0.18158090976882924
0.18164305244842158
0.18164305244842158
0.18176733780760626
0.1818294804871986
0.1818294804871986
0.18189162316679094
0.18214019388516034
0.18214019388516034
0.18214019388516034
0.18220233656475268
0.18220233656475268
0.18220233656475268
0.18220233656475268
0.18220233656475268
0.18220233656475268
0.18226447924434502
0.18232662192393737
0.18232662192393737
0.18232662192393737
0.1823887646035297
0.18245090728312205
0.1825130499627144
0.1825130499627144
0.18263733532189907
0.18263733532189907
0.18263733532189907
0.18269947800149142
0.18269947800149142
0.18269947800149142
0.18269947800149142
0.18276162068108376
0.18276162068108376
0.18276162068108376
0.1828237633606761
0.18288590604026847
0.1829480487198608
0.18301019139945315
0.18301019139945315
0.1830723340790455
0.1830723340790455
0.1830723340790455
0.1830723340790455
0.1830723340790455
0.1830723340790455
0.18313447675863784
0.18313447675863784
0.18313447675863784
0.18313447675863784
0.18313447675863784
0.18319661943823018
0.18319661943823018
0.18332090479741486
0.18332090479741486
0.18332090479741486
0.18332090479741486
0.18332090479741486
0.18332090479741486
0.18332090479741486
0.18332090479741486
0.1833830474770072
0.18344519015659955
0.18344519015659955
0.1835073328361919
0.18356947551578423
0.18363161819537657
0.18369376087496894
0.18369376087496894
0.18369376087496894
0.18369376087496894
0.18369376087496894
0.18375590355456128
0.18381804623415363
0.18388018891374597
0.1839423315933383
0.18400447427293065
0.18400447427293065
0.184066616952523
0.18412875963211534
0.18412875963211534
0.18412875963211534
0.18431518767089236
0.1843773303504847
0.1843773303504847
0.1843773303504847
0.1843773303504847
0.1843773303504847
0.1843773303504847
0.1843773303504847
0.1843773303504847
0.1843773303504847
0.18450161570966941
0.18456375838926176
0.18456375838926176
0.1846259010688541
0.1846259010688541
0.1846259010688541
0.18468804374844644
0.18468804374844644
0.18468804374844644
0.18468804374844644
0.18468804374844644
0.18468804374844644
0.18468804374844644
0.18481232910763112
0.18481232910763112
0.18481232910763112
0.18487447178722347
0.18487447178722347
0.18487447178722347
0.18487447178722347
0.18487447178722347
0.18487447178722347
0.18487447178722347
0.1849366144668158
0.1849366144668158
0.1849366144668158
0.1849366144668158
0.18499875714640815
0.18499875714640815
0.18499875714640815
0.1850608998260005
0.1850608998260005
0.1850608998260005
0.1850608998260005
0.1850608998260005
0.1850608998260005
0.18518518518518517
0.18524732786477752
0.1853094705443699
0.1853094705443699
0.1853094705443699
0.18537161322396223
0.18537161322396223
0.18543375590355457
0.1854958985831469
0.18555804126273925
0.18555804126273925
0.1856201839423316
0.18568232662192394
0.18568232662192394
0.18568232662192394
0.18568232662192394
0.18568232662192394
0.18568232662192394
0.18568232662192394
0.18574446930151628
0.18580661198110862
0.18586875466070096
0.18586875466070096
0.18586875466070096
0.1859308973402933
0.18599304001988565
0.18599304001988565
0.18599304001988565
0.18599304001988565
0.18599304001988565
0.18599304001988565
0.18599304001988565
0.18599304001988565
0.18599304001988565
0.18599304001988565
0.18599304001988565
0.186055182699478
0.186055182699478
0.186055182699478
0.18611732537907036
0.18611732537907036
0.18611732537907036
0.18611732537907036
0.18611732537907036
0.18611732537907036
0.18611732537907036
0.18611732537907036
0.1861794680586627
0.1861794680586627
0.1861794680586627
0.18624161073825504
0.18624161073825504
0.18624161073825504
0.18630375341784738
0.18630375341784738
0.18642803877703207
0.18642803877703207
0.18642803877703207
0.18642803877703207
0.1864901814566244
0.1864901814566244
0.1864901814566244
0.1864901814566244
0.1864901814566244
0.18655232413621675
0.18655232413621675
0.18655232413621675
0.1866144668158091
0.18667660949540144
0.18667660949540144
0.18667660949540144
0.18667660949540144
0.18667660949540144
0.18667660949540144
0.18667660949540144
0.18667660949540144
0.18673875217499378
0.18673875217499378
0.18680089485458612
0.18680089485458612
0.18680089485458612
0.18680089485458612
0.18680089485458612
0.18686303753417846
0.18686303753417846
0.18698732289336317
0.18704946557295551
0.18704946557295551
0.18704946557295551
0.1871737509321402
0.1871737509321402
0.18729803629132488
0.18742232165050957
0.18742232165050957
0.18742232165050957
0.18742232165050957
0.18742232165050957
0.1874844643301019
0.1874844643301019
0.18754660700969425
0.1876087496892866
0.1876087496892866
0.18767089236887893
0.1877330350484713
0.1877330350484713
0.18779517772806364
0.18779517772806364
0.18779517772806364
0.18791946308724833
0.18791946308724833
0.18798160576684067
0.188043748446433
0.188043748446433
0.188043748446433
0.188043748446433
0.18810589112602535
0.18810589112602535
0.1881680338056177
0.1881680338056177
0.1881680338056177
0.18823017648521004
0.18829231916480238
0.18841660452398706
0.18841660452398706
0.18841660452398706
0.18854088988317177
0.18854088988317177
0.18860303256276412
0.18860303256276412
0.18866517524235646
0.18866517524235646
0.18866517524235646
0.18866517524235646
0.18866517524235646
0.18878946060154114
0.18878946060154114
0.18885160328113348
0.18885160328113348
0.18885160328113348
0.18885160328113348
0.18885160328113348
0.18885160328113348
0.18885160328113348
0.18885160328113348
0.18891374596072583
0.18897588864031817
0.1890380313199105
0.1890380313199105
0.1890380313199105
0.1890380313199105
0.1890380313199105
0.18910017399950285
0.18910017399950285
0.18910017399950285
0.18910017399950285
0.18910017399950285
0.18922445935868754
0.18934874471787225
0.18934874471787225
0.18934874471787225
0.1894108873974646
0.1894108873974646
0.1894108873974646
0.1894108873974646
0.1894108873974646
0.1894108873974646
0.1894108873974646
0.18947303007705693
0.18947303007705693
0.18953517275664927
0.18953517275664927
0.18965945811583396
0.18965945811583396
0.18965945811583396
0.18965945811583396
0.18965945811583396
0.18965945811583396
0.1897216007954263
0.18978374347501864
0.18978374347501864
0.18978374347501864
0.18978374347501864
0.18984588615461098
0.18984588615461098
0.18984588615461098
0.190032314193388
0.190032314193388
0.190032314193388
0.190032314193388
0.190032314193388
0.190032314193388
0.19009445687298035
0.19009445687298035
0.19009445687298035
0.19009445687298035
0.19009445687298035
0.19009445687298035
0.19015659955257272
0.19015659955257272
0.19015659955257272
0.19015659955257272
0.19015659955257272
