0.07761766343002041
0.09153318077803203
0.09876924979899808
0.10334590883789968
0.10668563300142248
0.1094687364710248
0.11169521924670667
0.11305584760962335
0.11441647597254005
0.11596264456676356
0.11670480549199085
0.11787989362360071
0.118622054548828
0.11930236873028635
0.12047745686189622
0.12078669058074093
0.12183808522481292
0.12233285917496443
0.12332240707526748
0.12431195497557053
0.12505411590079782
0.12573443008225618
0.1265384377512524
0.12728059867647967
0.12777537262663122
0.1285175335518585
0.12895046075824107
0.12932154122085474
0.1297544684272373
0.13024924237738883
0.13055847609623353
0.1309914033026161
0.13160987074030553
0.13229018492176386
0.1326612653843775
0.133217886078298
0.13377450677221844
0.13420743397860102
0.13457851444121466
0.1350732883913662
0.13544436885397984
0.13562990908528666
0.13587729606036242
0.13606283629166924
0.136310223266745
0.13686684396066548
0.13723792442327912
0.13760900488589276
0.1378563918609685
0.13804193209227533
0.13866039952996476
0.13878409301750264
0.1392170202238852
0.13946440719896097
0.13971179417403673
0.1399591811491125
0.14002102789288143
0.14026841486795721
0.14045395509926403
0.1405776485868019
0.14082503556187767
0.14125796276826025
0.14156719648710495
0.1418145834621807
0.14218566392479437
0.14243305089987013
0.14249489764363907
0.1428659781062527
0.14311336508132846
0.1431752118250974
0.14342259880017316
0.14366998577524892
0.14416475972540047
0.14428845321293834
0.14465953367555198
0.14478322716308986
0.14496876739439668
0.14509246088193456
0.14533984785701032
0.14552538808831714
0.14564908157585504
0.14595831529469974
0.14602016203846868
0.14626754901354444
0.14657678273238914
0.14657678273238914
0.14700970993877172
0.1471334034263096
0.14738079040138538
0.14769002412023008
0.1478755643515369
0.14793741109530584
0.14799925783907478
0.14812295132661266
0.14830849155791948
0.14837033830168841
0.14861772527676417
0.14874141876430205
0.14886511225183993
0.14892695899560887
0.1492361927144536
0.14935988620199148
0.1495454264332983
0.14960727317706723
0.14991650689591193
0.15010204712721875
0.15010204712721875
0.15028758735852557
0.15041128084606345
0.15059682107737027
0.15072051456490815
0.15084420805244603
0.15090605479621497
0.1509679015399839
0.15102974828375287
0.1510915950275218
0.1512152885150597
0.15133898200259757
0.1515245222339044
0.15164821572144227
0.1517100624652112
0.15177190920898015
0.15189560269651803
0.15195744944028697
0.15226668315913167
0.1523285299029006
0.15239037664666955
0.15251407013420742
0.15257591687797636
0.15257591687797636
0.15257591687797636
0.15269961036551424
0.15276145710928318
0.15282330385305215
0.15282330385305215
0.15282330385305215
0.1528851505968211
0.15294699734059003
0.15294699734059003
0.15300884408435897
0.15313253757189685
0.15331807780320367
0.1533799245469726
0.1533799245469726
0.15344177129074155
0.1535036180345105
0.15356546477827943
0.15356546477827943
0.1536891582658173
0.15375100500958624
0.15381285175335518
0.153998391984662
0.15406023872843094
0.15406023872843094
0.1543076257035067
0.15443131919104458
0.15455501267858246
0.15467870616612037
0.15467870616612037
0.15467870616612037
0.1547405529098893
0.15480239965365825
0.15480239965365825
0.15486424639742719
0.15492609314119613
0.155049786628734
0.15511163337250294
0.15517348011627188
0.1553590203475787
0.15542086709134764
0.15548271383511658
0.15573010081019234
0.15573010081019234
0.15579194755396128
0.15579194755396128
0.15591564104149916
0.15603933452903704
0.15610118127280598
0.15616302801657492
0.15634856824788174
0.15647226173541964
0.15647226173541964
0.15653410847918858
0.15653410847918858
0.15653410847918858
0.15659595522295752
0.15659595522295752
0.1567196487104954
0.1567196487104954
0.15684334219803328
0.15696703568557116
0.15696703568557116
0.15709072917310904
0.15715257591687798
0.15727626940441586
0.15752365637949162
0.15758550312326056
0.1576473498670295
0.15770919661079844
0.15770919661079844
0.15770919661079844
0.15777104335456738
0.15777104335456738
0.15789473684210525
0.15801843032964313
0.15808027707341207
0.15826581730471892
0.1583895107922568
0.1583895107922568
0.1583895107922568
0.1583895107922568
0.15845135753602574
0.15857505102356362
0.15857505102356362
0.15863689776733256
0.15863689776733256
0.1586987445111015
0.1586987445111015
0.15876059125487044
0.15876059125487044
0.15906982497371513
0.15906982497371513
0.15913167171748407
0.15919351846125301
0.15925536520502195
0.1593172119487909
0.15937905869255983
0.15937905869255983
0.15937905869255983
0.15944090543632877
0.15956459892386665
0.15956459892386665
0.15968829241140453
0.15968829241140453
0.1598119858989424
0.1598119858989424
0.15987383264271135
0.1599356793864803
0.1599356793864803
0.1599356793864803
0.1599356793864803
0.15999752613024923
0.1600593728740182
0.1600593728740182
0.1600593728740182
0.16018306636155608
0.16018306636155608
0.16030675984909395
0.16030675984909395
0.16043045333663183
0.16061599356793865
0.1606778403117076
0.1606778403117076
0.16080153379924547
0.16080153379924547
0.16080153379924547
0.16092522728678335
0.1609870740305523
0.16104892077432123
0.16123446100562805
0.16135815449316593
0.16142000123693487
0.1614818479807038
0.16154369472447275
0.16166738821201063
0.16172923495577957
0.1617910816995485
0.1617910816995485
0.16185292844331747
0.16185292844331747
0.1619147751870864
0.16197662193085535
0.16197662193085535
0.16197662193085535
0.16197662193085535
0.1620384686746243
0.16210031541839323
0.16210031541839323
0.16210031541839323
0.16210031541839323
0.16210031541839323
0.16228585564970005
0.16228585564970005
0.162347702393469
0.162347702393469
0.162347702393469
0.16240954913723793
0.16240954913723793
0.16259508936854475
0.1626569361123137
0.1626569361123137
0.16271878285608263
0.16271878285608263
0.16271878285608263
0.16271878285608263
0.16278062959985157
0.16290432308738945
0.16290432308738945
0.16308986331869627
0.16308986331869627
0.16308986331869627
0.16308986331869627
0.1631517100624652
0.16327540355000308
0.16333725029377202
0.16333725029377202
0.16333725029377202
0.16333725029377202
0.16333725029377202
0.16333725029377202
0.16333725029377202
0.16333725029377202
0.1634609437813099
0.1634609437813099
0.1634609437813099
0.1634609437813099
0.16352279052507884
0.16352279052507884
0.16352279052507884
0.16352279052507884
0.16352279052507884
0.16358463726884778
0.16358463726884778
0.16358463726884778
0.16358463726884778
0.1637083307563857
0.16377017750015463
0.16383202424392357
0.16383202424392357
0.16383202424392357
0.16383202424392357
0.16383202424392357
0.1638938709876925
0.1638938709876925
0.16395571773146145
0.16407941121899933
0.16426495145030615
0.16438864493784403
0.16438864493784403
0.16438864493784403
0.16438864493784403
0.16438864493784403
0.16445049168161296
0.16457418516915084
0.16457418516915084
0.16469787865668872
0.16469787865668872
0.16475972540045766
0.1648215721442266
0.1648215721442266
0.16488341888799554
0.16494526563176448
0.16494526563176448
0.16494526563176448
0.16494526563176448
0.16494526563176448
0.16506895911930236
0.16506895911930236
0.16506895911930236
0.16506895911930236
0.1651308058630713
0.1651308058630713
0.16519265260684024
0.16519265260684024
0.16525449935060918
0.16525449935060918
0.16531634609437812
0.16531634609437812
0.16537819283814706
0.16537819283814706
0.165440039581916
0.165440039581916
0.16562557981322285
0.16568742655699178
0.16568742655699178
0.16568742655699178
0.16574927330076072
0.16581112004452966
0.16581112004452966
0.16581112004452966
0.1658729667882986
0.1658729667882986
0.1658729667882986
0.1658729667882986
0.16593481353206754
0.16593481353206754
0.16593481353206754
0.16593481353206754
0.16593481353206754
0.16593481353206754
0.16599666027583648
0.16612035376337436
0.1661822005071433
0.1661822005071433
0.1661822005071433
0.1661822005071433
0.16624404725091224
0.16624404725091224
0.16624404725091224
0.16630589399468118
0.16630589399468118
0.16630589399468118
0.16636774073845012
0.16636774073845012
0.16636774073845012
0.16642958748221906
0.16655328096975694
0.16655328096975694
0.16655328096975694
0.16655328096975694
0.16655328096975694
0.16667697445729482
0.16667697445729482
0.1668006679448327
0.1668006679448327
0.1668006679448327
0.1668006679448327
0.16686251468860164
0.16686251468860164
0.16692436143237058
0.16692436143237058
0.16704805491990846
0.16704805491990846
0.1671099016636774
0.1671099016636774
0.1671099016636774
0.16717174840744634
0.16717174840744634
0.16717174840744634
0.16717174840744634
0.16717174840744634
0.16717174840744634
0.16717174840744634
0.16717174840744634
0.16717174840744634
0.16717174840744634
0.16717174840744634
0.16723359515121528
0.16723359515121528
0.16741913538252212
0.16741913538252212
0.16741913538252212
0.16741913538252212
0.16748098212629106
0.16748098212629106
0.16760467561382894
0.16766652235759788
0.16766652235759788
0.16779021584513576
0.16779021584513576
0.16779021584513576
0.16779021584513576
0.16797575607644258
0.16809944956398046
0.16809944956398046
0.1681612963077494
0.1681612963077494
0.1681612963077494
0.1681612963077494
0.16828498979528728
0.16834683653905622
0.16840868328282516
0.1684705300265941
0.16853237677036303
0.16853237677036303
0.16859422351413197
0.16859422351413197
0.16865607025790091
0.16865607025790091
0.16865607025790091
0.16865607025790091
0.16871791700166985
0.16871791700166985
0.16871791700166985
0.16871791700166985
0.16871791700166985
0.16871791700166985
0.16871791700166985
0.16884161048920773
0.16884161048920773
0.16884161048920773
0.16884161048920773
0.16884161048920773
0.16884161048920773
0.16884161048920773
0.16884161048920773
0.16890345723297667
0.1689653039767456
0.1689653039767456
0.1689653039767456
0.1689653039767456
0.1689653039767456
0.1689653039767456
0.16902715072051455
0.16908899746428352
0.16908899746428352
0.16908899746428352
0.1692126909518214
0.16927453769559034
0.16939823118312822
0.16939823118312822
0.16939823118312822
0.16939823118312822
0.16946007792689716
0.16958377141443504
0.16970746490197292
0.16970746490197292
0.1698311583895108
0.1698311583895108
0.1698311583895108
0.1698311583895108
0.16989300513327973
0.16989300513327973
0.16989300513327973
0.16995485187704867
0.16995485187704867
0.16995485187704867
0.16995485187704867
0.16995485187704867
0.16995485187704867
0.16995485187704867
0.16995485187704867
0.16995485187704867
0.17007854536458655
0.17007854536458655
0.17007854536458655
0.1701403921083555
0.17020223885212443
0.17020223885212443
0.1703259323396623
0.1704496258272002
0.17051147257096913
0.17057331931473807
0.170635166058507
0.1707588595460449
0.1707588595460449
0.1707588595460449
0.1707588595460449
0.1707588595460449
0.1707588595460449
0.1707588595460449
0.1707588595460449
0.1707588595460449
0.17082070628981383
0.17082070628981383
0.17082070628981383
0.17100624652112068
0.17100624652112068
0.17112994000865855
0.17112994000865855
0.17112994000865855
0.17112994000865855
0.1711917867524275
0.17125363349619643
0.1713773269837343
0.1715010204712722
0.17156286721504113
0.17156286721504113
0.17156286721504113
0.17156286721504113
0.17156286721504113
0.17156286721504113
0.17156286721504113
0.17156286721504113
0.17156286721504113
0.171686560702579
0.171686560702579
0.17174840744634795
0.17174840744634795
0.17174840744634795
0.1718102541901169
0.17187210093388583
0.17187210093388583
0.17187210093388583
0.17187210093388583
0.17187210093388583
0.17187210093388583
0.1719957944214237
0.17205764116519265
0.17218133465273053
0.17224318139649947
0.17224318139649947
0.17224318139649947
0.17224318139649947
0.17224318139649947
0.1723050281402684
0.1723050281402684
0.1723050281402684
0.1723050281402684
0.1723050281402684
0.17236687488403735
0.17236687488403735
0.17236687488403735
0.17236687488403735
0.17236687488403735
0.17236687488403735
0.17236687488403735
0.17236687488403735
0.1724287216278063
0.17249056837157523
0.17255241511534417
0.17255241511534417
0.17255241511534417
0.17255241511534417
0.17255241511534417
0.17255241511534417
0.1726142618591131
0.17267610860288204
0.17267610860288204
0.172737955346651
0.172737955346651
0.172737955346651
0.172737955346651
0.17292349557795783
0.17298534232172677
0.17298534232172677
0.17298534232172677
0.1730471890654957
0.17310903580926465
0.17310903580926465
0.17310903580926465
0.1731708825530336
0.1731708825530336
0.1731708825530336
0.1731708825530336
0.1731708825530336
0.1731708825530336
0.1731708825530336
0.1731708825530336
0.1731708825530336
0.1731708825530336
0.17323272929680253
0.17323272929680253
0.17323272929680253
0.17323272929680253
0.17323272929680253
0.17323272929680253
0.17329457604057147
0.17329457604057147
0.1733564227843404
0.1733564227843404
0.17341826952810935
0.1734801162718783
0.17354196301564723
0.17354196301564723
0.17354196301564723
0.17354196301564723
0.17354196301564723
0.17354196301564723
0.17360380975941617
0.17372750324695405
0.17372750324695405
0.17391304347826086
0.1739748902220298
0.1739748902220298
0.1739748902220298
0.1739748902220298
0.17403673696579874
0.17403673696579874
0.17403673696579874
0.17409858370956768
0.17409858370956768
0.17409858370956768
0.17409858370956768
0.17422227719710556
0.1742841239408745
0.1742841239408745
0.1742841239408745
0.17434597068464344
0.17434597068464344
0.17434597068464344
0.17434597068464344
0.17434597068464344
0.17434597068464344
0.17434597068464344
0.17434597068464344
0.17434597068464344
0.17434597068464344
0.17434597068464344
0.17434597068464344
0.17434597068464344
0.17440781742841238
0.17440781742841238
0.17446966417218132
0.1745315109159503
0.1745315109159503
0.1745315109159503
0.1745315109159503
0.17459335765971923
0.17465520440348817
0.17465520440348817
0.17465520440348817
0.17465520440348817
0.17465520440348817
0.1747170511472571
0.1747170511472571
0.174840744634795
0.17490259137856393
0.17496443812233287
0.1750262848661018
0.1750262848661018
0.1750262848661018
0.1750262848661018
0.1750262848661018
0.17508813160987075
0.17508813160987075
0.17508813160987075
0.17514997835363968
0.17514997835363968
0.17521182509740862
0.17521182509740862
0.1753355185849465
0.1753355185849465
0.1753355185849465
0.1753355185849465
0.17545921207248438
0.17545921207248438
0.17545921207248438
0.17545921207248438
0.17545921207248438
0.17545921207248438
0.17545921207248438
0.17545921207248438
0.17545921207248438
0.17545921207248438
0.17545921207248438
0.17552105881625332
0.17552105881625332
0.17552105881625332
0.17552105881625332
0.17552105881625332
0.17552105881625332
0.17552105881625332
0.17558290556002226
0.17558290556002226
0.17558290556002226
0.17558290556002226
0.1756447523037912
0.1756447523037912
0.1756447523037912
0.1756447523037912
0.1756447523037912
0.17570659904756014
0.17576844579132908
0.17576844579132908
0.17576844579132908
0.17576844579132908
0.17576844579132908
0.17583029253509802
0.17583029253509802
0.17583029253509802
0.17583029253509802
0.17583029253509802
0.17589213927886696
0.17589213927886696
0.1759539860226359
0.17601583276640484
0.17601583276640484
0.17607767951017378
0.17607767951017378
0.17607767951017378
0.17613952625394272
0.17613952625394272
0.17613952625394272
0.17613952625394272
0.17613952625394272
0.17613952625394272
0.17613952625394272
0.17613952625394272
0.17613952625394272
0.17613952625394272
0.17613952625394272
0.17613952625394272
0.1762632197414806
0.1762632197414806
0.1762632197414806
0.1762632197414806
0.1762632197414806
0.1762632197414806
0.1762632197414806
0.1762632197414806
0.17632506648524957
0.17632506648524957
0.17632506648524957
0.17632506648524957
0.1763869132290185
0.1763869132290185
0.17644875997278744
0.17644875997278744
0.17644875997278744
0.17644875997278744
0.17644875997278744
0.17644875997278744
0.17644875997278744
0.17651060671655638
0.17651060671655638
0.17651060671655638
0.17657245346032532
0.17663430020409426
0.17663430020409426
0.17663430020409426
0.1766961469478632
0.1766961469478632
0.1766961469478632
0.1766961469478632
0.17675799369163214
0.17681984043540108
0.17681984043540108
0.17681984043540108
0.17681984043540108
0.17681984043540108
0.17688168717917002
0.17688168717917002
0.17688168717917002
0.17688168717917002
0.17694353392293896
0.17694353392293896
0.17694353392293896
0.1770053806667079
0.1770053806667079
0.1770053806667079
0.17706722741047684
0.17725276764178366
0.1773146143855526
0.17737646112932154
0.17737646112932154
0.17737646112932154
0.17737646112932154
0.17737646112932154
0.17743830787309048
0.17743830787309048
0.17743830787309048
0.17743830787309048
0.17743830787309048
0.17756200136062836
0.1776238481043973
0.17768569484816624
0.17768569484816624
0.17768569484816624
0.17768569484816624
0.17774754159193518
0.17774754159193518
0.17774754159193518
0.17774754159193518
0.17774754159193518
0.17774754159193518
0.17774754159193518
0.17774754159193518
0.17774754159193518
0.17774754159193518
0.17774754159193518
0.17774754159193518
0.17780938833570412
0.17787123507947306
0.17787123507947306
0.17787123507947306
0.177933081823242
0.177933081823242
0.177933081823242
0.177933081823242
0.177933081823242
0.177933081823242
0.177933081823242
0.177933081823242
0.177933081823242
0.177933081823242
0.177933081823242
0.177933081823242
0.17799492856701093
0.17799492856701093
0.17799492856701093
0.17799492856701093
0.17799492856701093
0.17799492856701093
0.17799492856701093
0.17799492856701093
0.17799492856701093
0.17805677531077987
0.17805677531077987
0.17805677531077987
0.17805677531077987
0.17805677531077987
0.17805677531077987
0.17805677531077987
0.17805677531077987
0.17805677531077987
0.17805677531077987
0.17805677531077987
0.17805677531077987
0.17811862205454881
0.17811862205454881
0.17811862205454881
0.17818046879831778
0.17824231554208672
0.17824231554208672
0.17824231554208672
0.17830416228585566
0.17830416228585566
0.17830416228585566
0.17830416228585566
0.17830416228585566
0.17830416228585566
0.17830416228585566
0.17830416228585566
0.1783660090296246
0.1783660090296246
0.1783660090296246
0.1783660090296246
0.17848970251716248
0.17855154926093142
0.17855154926093142
0.17855154926093142
0.17861339600470036
0.17861339600470036
0.1786752427484693
0.1786752427484693
0.1786752427484693
0.17879893623600718
0.17879893623600718
0.17879893623600718
0.17879893623600718
0.17879893623600718
0.17879893623600718
0.17892262972354506
0.17892262972354506
0.17892262972354506
0.17892262972354506
0.17892262972354506
0.17892262972354506
0.178984476467314
0.178984476467314
0.17904632321108294
0.17904632321108294
0.17904632321108294
0.17910816995485188
0.17910816995485188
0.17917001669862082
0.17917001669862082
0.17917001669862082
0.17917001669862082
0.17923186344238975
0.17923186344238975
0.1792937101861587
0.1792937101861587
0.1792937101861587
0.17935555692992763
0.17935555692992763
0.17935555692992763
0.17941740367369657
0.17941740367369657
0.17941740367369657
0.1794792504174655
0.1794792504174655
0.1794792504174655
0.1794792504174655
0.1794792504174655
0.1794792504174655
0.1794792504174655
0.1794792504174655
0.1794792504174655
0.1794792504174655
0.1794792504174655
0.1794792504174655
0.1794792504174655
0.1794792504174655
0.1794792504174655
0.17954109716123445
0.17954109716123445
0.17954109716123445
0.17954109716123445
0.17954109716123445
0.17954109716123445
0.17954109716123445
0.1796029439050034
0.1796029439050034
0.1796029439050034
0.1796029439050034
0.1796029439050034
0.17972663739254127
0.17972663739254127
0.17972663739254127
0.1797884841363102
0.17985033088007915
0.17985033088007915
0.17985033088007915
0.17985033088007915
0.17985033088007915
0.17985033088007915
0.17985033088007915
0.17985033088007915
0.1799121776238481
0.180035871111386
0.180035871111386
0.180035871111386
0.180035871111386
0.180035871111386
0.180035871111386
0.18009771785515494
0.18009771785515494
0.18009771785515494
