0.04867338734615623
0.06444430700723607
0.07093821510297482
0.07415424577895974
0.07922567876801287
0.08101923433731215
0.08374049106314553
0.0846063454759107
0.08639990104520998
0.08738944894551302
0.08856453707712289
0.08924485125858124
0.09004885892757747
0.09079101985280474
0.09103840682788052
0.0914713340342631
0.09227534170325932
0.09289380914094873
0.09345042983486919
0.09400705052878966
0.09443997773517224
0.09493475168532377
0.09518213866039953
0.09536767889170635
0.09555321912301318
0.09592429958562682
0.09641907353577835
0.0969756942296988
0.09734677469231245
0.09747046817985033
0.09765600841115715
0.09821262910507762
0.09839816933638444
0.09870740305522914
0.09920217700538067
0.09932587049291855
0.09944956398045643
0.099882491186839
0.09994433793060796
0.1003154183932216
0.1006246521120663
0.10093388583091101
0.10118127280598677
0.10149050652483146
0.10173789349990724
0.10217082070628981
0.10229451419382769
0.10254190116890345
0.1029129816315171
0.10309852186282392
0.1032222153503618
0.10334590883789968
0.10353144906920651
0.10365514255674439
0.10421176325066485
0.10427360999443379
0.1045828437132785
0.1048920774321232
0.10495392417589214
0.10501577091966108
0.1052013111509679
0.10544869812604367
0.10563423835735049
0.10575793184488837
0.10606716556373307
0.106129012307502
0.1062527057950399
0.10631455253880884
0.10637639928257778
0.10650009277011566
0.10668563300142248
0.10680932648896035
0.1068711732327293
0.10699486672026717
0.10705671346403611
0.10724225369534295
0.1074896406704187
0.10761333415795658
0.10761333415795658
0.10761333415795658
0.10767518090172552
0.1077988743892634
0.10786072113303234
0.10792256787680128
0.10792256787680128
0.108231801595646
0.10835549508318387
0.10847918857072175
0.10860288205825963
0.10878842228956645
0.10878842228956645
0.10891211577710433
0.1091595027521801
0.10928319623971798
0.10934504298348692
0.10953058321479374
0.10971612344610056
0.1097779701898695
0.10996351042117633
0.10996351042117633
0.11002535716494527
0.11008720390871421
0.11021089739625209
0.11027274414002103
0.1107056713464036
0.1107056713464036
0.11076751809017256
0.11089121157771044
0.11095305832147938
0.11095305832147938
0.11107675180901726
0.11107675180901726
0.11107675180901726
0.1111385985527862
0.11120044529655514
0.11120044529655514
0.11138598552786196
0.11150967901539983
0.11150967901539983
0.11157152575916877
0.11169521924670667
0.11169521924670667
0.11175706599047561
0.11175706599047561
0.11194260622178243
0.11200445296555137
0.1120662997093203
0.11212814645308924
0.11218999319685818
0.11218999319685818
0.11231368668439606
0.11231368668439606
0.11231368668439606
0.11243738017193394
0.11243738017193394
0.11243738017193394
0.11243738017193394
0.11256107365947182
0.11262292040324078
0.11274661389077865
0.11274661389077865
0.11299400086585441
0.11305584760962335
0.11305584760962335
0.11311769435339229
0.11317954109716123
0.11317954109716123
0.11317954109716123
0.11330323458469911
0.11336508132846805
0.11348877481600594
0.11361246830354382
0.1137361617910817
0.11379800853485064
0.11379800853485064
0.11385985527861958
0.11385985527861958
0.11398354876615746
0.11416908899746428
0.11429278248500216
0.11429278248500216
0.11441647597254005
0.11441647597254005
0.11454016946007793
0.11460201620384687
0.11478755643515369
0.11484940317892263
0.11491124992269157
0.11491124992269157
0.11497309666646051
0.11503494341022945
0.11509679015399839
0.11509679015399839
0.11528233038530522
0.11534417712907416
0.11534417712907416
0.11552971736038098
0.11552971736038098
0.11552971736038098
0.11559156410414992
0.11559156410414992
0.11565341084791886
0.1157152575916878
0.11577710433545674
0.11577710433545674
0.11577710433545674
0.11583895107922568
0.11596264456676356
0.1160244913105325
0.1160244913105325
0.11627187828560827
0.11627187828560827
0.11633372502937721
0.11639557177314615
0.1166429587482219
0.1166429587482219
0.11670480549199085
0.11676665223575979
0.11689034572329766
0.11689034572329766
0.1169521924670666
0.11707588595460448
0.11719957944214238
0.11719957944214238
0.11726142618591132
0.11732327292968026
0.1173851196734492
0.1173851196734492
0.1173851196734492
0.11744696641721813
0.11750881316098707
0.11757065990475601
0.11763250664852495
0.11763250664852495
0.11763250664852495
0.1176943533922939
0.1176943533922939
0.1176943533922939
0.11775620013606283
0.11794174036736965
0.11794174036736965
0.11794174036736965
0.11806543385490754
0.11806543385490754
0.11806543385490754
0.11818912734244542
0.11818912734244542
0.11825097408621436
0.11825097408621436
0.11825097408621436
0.11825097408621436
0.1183128208299833
0.11843651431752118
0.11849836106129012
0.11849836106129012
0.11849836106129012
0.11849836106129012
0.11849836106129012
0.11849836106129012
0.11849836106129012
0.11849836106129012
0.11856020780505906
0.118622054548828
0.118622054548828
0.11868390129259694
0.11868390129259694
0.11868390129259694
0.11868390129259694
0.11868390129259694
0.11874574803636588
0.11880759478013482
0.11880759478013482
0.11886944152390376
0.11886944152390376
0.11886944152390376
0.11893128826767271
0.11899313501144165
0.11905498175521059
0.11905498175521059
0.11905498175521059
0.11905498175521059
0.11905498175521059
0.11911682849897953
0.11911682849897953
0.11917867524274847
0.11924052198651741
0.11924052198651741
0.11936421547405529
0.11942606221782423
0.11954975570536211
0.11961160244913105
0.11961160244913105
0.11961160244913105
0.11961160244913105
0.11967344919289999
0.11967344919289999
0.11967344919289999
0.11967344919289999
0.11967344919289999
0.11967344919289999
0.11979714268043787
0.11985898942420682
0.11985898942420682
0.11992083616797576
0.11992083616797576
0.1199826829117447
0.1199826829117447
0.12004452965551364
0.12004452965551364
0.12004452965551364
0.12004452965551364
0.12010637639928258
0.12023006988682046
0.12023006988682046
0.12023006988682046
0.12023006988682046
0.12023006988682046
0.12023006988682046
0.12023006988682046
0.1202919166305894
0.1202919166305894
0.1202919166305894
0.1202919166305894
0.1202919166305894
0.1202919166305894
0.1202919166305894
0.1202919166305894
0.1202919166305894
0.1202919166305894
0.12035376337435834
0.12035376337435834
0.12053930360566516
0.12053930360566516
0.12053930360566516
0.12053930360566516
0.12053930360566516
0.12053930360566516
0.12053930360566516
0.1206011503494341
0.1206011503494341
0.1206011503494341
0.12066299709320304
0.12066299709320304
0.12066299709320304
0.12072484383697199
0.12072484383697199
0.12078669058074093
0.12084853732450987
0.12084853732450987
0.12084853732450987
0.12084853732450987
0.12091038406827881
0.12091038406827881
0.12103407755581669
0.12103407755581669
0.12109592429958563
0.12115777104335457
0.12115777104335457
0.12115777104335457
0.12115777104335457
0.12115777104335457
0.12115777104335457
0.12115777104335457
0.12115777104335457
0.12115777104335457
0.12121961778712351
0.12128146453089245
0.12128146453089245
0.12146700476219927
0.12146700476219927
0.1215288515059682
0.1215288515059682
0.1215288515059682
0.1215288515059682
0.1215288515059682
0.1215288515059682
0.1215288515059682
0.1215288515059682
0.1215288515059682
0.1215288515059682
0.12159069824973714
0.12159069824973714
0.12159069824973714
0.12159069824973714
0.12159069824973714
0.1216525449935061
0.12171439173727504
0.12171439173727504
0.12171439173727504
0.12177623848104398
0.12183808522481292
0.12183808522481292
0.12183808522481292
0.12183808522481292
0.12189993196858186
0.12189993196858186
0.12189993196858186
0.12202362545611974
0.12202362545611974
0.12202362545611974
0.12202362545611974
0.12202362545611974
0.12202362545611974
0.12202362545611974
0.12202362545611974
0.12202362545611974
0.12202362545611974
0.12202362545611974
0.12202362545611974
0.12202362545611974
0.12202362545611974
0.12208547219988868
0.12208547219988868
0.12214731894365762
0.12220916568742655
0.12220916568742655
0.12220916568742655
0.12220916568742655
0.1222710124311955
0.1222710124311955
0.1222710124311955
0.1222710124311955
0.1222710124311955
0.1222710124311955
0.1222710124311955
0.12233285917496443
0.12233285917496443
0.12239470591873337
0.12239470591873337
0.12239470591873337
0.12239470591873337
0.12239470591873337
0.12239470591873337
0.12239470591873337
0.12239470591873337
0.12245655266250231
0.12245655266250231
0.12245655266250231
0.12245655266250231
0.12245655266250231
0.12245655266250231
0.12245655266250231
0.12245655266250231
0.12245655266250231
0.12245655266250231
0.12245655266250231
0.12245655266250231
0.12245655266250231
0.12251839940627127
0.1225802461500402
0.1225802461500402
0.12264209289380915
0.12270393963757809
0.12270393963757809
0.12270393963757809
0.12270393963757809
0.12270393963757809
0.12270393963757809
0.12270393963757809
0.12276578638134703
0.12276578638134703
0.12282763312511596
0.12282763312511596
0.12282763312511596
0.12282763312511596
0.12282763312511596
0.12282763312511596
0.12301317335642278
0.12301317335642278
0.12301317335642278
0.12301317335642278
0.12307502010019172
0.12313686684396066
0.12313686684396066
0.12313686684396066
0.12313686684396066
0.1231987135877296
0.1231987135877296
0.1231987135877296
0.1231987135877296
0.1231987135877296
0.1231987135877296
0.1231987135877296
0.12326056033149854
0.12326056033149854
0.12326056033149854
0.12326056033149854
0.12332240707526748
0.12338425381903642
0.12338425381903642
0.12338425381903642
0.12338425381903642
0.12338425381903642
0.12344610056280537
0.12350794730657431
0.12356979405034325
0.12356979405034325
0.12356979405034325
0.12356979405034325
0.1236316407941122
0.12375533428165007
0.12375533428165007
0.12375533428165007
0.12381718102541901
0.12381718102541901
0.12387902776918795
0.12387902776918795
0.12394087451295689
0.12400272125672583
0.12400272125672583
0.12406456800049477
0.12406456800049477
0.12406456800049477
0.12406456800049477
0.12406456800049477
0.12406456800049477
0.12412641474426371
0.12418826148803265
0.12418826148803265
0.12418826148803265
0.12425010823180159
0.12437380171933948
0.12443564846310842
0.12443564846310842
0.12443564846310842
0.12443564846310842
0.1245593419506463
0.1245593419506463
0.1245593419506463
0.12462118869441524
0.12462118869441524
0.12462118869441524
0.12468303543818418
0.12480672892572206
0.12480672892572206
0.12480672892572206
0.12480672892572206
0.12480672892572206
0.124868575669491
0.124868575669491
0.124868575669491
0.12493042241325994
0.12493042241325994
0.12493042241325994
0.12493042241325994
0.12493042241325994
0.12493042241325994
0.12499226915702888
0.12505411590079782
0.12505411590079782
0.12505411590079782
0.12511596264456676
0.12511596264456676
0.12511596264456676
0.12511596264456676
0.1251778093883357
0.1251778093883357
0.1251778093883357
0.1251778093883357
0.1251778093883357
0.1251778093883357
0.12523965613210464
0.12530150287587358
0.12530150287587358
0.12530150287587358
0.12530150287587358
0.12530150287587358
0.12530150287587358
0.12530150287587358
0.12530150287587358
0.12530150287587358
0.12536334961964252
0.12536334961964252
0.12542519636341146
0.12542519636341146
0.12542519636341146
0.12542519636341146
0.12542519636341146
0.12542519636341146
0.12542519636341146
0.12542519636341146
0.12542519636341146
0.12542519636341146
0.12542519636341146
0.12542519636341146
0.12542519636341146
0.12542519636341146
0.12542519636341146
0.12542519636341146
0.12542519636341146
0.12542519636341146
0.12542519636341146
0.12542519636341146
0.1254870431071804
0.1254870431071804
0.1254870431071804
0.1254870431071804
0.12554888985094934
0.12561073659471828
0.12561073659471828
0.12561073659471828
0.12561073659471828
0.12561073659471828
0.12561073659471828
0.12567258333848721
0.12567258333848721
0.12567258333848721
0.12567258333848721
0.12567258333848721
0.12567258333848721
0.12567258333848721
0.12567258333848721
0.12579627682602512
0.12579627682602512
0.12579627682602512
0.12585812356979406
0.12585812356979406
0.12585812356979406
0.12585812356979406
0.125919970313563
0.125919970313563
0.125919970313563
0.125919970313563
0.125919970313563
0.125919970313563
0.125919970313563
0.125919970313563
0.125919970313563
0.125919970313563
0.125919970313563
0.125919970313563
0.125919970313563
0.12604366380110088
0.12604366380110088
0.12604366380110088
0.12604366380110088
0.12604366380110088
0.12604366380110088
0.12604366380110088
0.12604366380110088
0.12604366380110088
0.12604366380110088
0.12604366380110088
0.12604366380110088
0.12604366380110088
0.12604366380110088
0.12604366380110088
0.12604366380110088
0.12604366380110088
0.12604366380110088
0.12604366380110088
0.12604366380110088
0.12604366380110088
0.12604366380110088
0.12604366380110088
0.12604366380110088
0.12604366380110088
0.12604366380110088
0.12604366380110088
0.12604366380110088
0.12604366380110088
0.12604366380110088
0.12610551054486982
0.12616735728863876
0.1262292040324077
0.1262292040324077
0.1262292040324077
0.1262292040324077
0.1262292040324077
0.1262292040324077
0.1262292040324077
0.1262292040324077
0.1262292040324077
0.1262292040324077
0.1262292040324077
0.1262292040324077
0.1262292040324077
0.1262292040324077
0.1262292040324077
0.1262292040324077
0.1262292040324077
0.1262292040324077
0.12629105077617664
0.12629105077617664
0.12629105077617664
0.12629105077617664
0.12629105077617664
0.12629105077617664
0.12629105077617664
0.12629105077617664
0.12629105077617664
0.12629105077617664
0.12629105077617664
0.12629105077617664
0.12629105077617664
0.12629105077617664
0.12629105077617664
0.12635289751994558
0.12635289751994558
0.12635289751994558
0.12635289751994558
0.12641474426371452
0.12641474426371452
0.12641474426371452
0.12641474426371452
0.12641474426371452
0.12641474426371452
0.12647659100748346
0.12647659100748346
0.12647659100748346
0.12647659100748346
0.12647659100748346
0.12647659100748346
0.12647659100748346
0.12647659100748346
0.12647659100748346
0.12647659100748346
0.12647659100748346
0.12647659100748346
0.12647659100748346
0.12647659100748346
0.12647659100748346
0.1265384377512524
0.1265384377512524
0.1265384377512524
0.1265384377512524
0.12660028449502134
0.12666213123879028
0.12672397798255922
0.12678582472632816
0.12678582472632816
0.12678582472632816
0.12678582472632816
0.12678582472632816
0.1268476714700971
0.1268476714700971
0.1268476714700971
0.1268476714700971
0.1268476714700971
0.1268476714700971
0.1268476714700971
0.12690951821386603
0.12697136495763497
0.12697136495763497
0.12697136495763497
0.12697136495763497
0.12697136495763497
0.12697136495763497
0.12697136495763497
0.12703321170140391
0.12703321170140391
0.12703321170140391
0.12703321170140391
0.12703321170140391
0.12703321170140391
0.12703321170140391
0.12703321170140391
0.12703321170140391
0.12709505844517285
0.12709505844517285
0.1271569051889418
0.1271569051889418
0.1271569051889418
0.1271569051889418
0.1271569051889418
0.1271569051889418
0.1271569051889418
0.1271569051889418
0.1271569051889418
0.1271569051889418
0.1271569051889418
0.1271569051889418
0.1271569051889418
0.1271569051889418
0.12721875193271073
0.12721875193271073
0.12721875193271073
0.12721875193271073
0.12721875193271073
0.12728059867647967
0.12728059867647967
0.1273424454202486
0.1273424454202486
0.1273424454202486
0.1273424454202486
0.1273424454202486
0.1273424454202486
0.12740429216401755
0.12740429216401755
0.12740429216401755
0.12740429216401755
0.12740429216401755
0.12740429216401755
0.12740429216401755
0.12740429216401755
0.1274661389077865
0.1274661389077865
0.1274661389077865
0.1274661389077865
0.1274661389077865
0.1274661389077865
0.1274661389077865
0.1274661389077865
0.1274661389077865
0.1274661389077865
0.1274661389077865
0.1274661389077865
0.1274661389077865
0.1274661389077865
0.1274661389077865
0.1274661389077865
0.1274661389077865
0.1274661389077865
0.12752798565155546
0.12752798565155546
0.1275898323953244
0.1275898323953244
0.1275898323953244
0.1275898323953244
0.1275898323953244
0.1275898323953244
0.12765167913909334
0.12765167913909334
0.12765167913909334
0.12765167913909334
0.12765167913909334
0.12771352588286228
0.12777537262663122
0.12783721937040016
0.12783721937040016
0.12783721937040016
0.12783721937040016
0.12783721937040016
0.12783721937040016
0.1278990661141691
0.12796091285793804
0.12796091285793804
0.12802275960170698
0.12802275960170698
0.12802275960170698
0.12802275960170698
0.12808460634547592
0.12808460634547592
0.12808460634547592
0.12808460634547592
0.12808460634547592
0.12808460634547592
0.12808460634547592
0.12808460634547592
0.12808460634547592
0.12808460634547592
0.12808460634547592
0.12808460634547592
0.12808460634547592
0.12808460634547592
0.12808460634547592
0.12808460634547592
0.12808460634547592
0.12808460634547592
0.12808460634547592
0.12808460634547592
0.12808460634547592
0.12814645308924486
0.12814645308924486
0.12814645308924486
0.12814645308924486
0.12814645308924486
0.12814645308924486
0.12814645308924486
0.12814645308924486
0.12814645308924486
0.12814645308924486
0.12814645308924486
0.12814645308924486
0.1282082998330138
0.1282082998330138
0.1282082998330138
0.12827014657678273
0.12827014657678273
0.12827014657678273
0.12827014657678273
0.12827014657678273
0.12827014657678273
0.12827014657678273
0.12833199332055167
0.12833199332055167
0.12833199332055167
0.12833199332055167
0.12833199332055167
0.12833199332055167
0.12833199332055167
0.12833199332055167
0.12833199332055167
0.12833199332055167
0.12833199332055167
0.12833199332055167
0.12833199332055167
0.1283938400643206
0.1283938400643206
0.12845568680808955
0.12845568680808955
0.12845568680808955
0.1285175335518585
0.1285175335518585
0.1285175335518585
0.1285175335518585
0.1285175335518585
0.12857938029562743
0.12857938029562743
0.12864122703939637
0.1287030737831653
0.1287030737831653
0.1287030737831653
0.1287030737831653
0.1287030737831653
0.12876492052693425
0.12876492052693425
0.12876492052693425
0.12876492052693425
0.12876492052693425
0.12876492052693425
0.12876492052693425
0.12876492052693425
0.12876492052693425
0.12876492052693425
0.12876492052693425
0.12876492052693425
0.12876492052693425
0.12876492052693425
0.12876492052693425
0.12876492052693425
0.12876492052693425
0.12876492052693425
0.12876492052693425
0.12876492052693425
0.12876492052693425
0.12876492052693425
0.12876492052693425
0.12876492052693425
0.12876492052693425
0.12876492052693425
0.12876492052693425
0.12876492052693425
0.12876492052693425
0.12876492052693425
0.12876492052693425
0.12876492052693425
0.12876492052693425
0.12876492052693425
0.12876492052693425
0.12876492052693425
0.12876492052693425
0.12876492052693425
0.12876492052693425
0.12876492052693425
0.12876492052693425
0.12876492052693425
0.12876492052693425
0.12876492052693425
0.12876492052693425
0.12876492052693425
0.12876492052693425
0.12876492052693425
0.12876492052693425
0.12876492052693425
0.12888861401447213
0.12888861401447213
0.12888861401447213
0.12888861401447213
0.12888861401447213
0.12888861401447213
0.12895046075824107
0.12895046075824107
0.12895046075824107
0.12895046075824107
0.12895046075824107
0.12901230750201
0.12901230750201
0.12901230750201
0.12907415424577895
0.12907415424577895
0.1291360009895479
0.1291360009895479
0.1291360009895479
0.1291360009895479
0.1291360009895479
0.1291360009895479
0.1291360009895479
0.1291360009895479
0.1291360009895479
0.1291360009895479
0.12919784773331683
0.12919784773331683
0.12919784773331683
0.12919784773331683
0.12925969447708577
0.12925969447708577
0.12925969447708577
0.12925969447708577
0.12925969447708577
0.12925969447708577
0.12938338796462368
0.12944523470839261
0.12944523470839261
0.12944523470839261
0.12950708145216155
0.12950708145216155
0.12950708145216155
0.12950708145216155
0.12950708145216155
0.12950708145216155
0.12950708145216155
0.1295689281959305
0.12963077493969943
0.12963077493969943
0.12963077493969943
0.12963077493969943
0.12963077493969943
0.12969262168346837
0.12969262168346837
