0.0570226977549632
0.0641969200321603
0.06809326488960356
0.07056713464036118
0.07260807718473622
0.07458717298534231
0.07594780134825901
0.07749396994248253
0.07891644504916816
0.07972045271816439
0.0812666213123879
0.0820087822376152
0.08287463665038036
0.08374049106314553
0.08473003896344858
0.08602882058259632
0.08689467499536149
0.08788422289566454
0.08862638382089183
0.08967777846496382
0.09054363287772899
0.09103840682788052
0.09184241449687675
0.09270826890964191
0.09394520378502072
0.09481105819778589
0.09567691261055106
0.09617168656070257
0.09679015399839198
0.09728492794854351
0.09827447584884656
0.09870740305522914
0.0989547900303049
0.09926402374914961
0.09957325746799431
0.09994433793060796
0.10019172490568372
0.10050095862452842
0.10081019234337311
0.10130496629352465
0.10161420001236934
0.10173789349990724
0.10217082070628981
0.10278928814397922
0.1029129816315171
0.10316036860659286
0.10346960232543756
0.10384068278805121
0.10414991650689591
0.10427360999443379
0.10445915022574062
0.1045828437132785
0.10483023068835426
0.10526315789473684
0.10551054486981261
0.10575793184488837
0.10594347207619519
0.1062527057950399
0.1065619395138846
0.10668563300142248
0.10699486672026717
0.10711856020780505
0.10730410043911189
0.10736594718288082
0.1077988743892634
0.10798441462057022
0.10810810810810811
0.10829364833941493
0.10847918857072175
0.10860288205825963
0.10878842228956645
0.10897396252087328
0.10909765600841116
0.10934504298348692
0.10965427670233162
0.1097779701898695
0.11014905065248315
0.11039643762755891
0.11058197785886573
0.1108293648339415
0.1108293648339415
0.11089121157771044
0.11107675180901726
0.11132413878409302
0.11132413878409302
0.11138598552786196
0.11163337250293771
0.11169521924670667
0.11181891273424455
0.11194260622178243
0.11194260622178243
0.1120662997093203
0.11225183994062712
0.11231368668439606
0.11243738017193394
0.1128084606345476
0.11305584760962335
0.11330323458469911
0.11336508132846805
0.11361246830354382
0.11367431504731276
0.11379800853485064
0.11379800853485064
0.11385985527861958
0.11416908899746428
0.11429278248500216
0.11441647597254005
0.11472570969138475
0.11497309666646051
0.11522048364153627
0.11528233038530522
0.11534417712907416
0.11546787061661204
0.11565341084791886
0.1160244913105325
0.11608633805430144
0.11614818479807038
0.11621003154183933
0.11621003154183933
0.11627187828560827
0.11627187828560827
0.11639557177314615
0.11639557177314615
0.11670480549199085
0.11670480549199085
0.11682849897952872
0.11701403921083554
0.11707588595460448
0.11719957944214238
0.11719957944214238
0.11719957944214238
0.11719957944214238
0.11726142618591132
0.1173851196734492
0.11744696641721813
0.11757065990475601
0.11763250664852495
0.11763250664852495
0.11763250664852495
0.11781804687983177
0.11794174036736965
0.11794174036736965
0.11794174036736965
0.11794174036736965
0.11812728059867648
0.11818912734244542
0.11825097408621436
0.11825097408621436
0.11837466757375224
0.11843651431752118
0.11843651431752118
0.11856020780505906
0.11868390129259694
0.11874574803636588
0.11886944152390376
0.11886944152390376
0.11905498175521059
0.11924052198651741
0.11930236873028635
0.11942606221782423
0.11948790896159317
0.11961160244913105
0.11973529593666893
0.11979714268043787
0.11979714268043787
0.11985898942420682
0.1199826829117447
0.12004452965551364
0.12016822314305152
0.12023006988682046
0.12035376337435834
0.12041561011812728
0.12047745686189622
0.12053930360566516
0.12066299709320304
0.12066299709320304
0.12066299709320304
0.12078669058074093
0.12084853732450987
0.12091038406827881
0.12091038406827881
0.12091038406827881
0.12097223081204775
0.12103407755581669
0.12109592429958563
0.12109592429958563
0.12115777104335457
0.12134331127466139
0.12140515801843033
0.12146700476219927
0.12146700476219927
0.1215288515059682
0.1215288515059682
0.12159069824973714
0.12171439173727504
0.12171439173727504
0.12171439173727504
0.12171439173727504
0.12171439173727504
0.12171439173727504
0.12177623848104398
0.1219617787123508
0.12202362545611974
0.12202362545611974
0.12220916568742655
0.12220916568742655
0.12220916568742655
0.12233285917496443
0.12233285917496443
0.12233285917496443
0.12233285917496443
0.12233285917496443
0.12233285917496443
0.12239470591873337
0.12251839940627127
0.1225802461500402
0.1225802461500402
0.1225802461500402
0.12264209289380915
0.12270393963757809
0.12276578638134703
0.12276578638134703
0.1228894798688849
0.1228894798688849
0.1228894798688849
0.1228894798688849
0.12295132661265384
0.12301317335642278
0.12307502010019172
0.12307502010019172
0.12307502010019172
0.12326056033149854
0.12326056033149854
0.12338425381903642
0.12338425381903642
0.12344610056280537
0.12344610056280537
0.12350794730657431
0.12356979405034325
0.12356979405034325
0.1236316407941122
0.12375533428165007
0.12381718102541901
0.12381718102541901
0.12381718102541901
0.12381718102541901
0.12381718102541901
0.12381718102541901
0.12381718102541901
0.12381718102541901
0.12381718102541901
0.12394087451295689
0.12400272125672583
0.12406456800049477
0.12406456800049477
0.12406456800049477
0.12406456800049477
0.12406456800049477
0.12406456800049477
0.12406456800049477
0.12406456800049477
0.12406456800049477
0.12406456800049477
0.12406456800049477
0.12412641474426371
0.12412641474426371
0.12412641474426371
0.12412641474426371
0.12412641474426371
0.12425010823180159
0.12431195497557053
0.12431195497557053
0.12443564846310842
0.12449749520687736
0.12462118869441524
0.12468303543818418
0.12474488218195312
0.12474488218195312
0.12474488218195312
0.12474488218195312
0.12474488218195312
0.12480672892572206
0.124868575669491
0.12499226915702888
0.12499226915702888
0.12499226915702888
0.12499226915702888
0.12505411590079782
0.12505411590079782
0.12511596264456676
0.12511596264456676
0.12511596264456676
0.1251778093883357
0.1251778093883357
0.1251778093883357
0.12523965613210464
0.12530150287587358
0.12542519636341146
0.1254870431071804
0.12561073659471828
0.12567258333848721
0.12567258333848721
0.12579627682602512
0.125919970313563
0.125919970313563
0.12598181705733194
0.12616735728863876
0.1262292040324077
0.12629105077617664
0.12629105077617664
0.12629105077617664
0.12629105077617664
0.12629105077617664
0.12629105077617664
0.12635289751994558
0.12635289751994558
0.12635289751994558
0.12635289751994558
0.12635289751994558
0.12635289751994558
0.12635289751994558
0.12635289751994558
0.12635289751994558
0.12635289751994558
0.12641474426371452
0.1265384377512524
0.12666213123879028
0.12666213123879028
0.12666213123879028
0.12666213123879028
0.12666213123879028
0.12672397798255922
0.12672397798255922
0.12678582472632816
0.12678582472632816
0.12678582472632816
0.1268476714700971
0.1268476714700971
0.1268476714700971
0.1268476714700971
0.1268476714700971
0.12690951821386603
0.12697136495763497
0.12697136495763497
0.12697136495763497
0.12703321170140391
0.12703321170140391
0.12709505844517285
0.12709505844517285
0.12709505844517285
0.12709505844517285
0.12709505844517285
0.1271569051889418
0.1271569051889418
0.1271569051889418
0.1271569051889418
0.1271569051889418
0.12721875193271073
0.12721875193271073
0.12721875193271073
0.12721875193271073
0.12721875193271073
0.12728059867647967
0.12728059867647967
0.12728059867647967
0.1273424454202486
0.12740429216401755
0.12740429216401755
0.12740429216401755
0.1274661389077865
0.1274661389077865
0.1274661389077865
0.1274661389077865
0.12752798565155546
0.12752798565155546
0.12752798565155546
0.12752798565155546
0.12752798565155546
0.12752798565155546
0.12752798565155546
0.1275898323953244
0.12765167913909334
0.12765167913909334
0.12765167913909334
0.12765167913909334
0.12765167913909334
0.12771352588286228
0.12777537262663122
0.12777537262663122
0.12777537262663122
0.12783721937040016
0.1278990661141691
0.1278990661141691
0.1278990661141691
0.12796091285793804
0.12796091285793804
0.12802275960170698
0.12808460634547592
0.12808460634547592
0.12808460634547592
0.12808460634547592
0.12814645308924486
0.12814645308924486
0.12814645308924486
0.12814645308924486
0.12814645308924486
0.12814645308924486
0.12814645308924486
0.12814645308924486
0.12814645308924486
0.12814645308924486
0.12814645308924486
0.1282082998330138
0.1282082998330138
0.12827014657678273
0.12833199332055167
0.12833199332055167
0.12833199332055167
0.12833199332055167
0.12833199332055167
0.1283938400643206
0.1283938400643206
0.1283938400643206
0.1283938400643206
0.1283938400643206
0.12845568680808955
0.12845568680808955
0.1285175335518585
0.1285175335518585
0.1285175335518585
0.12857938029562743
0.12857938029562743
0.12857938029562743
0.12857938029562743
0.12864122703939637
0.12864122703939637
0.12864122703939637
0.12864122703939637
0.12864122703939637
0.1287030737831653
0.1287030737831653
0.12876492052693425
0.12876492052693425
0.12876492052693425
0.12888861401447213
0.12888861401447213
0.12888861401447213
0.12888861401447213
0.12888861401447213
0.12888861401447213
0.12888861401447213
0.12888861401447213
0.12888861401447213
0.12888861401447213
0.12888861401447213
0.12888861401447213
0.12888861401447213
0.12895046075824107
0.12895046075824107
0.12895046075824107
0.12901230750201
0.12907415424577895
0.12907415424577895
0.1291360009895479
0.1291360009895479
0.1291360009895479
0.12919784773331683
0.12919784773331683
0.12919784773331683
0.12919784773331683
0.12925969447708577
0.12925969447708577
0.12925969447708577
0.12925969447708577
0.12925969447708577
0.12925969447708577
0.12925969447708577
0.12925969447708577
0.12925969447708577
0.12925969447708577
0.12925969447708577
0.12925969447708577
0.12925969447708577
0.12925969447708577
0.12932154122085474
0.12932154122085474
0.12932154122085474
0.12932154122085474
0.12932154122085474
0.12932154122085474
0.12932154122085474
0.12932154122085474
0.12938338796462368
0.12944523470839261
0.12944523470839261
0.12944523470839261
0.12944523470839261
0.12944523470839261
0.12944523470839261
0.12944523470839261
0.12944523470839261
0.12950708145216155
0.12950708145216155
0.1295689281959305
0.12963077493969943
0.12963077493969943
0.12969262168346837
0.12969262168346837
0.12969262168346837
0.12969262168346837
0.12969262168346837
0.12969262168346837
0.12969262168346837
0.12969262168346837
0.1297544684272373
0.12981631517100625
0.12981631517100625
0.12981631517100625
0.1298781619147752
0.1298781619147752
0.12994000865854413
0.12994000865854413
0.13000185540231307
0.13000185540231307
0.13000185540231307
0.13000185540231307
0.13000185540231307
0.13000185540231307
0.13000185540231307
0.13000185540231307
0.13012554888985095
0.13012554888985095
0.13012554888985095
0.13012554888985095
0.1301873956336199
0.1301873956336199
0.1301873956336199
0.1301873956336199
0.1301873956336199
0.1301873956336199
0.1301873956336199
0.1301873956336199
0.1301873956336199
0.1301873956336199
0.1301873956336199
0.1301873956336199
0.1301873956336199
0.1301873956336199
0.1301873956336199
0.1301873956336199
0.1301873956336199
0.13024924237738883
0.13024924237738883
0.13024924237738883
0.13024924237738883
0.13031108912115777
0.13031108912115777
0.13031108912115777
0.13031108912115777
0.13031108912115777
0.13031108912115777
0.13031108912115777
0.13031108912115777
0.13031108912115777
0.1303729358649267
0.1303729358649267
0.1303729358649267
0.1303729358649267
0.13043478260869565
0.13043478260869565
0.13043478260869565
0.13043478260869565
0.13043478260869565
0.13043478260869565
0.1304966293524646
0.1304966293524646
0.1304966293524646
0.1304966293524646
0.1304966293524646
0.1304966293524646
0.1304966293524646
0.1304966293524646
0.1304966293524646
0.13055847609623353
0.13055847609623353
0.13055847609623353
0.13055847609623353
0.13055847609623353
0.13062032284000247
0.13062032284000247
0.13062032284000247
0.13062032284000247
0.13062032284000247
0.13062032284000247
0.13062032284000247
0.13062032284000247
0.13062032284000247
0.13062032284000247
0.13062032284000247
0.1306821695837714
0.1306821695837714
0.1306821695837714
0.1306821695837714
0.1306821695837714
0.1306821695837714
0.1306821695837714
0.13074401632754035
0.13074401632754035
0.13074401632754035
0.13074401632754035
0.13074401632754035
0.13074401632754035
0.13074401632754035
0.13074401632754035
0.13074401632754035
0.13074401632754035
0.13074401632754035
0.13074401632754035
0.13074401632754035
0.13074401632754035
0.13074401632754035
0.13074401632754035
0.13074401632754035
0.13074401632754035
0.1308058630713093
0.1308058630713093
0.1308058630713093
0.13086770981507823
0.13086770981507823
0.13086770981507823
0.13086770981507823
0.13086770981507823
0.13086770981507823
0.13086770981507823
0.13086770981507823
0.13086770981507823
0.13086770981507823
0.13092955655884717
0.13092955655884717
0.13092955655884717
0.13092955655884717
0.13092955655884717
0.13092955655884717
0.1309914033026161
0.1309914033026161
0.1309914033026161
0.1309914033026161
0.1309914033026161
0.1309914033026161
0.13105325004638504
0.131115096790154
0.131115096790154
0.13117694353392295
0.13117694353392295
0.13117694353392295
0.13117694353392295
0.1312387902776919
0.1312387902776919
0.1312387902776919
0.1312387902776919
0.13136248376522977
0.13136248376522977
0.13136248376522977
0.13136248376522977
0.1314243305089987
0.1314243305089987
0.13148617725276765
0.13148617725276765
0.13148617725276765
0.13148617725276765
0.13167171748407447
0.13167171748407447
0.13167171748407447
0.1317335642278434
0.1317335642278434
0.1317335642278434
0.1317335642278434
0.1317335642278434
0.1317335642278434
0.1317335642278434
0.13179541097161235
0.13179541097161235
0.13179541097161235
0.1318572577153813
0.1318572577153813
0.13198095120291917
0.1320427979466881
0.1320427979466881
0.1320427979466881
0.1320427979466881
0.1320427979466881
0.1320427979466881
0.1320427979466881
0.1320427979466881
0.1320427979466881
0.1320427979466881
0.1320427979466881
0.1320427979466881
0.1320427979466881
0.1320427979466881
0.1320427979466881
0.1320427979466881
0.13210464469045705
0.13210464469045705
0.13210464469045705
0.13210464469045705
0.13210464469045705
0.13210464469045705
0.13210464469045705
0.13210464469045705
0.13216649143422599
0.13216649143422599
0.13216649143422599
0.13216649143422599
0.13216649143422599
0.13222833817799493
0.13222833817799493
0.13222833817799493
0.13222833817799493
0.13222833817799493
0.13222833817799493
0.13222833817799493
0.13229018492176386
0.13229018492176386
0.13229018492176386
0.13229018492176386
0.1323520316655328
0.1323520316655328
0.1323520316655328
0.1323520316655328
0.1323520316655328
0.1323520316655328
0.1323520316655328
0.1323520316655328
0.1323520316655328
0.1323520316655328
0.1323520316655328
0.1323520316655328
0.13241387840930174
0.13241387840930174
0.13241387840930174
0.13241387840930174
0.13241387840930174
0.13241387840930174
0.13241387840930174
0.13241387840930174
0.13241387840930174
0.13241387840930174
0.13241387840930174
0.13241387840930174
0.13241387840930174
0.13241387840930174
0.13247572515307068
0.13247572515307068
0.13247572515307068
0.13247572515307068
0.13247572515307068
0.13253757189683962
0.13253757189683962
0.13253757189683962
0.13253757189683962
0.13253757189683962
0.13253757189683962
0.13253757189683962
0.13253757189683962
0.13253757189683962
0.13253757189683962
0.13253757189683962
0.13253757189683962
0.13253757189683962
0.13253757189683962
0.13253757189683962
0.13253757189683962
0.13253757189683962
0.13253757189683962
0.13253757189683962
0.13259941864060856
0.13259941864060856
0.13259941864060856
0.13259941864060856
0.13259941864060856
0.13259941864060856
0.13259941864060856
0.13259941864060856
0.13259941864060856
0.13259941864060856
0.13259941864060856
0.13259941864060856
0.13259941864060856
0.13259941864060856
0.13259941864060856
0.13259941864060856
0.13259941864060856
0.1326612653843775
0.1326612653843775
0.1326612653843775
0.1326612653843775
0.1326612653843775
0.13272311212814644
0.13278495887191538
0.13278495887191538
0.13278495887191538
0.13278495887191538
0.13278495887191538
0.13278495887191538
0.13278495887191538
0.13278495887191538
0.13284680561568432
0.13290865235945326
0.13290865235945326
0.13290865235945326
0.13290865235945326
0.13297049910322223
0.13303234584699117
0.13303234584699117
0.13303234584699117
0.13303234584699117
0.1330941925907601
0.1330941925907601
0.1330941925907601
0.1330941925907601
0.1330941925907601
0.1330941925907601
0.1330941925907601
0.1330941925907601
0.1330941925907601
0.1330941925907601
0.1330941925907601
0.1330941925907601
0.1330941925907601
0.1330941925907601
0.1330941925907601
0.1330941925907601
0.1330941925907601
0.13315603933452905
0.133217886078298
0.133217886078298
0.133217886078298
0.133217886078298
0.133217886078298
0.133217886078298
0.13327973282206693
0.13327973282206693
0.13327973282206693
0.13327973282206693
0.13327973282206693
0.13327973282206693
0.13327973282206693
0.13327973282206693
0.13327973282206693
0.13327973282206693
0.13334157956583587
0.13334157956583587
0.13334157956583587
0.13334157956583587
0.13334157956583587
0.13334157956583587
0.13334157956583587
0.13334157956583587
0.13334157956583587
0.13334157956583587
0.13334157956583587
0.13334157956583587
0.13334157956583587
0.13334157956583587
0.13334157956583587
0.13334157956583587
0.1334034263096048
0.1334034263096048
0.1334034263096048
0.1334034263096048
0.1334034263096048
0.1334034263096048
0.1334034263096048
0.1334034263096048
0.1334034263096048
0.13346527305337375
0.13346527305337375
0.13346527305337375
0.13352711979714268
0.13352711979714268
0.13352711979714268
0.13352711979714268
0.13352711979714268
0.13352711979714268
0.13352711979714268
0.13358896654091162
0.13358896654091162
0.13358896654091162
0.13358896654091162
0.1337126600284495
0.1337126600284495
0.1337126600284495
0.1337126600284495
0.1337126600284495
0.1337126600284495
0.1337126600284495
0.1337126600284495
0.1337126600284495
0.1337126600284495
0.1337126600284495
0.13377450677221844
0.13377450677221844
0.13377450677221844
0.13377450677221844
0.13377450677221844
0.13377450677221844
0.13377450677221844
0.13377450677221844
0.13377450677221844
0.13377450677221844
0.13377450677221844
0.13377450677221844
0.13383635351598738
0.13383635351598738
0.13383635351598738
0.13383635351598738
0.13383635351598738
0.13383635351598738
0.13383635351598738
0.13383635351598738
0.13383635351598738
0.13383635351598738
0.13383635351598738
0.13383635351598738
0.13383635351598738
0.13383635351598738
0.13383635351598738
0.13383635351598738
0.13383635351598738
0.13383635351598738
0.13383635351598738
0.13383635351598738
0.13383635351598738
0.13383635351598738
0.13383635351598738
0.13383635351598738
0.13383635351598738
0.13383635351598738
0.13383635351598738
0.13383635351598738
0.13383635351598738
0.13383635351598738
0.13383635351598738
0.13383635351598738
0.13389820025975632
0.13389820025975632
0.13389820025975632
0.13389820025975632
0.13389820025975632
0.13389820025975632
0.13389820025975632
0.13389820025975632
0.13396004700352526
0.13396004700352526
0.13396004700352526
0.13396004700352526
0.13396004700352526
0.13396004700352526
0.13396004700352526
0.13396004700352526
0.13396004700352526
0.1340218937472942
0.1340218937472942
0.1340218937472942
0.1340218937472942
0.1340218937472942
0.1340218937472942
0.1340218937472942
0.1340218937472942
0.1340218937472942
0.13408374049106314
0.13408374049106314
0.13408374049106314
0.13408374049106314
0.13408374049106314
0.13408374049106314
0.13408374049106314
0.13408374049106314
0.13408374049106314
0.13408374049106314
0.13408374049106314
0.13408374049106314
0.13408374049106314
0.13408374049106314
0.13408374049106314
0.13408374049106314
0.13408374049106314
0.13408374049106314
0.13408374049106314
0.13408374049106314
0.13408374049106314
0.13414558723483208
0.13414558723483208
0.13414558723483208
0.13414558723483208
0.13420743397860102
0.13420743397860102
0.13420743397860102
0.13420743397860102
0.13420743397860102
