0.06790772465829674
0.07916383202424393
0.08646174778897892
0.09233718844702826
0.09648092027954729
0.09914033026161173
0.10192343373121406
0.10427360999443379
0.10631455253880884
0.10810810810810811
0.10959242995856268
0.11089121157771044
0.11268476714700972
0.1137361617910817
0.11515863689776733
0.11590079782299462
0.11701403921083554
0.11763250664852495
0.11837466757375224
0.11911682849897953
0.11992083616797576
0.12041561011812728
0.12097223081204775
0.12159069824973714
0.12264209289380915
0.12344610056280537
0.12394087451295689
0.12418826148803265
0.1245593419506463
0.12505411590079782
0.12585812356979406
0.12604366380110088
0.12641474426371452
0.12660028449502134
0.12709505844517285
0.1274661389077865
0.12833199332055167
0.1288267672707032
0.12895046075824107
0.12925969447708577
0.12981631517100625
0.1301873956336199
0.1304966293524646
0.131115096790154
0.13167171748407447
0.1318572577153813
0.13241387840930174
0.1326612653843775
0.13297049910322223
0.133217886078298
0.13358896654091162
0.1337126600284495
0.13414558723483208
0.13488774816005938
0.13525882862267302
0.13556806234151772
0.13593914280413136
0.13624837652297606
0.13637207001051393
0.13668130372935866
0.13717607767951018
0.13723792442327912
0.137361617910817
0.13760900488589276
0.13791823860473745
0.13822747232358215
0.13853670604242688
0.13866039952996476
0.1392170202238852
0.1395262539427299
0.13977364091780567
0.1399591811491125
0.14020656812418827
0.14063949533057085
0.14082503556187767
0.14094872904941555
0.14125796276826025
0.14156719648710495
0.14156719648710495
0.14175273671841176
0.14212381718102543
0.14230935741233225
0.14249489764363907
0.142556744387408
0.1428659781062527
0.14311336508132846
0.14323705856886634
0.1434844455439421
0.14373183251901786
0.14385552600655577
0.14404106623786259
0.14416475972540047
0.14441214670047622
0.14472138041932092
0.14496876739439668
0.14521615436947244
0.14533984785701032
0.1454635413445482
0.1455872348320861
0.14577277506339292
0.14595831529469974
0.14602016203846868
0.14626754901354444
0.14632939575731338
0.14639124250108232
0.14657678273238914
0.14676232296369596
0.1468241697074649
0.14700970993877172
0.1471334034263096
0.14725709691384747
0.1473189436576164
0.14762817737646114
0.14769002412023008
0.14793741109530584
0.14812295132661266
0.1481847980703816
0.14824664481415054
0.14843218504545735
0.14855587853299523
0.148803265508071
0.1491124992269157
0.1492361927144536
0.14935988620199148
0.1495454264332983
0.14973096666460511
0.14979281340837405
0.14997835363968087
0.1500402003834498
0.1501638938709877
0.1503494341022945
0.15041128084606345
0.1506586678211392
0.1506586678211392
0.15084420805244603
0.1509679015399839
0.15127713525882863
0.15133898200259757
0.1515245222339044
0.15164821572144227
0.1518337559527491
0.15195744944028697
0.1520192961840559
0.1521429896715938
0.15220483641536273
0.1523285299029006
0.15239037664666955
0.15251407013420742
0.15269961036551424
0.15282330385305215
0.15294699734059003
0.15300884408435897
0.15313253757189685
0.1531943843156658
0.15331807780320367
0.1533799245469726
0.15344177129074155
0.1535036180345105
0.15356546477827943
0.15356546477827943
0.15375100500958624
0.15393654524089306
0.15393654524089306
0.15393654524089306
0.153998391984662
0.15412208547219988
0.15418393221596882
0.15424577895973776
0.15455501267858246
0.15467870616612037
0.15480239965365825
0.15486424639742719
0.15511163337250294
0.15517348011627188
0.15517348011627188
0.15529717360380976
0.15529717360380976
0.15542086709134764
0.15560640732265446
0.15573010081019234
0.15591564104149916
0.15610118127280598
0.15616302801657492
0.1562867215041128
0.15634856824788174
0.15641041499165068
0.15653410847918858
0.15684334219803328
0.1570288824293401
0.15709072917310904
0.15721442266064692
0.15752365637949162
0.15758550312326056
0.1576473498670295
0.15777104335456738
0.1579565835858742
0.15801843032964313
0.15808027707341207
0.15820397056094995
0.15832766404848786
0.1583895107922568
0.15857505102356362
0.1586987445111015
0.15876059125487044
0.15888428474240832
0.15894613148617726
0.1590079782299462
0.15913167171748407
0.15925536520502195
0.1593172119487909
0.15937905869255983
0.1595027521800977
0.15956459892386665
0.1598119858989424
0.15987383264271135
0.15987383264271135
0.16012121961778714
0.16012121961778714
0.1603686065928629
0.16043045333663183
0.1606778403117076
0.1606778403117076
0.16080153379924547
0.16080153379924547
0.16080153379924547
0.1608633805430144
0.1609870740305523
0.1609870740305523
0.16111076751809017
0.16123446100562805
0.1614818479807038
0.1616055414682417
0.16166738821201063
0.1617910816995485
0.1619147751870864
0.1619147751870864
0.16197662193085535
0.16216216216216217
0.1622240089059311
0.162347702393469
0.162347702393469
0.16240954913723793
0.1625332426247758
0.16259508936854475
0.16259508936854475
0.16259508936854475
0.1626569361123137
0.16271878285608263
0.16278062959985157
0.1628424763436205
0.1628424763436205
0.1628424763436205
0.1628424763436205
0.1628424763436205
0.16302801657492733
0.16302801657492733
0.16308986331869627
0.1631517100624652
0.16321355680623414
0.16327540355000308
0.16333725029377202
0.16339909703754096
0.16352279052507884
0.16358463726884778
0.16364648401261672
0.16364648401261672
0.16364648401261672
0.16364648401261672
0.1637083307563857
0.16377017750015463
0.16377017750015463
0.16383202424392357
0.1638938709876925
0.16395571773146145
0.16407941121899933
0.16414125796276827
0.1642031047065372
0.1642031047065372
0.16426495145030615
0.16426495145030615
0.16438864493784403
0.16445049168161296
0.16445049168161296
0.16445049168161296
0.1645123384253819
0.16457418516915084
0.16463603191291978
0.16475972540045766
0.16475972540045766
0.16494526563176448
0.16500711237553342
0.16506895911930236
0.1651308058630713
0.16519265260684024
0.16519265260684024
0.16525449935060918
0.16531634609437812
0.16531634609437812
0.165440039581916
0.16550188632568497
0.16550188632568497
0.16562557981322285
0.16562557981322285
0.16562557981322285
0.16568742655699178
0.16568742655699178
0.1658729667882986
0.16593481353206754
0.16599666027583648
0.16612035376337436
0.1661822005071433
0.16624404725091224
0.16630589399468118
0.16630589399468118
0.16630589399468118
0.16630589399468118
0.16630589399468118
0.16630589399468118
0.16630589399468118
0.16630589399468118
0.16630589399468118
0.16636774073845012
0.16636774073845012
0.16636774073845012
0.16636774073845012
0.16636774073845012
0.16636774073845012
0.16636774073845012
0.16636774073845012
0.16642958748221906
0.166491434225988
0.166491434225988
0.166491434225988
0.166491434225988
0.166491434225988
0.166491434225988
0.166491434225988
0.166491434225988
0.166491434225988
0.166491434225988
0.16655328096975694
0.16655328096975694
0.16661512771352588
0.16661512771352588
0.16667697445729482
0.16673882120106376
0.16673882120106376
0.16686251468860164
0.16686251468860164
0.16686251468860164
0.16686251468860164
0.16692436143237058
0.16698620817613952
0.16704805491990846
0.16704805491990846
0.16704805491990846
0.16704805491990846
0.16704805491990846
0.16704805491990846
0.1671099016636774
0.16723359515121528
0.16741913538252212
0.16741913538252212
0.16754282887006
0.16754282887006
0.16760467561382894
0.16760467561382894
0.16760467561382894
0.16766652235759788
0.16779021584513576
0.1678520625889047
0.16791390933267364
0.16791390933267364
0.16791390933267364
0.16791390933267364
0.16791390933267364
0.16797575607644258
0.16797575607644258
0.16797575607644258
0.16797575607644258
0.16797575607644258
0.16797575607644258
0.16803760282021152
0.16803760282021152
0.16803760282021152
0.16809944956398046
0.1681612963077494
0.1681612963077494
0.16828498979528728
0.16828498979528728
0.16828498979528728
0.16828498979528728
0.16828498979528728
0.16834683653905622
0.16834683653905622
0.16834683653905622
0.16840868328282516
0.1684705300265941
0.16853237677036303
0.16853237677036303
0.16853237677036303
0.16853237677036303
0.16859422351413197
0.16859422351413197
0.16859422351413197
0.16859422351413197
0.16859422351413197
0.16865607025790091
0.16871791700166985
0.1687797637454388
0.1687797637454388
0.16884161048920773
0.16890345723297667
0.1689653039767456
0.16902715072051455
0.16902715072051455
0.16902715072051455
0.16902715072051455
0.16908899746428352
0.16927453769559034
0.16927453769559034
0.16927453769559034
0.16927453769559034
0.16927453769559034
0.16933638443935928
0.16946007792689716
0.16958377141443504
0.16964561815820398
0.16970746490197292
0.1698311583895108
0.1698311583895108
0.1698311583895108
0.16995485187704867
0.1700166986208176
0.1700166986208176
0.17007854536458655
0.17007854536458655
0.1701403921083555
0.1701403921083555
0.1701403921083555
0.1701403921083555
0.17020223885212443
0.17038777908343125
0.1704496258272002
0.1704496258272002
0.1704496258272002
0.1704496258272002
0.17051147257096913
0.17057331931473807
0.17057331931473807
0.17057331931473807
0.17057331931473807
0.17057331931473807
0.17057331931473807
0.17057331931473807
0.170635166058507
0.170635166058507
0.170635166058507
0.170635166058507
0.17082070628981383
0.17082070628981383
0.17082070628981383
0.17088255303358277
0.17088255303358277
0.17094439977735174
0.17100624652112068
0.17106809326488961
0.17112994000865855
0.17112994000865855
0.17125363349619643
0.17131548023996537
0.1713773269837343
0.17143917372750325
0.1715010204712722
0.1715010204712722
0.17156286721504113
0.17156286721504113
0.17156286721504113
0.17162471395881007
0.17162471395881007
0.171686560702579
0.171686560702579
0.17174840744634795
0.17174840744634795
0.17187210093388583
0.17187210093388583
0.17193394767765477
0.1719957944214237
0.17205764116519265
0.17205764116519265
0.17205764116519265
0.17205764116519265
0.17205764116519265
0.17205764116519265
0.17218133465273053
0.17224318139649947
0.17236687488403735
0.17236687488403735
0.17236687488403735
0.1724287216278063
0.1724287216278063
0.1724287216278063
0.1724287216278063
0.17249056837157523
0.1726142618591131
0.172737955346651
0.172737955346651
0.172737955346651
0.17292349557795783
0.17292349557795783
0.1730471890654957
0.1730471890654957
0.1730471890654957
0.17310903580926465
0.17310903580926465
0.17310903580926465
0.17310903580926465
0.17310903580926465
0.17310903580926465
0.17310903580926465
0.17310903580926465
0.1731708825530336
0.17323272929680253
0.17329457604057147
0.1733564227843404
0.1733564227843404
0.1733564227843404
0.1733564227843404
0.17341826952810935
0.17341826952810935
0.17341826952810935
0.1734801162718783
0.17354196301564723
0.17360380975941617
0.17372750324695405
0.17378934999072299
0.17378934999072299
0.17378934999072299
0.17385119673449193
0.17391304347826086
0.17391304347826086
0.17391304347826086
0.17391304347826086
0.17403673696579874
0.17403673696579874
0.17403673696579874
0.17403673696579874
0.17403673696579874
0.17403673696579874
0.17403673696579874
0.17403673696579874
0.17403673696579874
0.17403673696579874
0.17403673696579874
0.17403673696579874
0.17409858370956768
0.17409858370956768
0.17416043045333662
0.17422227719710556
0.17422227719710556
0.1742841239408745
0.17440781742841238
0.17440781742841238
0.17446966417218132
0.1745315109159503
0.1745315109159503
0.1745315109159503
0.17459335765971923
0.17459335765971923
0.17465520440348817
0.17465520440348817
0.17465520440348817
0.17465520440348817
0.17465520440348817
0.17465520440348817
0.17465520440348817
0.17465520440348817
0.17477889789102605
0.17477889789102605
0.17477889789102605
0.174840744634795
0.17490259137856393
0.17490259137856393
0.17490259137856393
0.17490259137856393
0.17490259137856393
0.17490259137856393
0.17490259137856393
0.17496443812233287
0.1750262848661018
0.17508813160987075
0.17514997835363968
0.17514997835363968
0.17514997835363968
0.17514997835363968
0.17514997835363968
0.17514997835363968
0.17514997835363968
0.17521182509740862
0.17521182509740862
0.17527367184117756
0.17527367184117756
0.17527367184117756
0.17539736532871544
0.17539736532871544
0.17552105881625332
0.17558290556002226
0.17558290556002226
0.1756447523037912
0.17570659904756014
0.17576844579132908
0.17576844579132908
0.17576844579132908
0.17583029253509802
0.17583029253509802
0.17589213927886696
0.17589213927886696
0.17589213927886696
0.17589213927886696
0.17589213927886696
0.17589213927886696
0.17589213927886696
0.17589213927886696
0.17589213927886696
0.17589213927886696
0.17589213927886696
0.17589213927886696
0.17589213927886696
0.1759539860226359
0.1759539860226359
0.1759539860226359
0.1759539860226359
0.1759539860226359
0.1759539860226359
0.1759539860226359
0.1759539860226359
0.17601583276640484
0.17601583276640484
0.17607767951017378
0.17607767951017378
0.17607767951017378
0.17607767951017378
0.17607767951017378
0.17613952625394272
0.17613952625394272
0.17613952625394272
0.17613952625394272
0.17613952625394272
0.17613952625394272
0.17620137299771166
0.17620137299771166
0.1762632197414806
0.1762632197414806
0.1762632197414806
0.17632506648524957
0.17632506648524957
0.1763869132290185
0.1763869132290185
0.1763869132290185
0.1763869132290185
0.1763869132290185
0.1763869132290185
0.1763869132290185
0.1763869132290185
0.1763869132290185
0.1763869132290185
0.1763869132290185
0.1763869132290185
0.1763869132290185
0.1763869132290185
0.1763869132290185
0.17644875997278744
0.17644875997278744
0.17644875997278744
0.17644875997278744
0.17644875997278744
0.17644875997278744
0.17651060671655638
0.17651060671655638
0.17651060671655638
0.17651060671655638
0.17651060671655638
0.17657245346032532
0.17663430020409426
0.17663430020409426
0.1766961469478632
0.17675799369163214
0.17675799369163214
0.17675799369163214
0.17675799369163214
0.17675799369163214
0.17675799369163214
0.17681984043540108
0.17681984043540108
0.17694353392293896
0.17694353392293896
0.17694353392293896
0.17694353392293896
0.17694353392293896
0.17694353392293896
0.17694353392293896
0.17694353392293896
0.17694353392293896
0.17694353392293896
0.17694353392293896
0.17694353392293896
0.17694353392293896
0.1770053806667079
0.17706722741047684
0.17712907415424578
0.17712907415424578
0.17719092089801472
0.17725276764178366
0.17725276764178366
0.17725276764178366
0.1773146143855526
0.17737646112932154
0.17737646112932154
0.17737646112932154
0.17737646112932154
0.17737646112932154
0.17737646112932154
0.17737646112932154
0.17737646112932154
0.17743830787309048
0.17743830787309048
0.17743830787309048
0.17743830787309048
0.17743830787309048
0.17750015461685942
0.17750015461685942
0.17750015461685942
0.17750015461685942
0.17756200136062836
0.17756200136062836
0.17774754159193518
0.17774754159193518
0.17780938833570412
0.17780938833570412
0.17780938833570412
0.177933081823242
0.177933081823242
0.177933081823242
0.17799492856701093
0.17805677531077987
0.17805677531077987
0.17805677531077987
0.17805677531077987
0.17811862205454881
0.17811862205454881
0.17811862205454881
0.17818046879831778
0.17818046879831778
0.17818046879831778
0.17818046879831778
0.17818046879831778
0.17818046879831778
0.17818046879831778
0.17818046879831778
0.17818046879831778
0.17818046879831778
0.17818046879831778
0.17818046879831778
0.17818046879831778
0.17818046879831778
0.17818046879831778
0.17818046879831778
0.17824231554208672
0.17830416228585566
0.1783660090296246
0.1783660090296246
0.1783660090296246
0.1783660090296246
0.17842785577339354
0.17842785577339354
0.17848970251716248
0.17848970251716248
0.17848970251716248
0.17848970251716248
0.17848970251716248
0.17848970251716248
0.17855154926093142
0.17855154926093142
0.17855154926093142
0.17855154926093142
0.17855154926093142
0.17855154926093142
0.17855154926093142
0.1786752427484693
0.17873708949223824
0.17873708949223824
0.17873708949223824
0.17873708949223824
0.17873708949223824
0.17873708949223824
0.17873708949223824
0.17873708949223824
0.17873708949223824
0.17873708949223824
0.17879893623600718
0.17879893623600718
0.17879893623600718
0.17879893623600718
0.17886078297977612
0.17886078297977612
0.17886078297977612
0.17886078297977612
0.17886078297977612
0.17886078297977612
0.17886078297977612
0.17886078297977612
0.17892262972354506
0.17892262972354506
0.178984476467314
0.178984476467314
0.178984476467314
0.178984476467314
0.178984476467314
0.178984476467314
0.17904632321108294
0.17910816995485188
0.17910816995485188
0.17910816995485188
0.17910816995485188
0.17910816995485188
0.17910816995485188
0.17910816995485188
0.17917001669862082
0.17917001669862082
0.17917001669862082
0.17923186344238975
0.1792937101861587
0.1792937101861587
0.1792937101861587
0.1792937101861587
0.1792937101861587
0.17935555692992763
0.17935555692992763
0.17935555692992763
0.17935555692992763
0.17935555692992763
0.17935555692992763
0.17935555692992763
0.17935555692992763
0.17935555692992763
0.17935555692992763
0.17935555692992763
0.17941740367369657
0.17941740367369657
0.17941740367369657
0.17941740367369657
0.17954109716123445
0.17954109716123445
0.17954109716123445
0.17954109716123445
0.1796029439050034
0.1796029439050034
0.1796029439050034
0.1796029439050034
0.1796029439050034
0.1796029439050034
0.1796029439050034
0.1796029439050034
0.1796029439050034
0.1796029439050034
0.1796029439050034
0.1796029439050034
0.1796029439050034
0.1796029439050034
0.17966479064877233
0.17966479064877233
0.17966479064877233
0.17966479064877233
0.17966479064877233
0.17966479064877233
0.17966479064877233
0.17966479064877233
0.17966479064877233
0.17966479064877233
0.17966479064877233
0.17966479064877233
0.17966479064877233
0.17966479064877233
0.17972663739254127
0.17972663739254127
0.1797884841363102
0.17985033088007915
0.17985033088007915
0.17985033088007915
0.17985033088007915
0.17985033088007915
0.17985033088007915
0.17985033088007915
0.17985033088007915
0.17985033088007915
0.1799121776238481
0.1799121776238481
0.1799121776238481
0.1799121776238481
0.1799121776238481
0.1799121776238481
0.1799121776238481
0.17997402436761706
0.17997402436761706
0.17997402436761706
0.17997402436761706
0.17997402436761706
0.17997402436761706
0.17997402436761706
0.17997402436761706
0.17997402436761706
0.17997402436761706
0.180035871111386
0.180035871111386
0.18009771785515494
0.18009771785515494
0.18009771785515494
0.18009771785515494
0.18009771785515494
0.18009771785515494
0.18015956459892388
0.18015956459892388
0.18015956459892388
0.18015956459892388
0.18015956459892388
0.18015956459892388
0.18015956459892388
0.18015956459892388
0.18015956459892388
0.18015956459892388
0.18015956459892388
0.18015956459892388
0.18015956459892388
0.18022141134269282
0.18022141134269282
0.18022141134269282
0.18028325808646176
0.18028325808646176
0.18028325808646176
0.18028325808646176
0.18028325808646176
0.18028325808646176
0.18028325808646176
0.18028325808646176
0.18028325808646176
0.1803451048302307
0.1803451048302307
0.1803451048302307
0.1803451048302307
0.1803451048302307
0.1803451048302307
0.18040695157399964
0.18040695157399964
0.18040695157399964
0.18040695157399964
0.18040695157399964
0.18040695157399964
0.18040695157399964
0.18040695157399964
0.18040695157399964
0.18040695157399964
0.18040695157399964
0.18040695157399964
0.18046879831776858
0.18046879831776858
0.18046879831776858
0.18046879831776858
0.18046879831776858
0.18046879831776858
0.18046879831776858
0.18046879831776858
0.18046879831776858
0.18046879831776858
0.18046879831776858
0.18046879831776858
0.18046879831776858
0.18046879831776858
0.18053064506153751
0.18059249180530645
0.1806543385490754
0.18071618529284433
0.18071618529284433
0.18071618529284433
0.18071618529284433
0.18071618529284433
0.18077803203661327
0.18077803203661327
0.18077803203661327
0.18090172552415115
0.18090172552415115
0.18090172552415115
0.18090172552415115
0.18090172552415115
0.18090172552415115
0.18090172552415115
0.18090172552415115
0.18090172552415115
0.18090172552415115
0.1809635722679201
0.1809635722679201
0.1809635722679201
