0.062155977487785265
0.06926835302121344
0.07341208485373245
0.08163770177500154
0.08435895850083493
0.08639990104520998
0.09029624590265323
0.09382151029748284
0.0966664605108541
0.09808893561753973
0.1000061846743769
0.10068649885583524
0.10142865978106252
0.10223266745005875
0.10260374791267239
0.10303667511905498
0.10340775558166862
0.10390252953182015
0.10452099696950956
0.10532500463850578
0.10575793184488837
0.10631455253880884
0.10668563300142248
0.10730410043911189
0.10786072113303234
0.10891211577710433
0.10983981693363844
0.11027274414002103
0.1108293648339415
0.11120044529655514
0.11163337250293771
0.11200445296555137
0.1120662997093203
0.11262292040324078
0.11330323458469911
0.11361246830354382
0.1140453955099264
0.11416908899746428
0.11454016946007793
0.11515863689776733
0.11559156410414992
0.11577710433545674
0.11608633805430144
0.11627187828560827
0.11651926526068403
0.11670480549199085
0.11682849897952872
0.11707588595460448
0.11750881316098707
0.11775620013606283
0.11787989362360071
0.11812728059867648
0.1183128208299833
0.11856020780505906
0.11893128826767271
0.11905498175521059
0.11924052198651741
0.11942606221782423
0.11967344919289999
0.11973529593666893
0.11985898942420682
0.1199826829117447
0.12023006988682046
0.1202919166305894
0.12053930360566516
0.12078669058074093
0.12109592429958563
0.12140515801843033
0.1216525449935061
0.12189993196858186
0.12208547219988868
0.12220916568742655
0.12233285917496443
0.12264209289380915
0.12270393963757809
0.12301317335642278
0.12307502010019172
0.12350794730657431
0.12356979405034325
0.12375533428165007
0.12381718102541901
0.12387902776918795
0.12418826148803265
0.12431195497557053
0.12431195497557053
0.1245593419506463
0.12462118869441524
0.12474488218195312
0.124868575669491
0.12499226915702888
0.12505411590079782
0.12511596264456676
0.12530150287587358
0.12542519636341146
0.12554888985094934
0.12567258333848721
0.12585812356979406
0.125919970313563
0.12604366380110088
0.12604366380110088
0.12629105077617664
0.12629105077617664
0.12641474426371452
0.1265384377512524
0.12660028449502134
0.12672397798255922
0.12672397798255922
0.12703321170140391
0.12709505844517285
0.1271569051889418
0.12728059867647967
0.1273424454202486
0.1273424454202486
0.1274661389077865
0.12771352588286228
0.12783721937040016
0.12814645308924486
0.12845568680808955
0.1285175335518585
0.12857938029562743
0.1287030737831653
0.1288267672707032
0.12901230750201
0.1291360009895479
0.1291360009895479
0.12925969447708577
0.12932154122085474
0.12944523470839261
0.1295689281959305
0.1297544684272373
0.1298781619147752
0.1298781619147752
0.1298781619147752
0.1298781619147752
0.130063702146082
0.130063702146082
0.13012554888985095
0.1301873956336199
0.13031108912115777
0.1303729358649267
0.13043478260869565
0.13055847609623353
0.13055847609623353
0.1308058630713093
0.13086770981507823
0.13092955655884717
0.13092955655884717
0.1309914033026161
0.1309914033026161
0.1309914033026161
0.1309914033026161
0.131115096790154
0.131115096790154
0.13136248376522977
0.13136248376522977
0.1315480239965366
0.1315480239965366
0.13160987074030553
0.13160987074030553
0.13167171748407447
0.13167171748407447
0.1317335642278434
0.1317335642278434
0.1317335642278434
0.13191910445915023
0.13191910445915023
0.13198095120291917
0.13198095120291917
0.1320427979466881
0.1320427979466881
0.13210464469045705
0.13210464469045705
0.13222833817799493
0.13241387840930174
0.13253757189683962
0.13253757189683962
0.13253757189683962
0.13253757189683962
0.13253757189683962
0.13259941864060856
0.13272311212814644
0.13272311212814644
0.13272311212814644
0.13278495887191538
0.13284680561568432
0.13297049910322223
0.13303234584699117
0.13303234584699117
0.13303234584699117
0.13303234584699117
0.13303234584699117
0.13303234584699117
0.1330941925907601
0.1330941925907601
0.13315603933452905
0.133217886078298
0.13327973282206693
0.13334157956583587
0.1334034263096048
0.13346527305337375
0.13352711979714268
0.13358896654091162
0.13358896654091162
0.13358896654091162
0.13365081328468056
0.1337126600284495
0.1337126600284495
0.1337126600284495
0.13383635351598738
0.13389820025975632
0.1340218937472942
0.13408374049106314
0.13408374049106314
0.13408374049106314
0.13426928072236996
0.13426928072236996
0.1343311274661389
0.13439297420990784
0.13439297420990784
0.13451666769744572
0.1346403611849836
0.1346403611849836
0.1346403611849836
0.1347640546725215
0.1347640546725215
0.1347640546725215
0.13482590141629044
0.13482590141629044
0.13482590141629044
0.13482590141629044
0.13494959490382832
0.13494959490382832
0.13501144164759726
0.13501144164759726
0.13513513513513514
0.13519698187890408
0.13519698187890408
0.13525882862267302
0.13525882862267302
0.13525882862267302
0.13532067536644196
0.1353825221102109
0.1353825221102109
0.13544436885397984
0.13544436885397984
0.13544436885397984
0.13544436885397984
0.13544436885397984
0.13544436885397984
0.13550621559774878
0.13550621559774878
0.13550621559774878
0.13556806234151772
0.1356917558290556
0.13575360257282454
0.13575360257282454
0.13575360257282454
0.13581544931659348
0.13587729606036242
0.13587729606036242
0.13593914280413136
0.13606283629166924
0.13606283629166924
0.13606283629166924
0.13606283629166924
0.13606283629166924
0.13606283629166924
0.13606283629166924
0.13606283629166924
0.13612468303543818
0.13618652977920712
0.13618652977920712
0.136310223266745
0.13637207001051393
0.13649576349805181
0.13649576349805181
0.13649576349805181
0.13655761024182078
0.13668130372935866
0.13668130372935866
0.13668130372935866
0.1367431504731276
0.1367431504731276
0.1367431504731276
0.13686684396066548
0.13686684396066548
0.13692869070443442
0.13699053744820336
0.13699053744820336
0.13699053744820336
0.13699053744820336
0.1370523841919723
0.13711423093574124
0.13723792442327912
0.13729977116704806
0.13729977116704806
0.13748531139835488
0.13748531139835488
0.13748531139835488
0.13748531139835488
0.13748531139835488
0.13748531139835488
0.13754715814212382
0.13773269837343063
0.13773269837343063
0.13773269837343063
0.13773269837343063
0.13779454511719957
0.13779454511719957
0.13779454511719957
0.13779454511719957
0.13779454511719957
0.1378563918609685
0.1378563918609685
0.1378563918609685
0.1378563918609685
0.13804193209227533
0.13804193209227533
0.13804193209227533
0.13804193209227533
0.13804193209227533
0.13804193209227533
0.13804193209227533
0.13804193209227533
0.13804193209227533
0.13804193209227533
0.13804193209227533
0.1381656255798132
0.1381656255798132
0.1381656255798132
0.1381656255798132
0.13822747232358215
0.13822747232358215
0.13822747232358215
0.13822747232358215
0.13822747232358215
0.13822747232358215
0.1382893190673511
0.1382893190673511
0.1382893190673511
0.1382893190673511
0.1382893190673511
0.1382893190673511
0.13835116581112006
0.13835116581112006
0.13835116581112006
0.13835116581112006
0.13835116581112006
0.138413012554889
0.138413012554889
0.138413012554889
0.13847485929865794
0.13866039952996476
0.13866039952996476
0.13866039952996476
0.13866039952996476
0.13866039952996476
0.1387222462737337
0.1387222462737337
0.13890778650504051
0.13890778650504051
0.13890778650504051
0.13890778650504051
0.13890778650504051
0.13890778650504051
0.13890778650504051
0.13896963324880945
0.13896963324880945
0.13915517348011627
0.1392170202238852
0.1392170202238852
0.1392170202238852
0.13927886696765415
0.13927886696765415
0.13927886696765415
0.13927886696765415
0.13927886696765415
0.13927886696765415
0.13927886696765415
0.13927886696765415
0.13927886696765415
0.13927886696765415
0.13940256045519203
0.13946440719896097
0.13946440719896097
0.13946440719896097
0.13946440719896097
0.13946440719896097
0.13958810068649885
0.13958810068649885
0.13958810068649885
0.13958810068649885
0.13958810068649885
0.13958810068649885
0.13958810068649885
0.13958810068649885
0.13958810068649885
0.1396499474302678
0.1396499474302678
0.1396499474302678
0.1396499474302678
0.13971179417403673
0.13971179417403673
0.13971179417403673
0.1399591811491125
0.1399591811491125
0.14002102789288143
0.14002102789288143
0.14002102789288143
0.14008287463665037
0.14014472138041933
0.14026841486795721
0.14033026161172615
0.14033026161172615
0.14033026161172615
0.14033026161172615
0.14033026161172615
0.1403921083554951
0.1403921083554951
0.1403921083554951
0.1403921083554951
0.1403921083554951
0.1403921083554951
0.1403921083554951
0.14051580184303297
0.14051580184303297
0.14063949533057085
0.14063949533057085
0.1407013420743398
0.1407013420743398
0.1407013420743398
0.1407013420743398
0.1407013420743398
0.14076318881810873
0.14076318881810873
0.14076318881810873
0.14082503556187767
0.14082503556187767
0.14082503556187767
0.14082503556187767
0.14082503556187767
0.14082503556187767
0.14082503556187767
0.1408868823056466
0.1408868823056466
0.14094872904941555
0.14094872904941555
0.14094872904941555
0.1410105757931845
0.1410105757931845
0.1410105757931845
0.1410105757931845
0.1410105757931845
0.1410105757931845
0.1410105757931845
0.1410105757931845
0.14107242253695343
0.14113426928072237
0.14113426928072237
0.1411961160244913
0.14125796276826025
0.14125796276826025
0.1413198095120292
0.14138165625579813
0.141505349743336
0.14162904323087389
0.14169088997464283
0.1418145834621807
0.1418145834621807
0.14193827694971858
0.14212381718102543
0.14212381718102543
0.14212381718102543
0.14212381718102543
0.14212381718102543
0.14212381718102543
0.14212381718102543
0.14212381718102543
0.1422475106685633
0.1422475106685633
0.14230935741233225
0.14230935741233225
0.1423712041561012
0.1423712041561012
0.1423712041561012
0.1423712041561012
0.1423712041561012
0.1423712041561012
0.1423712041561012
0.14243305089987013
0.14243305089987013
0.14249489764363907
0.14249489764363907
0.14249489764363907
0.14249489764363907
0.1426804378749459
0.1426804378749459
0.1426804378749459
0.14274228461871483
0.14274228461871483
0.14280413136248377
0.14280413136248377
0.14280413136248377
0.14280413136248377
0.14280413136248377
0.14280413136248377
0.1428659781062527
0.1428659781062527
0.1428659781062527
0.1428659781062527
0.14292782485002165
0.14298967159379058
0.14311336508132846
0.1431752118250974
0.14323705856886634
0.14323705856886634
0.14323705856886634
0.14323705856886634
0.14323705856886634
0.14323705856886634
0.14323705856886634
0.14323705856886634
0.14329890531263528
0.14336075205640422
0.14336075205640422
0.14342259880017316
0.14342259880017316
0.14342259880017316
0.1434844455439421
0.1434844455439421
0.1434844455439421
0.1434844455439421
0.14354629228771104
0.14354629228771104
0.14354629228771104
0.14354629228771104
0.14354629228771104
0.14360813903147998
0.14360813903147998
0.14360813903147998
0.14366998577524892
0.14373183251901786
0.14379367926278683
0.1439173727503247
0.14397921949409365
0.14397921949409365
0.14397921949409365
0.14397921949409365
0.14397921949409365
0.14404106623786259
0.14404106623786259
0.14404106623786259
0.14404106623786259
0.14404106623786259
0.14416475972540047
0.1442266064691694
0.1442266064691694
0.14428845321293834
0.14428845321293834
0.14428845321293834
0.14428845321293834
0.14428845321293834
0.14428845321293834
0.14428845321293834
0.14428845321293834
0.14428845321293834
0.14428845321293834
0.14435029995670728
0.14435029995670728
0.14435029995670728
0.14435029995670728
0.14435029995670728
0.14435029995670728
0.14441214670047622
0.14441214670047622
0.14441214670047622
0.14441214670047622
0.14441214670047622
0.14441214670047622
0.14441214670047622
0.14447399344424516
0.14447399344424516
0.14447399344424516
0.14447399344424516
0.14447399344424516
0.14447399344424516
0.14447399344424516
0.14447399344424516
0.14447399344424516
0.1445358401880141
0.1445358401880141
0.14465953367555198
0.14465953367555198
0.14465953367555198
0.14465953367555198
0.14465953367555198
0.14465953367555198
0.14465953367555198
0.14465953367555198
0.14465953367555198
0.14472138041932092
0.14472138041932092
0.14472138041932092
0.14472138041932092
0.14472138041932092
0.14472138041932092
0.14472138041932092
0.14472138041932092
0.14472138041932092
0.14472138041932092
0.14472138041932092
0.14472138041932092
0.14472138041932092
0.14472138041932092
0.14472138041932092
0.14472138041932092
0.14472138041932092
0.14472138041932092
0.14472138041932092
0.14472138041932092
0.14472138041932092
0.14472138041932092
0.14472138041932092
0.14472138041932092
0.14472138041932092
0.14472138041932092
0.14472138041932092
0.14472138041932092
0.14472138041932092
0.14472138041932092
0.14478322716308986
0.14478322716308986
0.14478322716308986
0.1448450739068588
0.1448450739068588
0.1448450739068588
0.1448450739068588
0.1448450739068588
0.14490692065062774
0.14496876739439668
0.14496876739439668
0.14496876739439668
0.14496876739439668
0.14509246088193456
0.14509246088193456
0.1451543076257035
0.1451543076257035
0.1451543076257035
0.1451543076257035
0.14521615436947244
0.14521615436947244
0.14527800111324138
0.14533984785701032
0.14533984785701032
0.14533984785701032
0.14540169460077926
0.14552538808831714
0.14552538808831714
0.1455872348320861
0.1455872348320861
0.1455872348320861
0.14564908157585504
0.14564908157585504
0.14564908157585504
0.14564908157585504
0.14564908157585504
0.14564908157585504
0.14564908157585504
0.14564908157585504
0.14564908157585504
0.14564908157585504
0.14564908157585504
0.14564908157585504
0.14564908157585504
0.14564908157585504
0.14577277506339292
0.14577277506339292
0.14583462180716186
0.14583462180716186
0.14583462180716186
0.14583462180716186
0.14583462180716186
0.14583462180716186
0.14583462180716186
0.14583462180716186
0.14583462180716186
0.14583462180716186
0.1458964685509308
0.14595831529469974
0.14602016203846868
0.14614385552600656
0.14614385552600656
0.14626754901354444
0.14626754901354444
0.14626754901354444
0.14632939575731338
0.14639124250108232
0.14639124250108232
0.14645308924485126
0.14645308924485126
0.14645308924485126
0.14645308924485126
0.14645308924485126
0.14645308924485126
0.14645308924485126
0.14645308924485126
0.14645308924485126
0.14645308924485126
0.14645308924485126
0.14645308924485126
0.14645308924485126
0.14645308924485126
0.14645308924485126
0.1465149359886202
0.1465149359886202
0.14657678273238914
0.14670047621992702
0.1468241697074649
0.14700970993877172
0.14700970993877172
0.14700970993877172
0.14700970993877172
0.14700970993877172
0.14700970993877172
0.14700970993877172
0.14700970993877172
0.14700970993877172
0.14700970993877172
0.14700970993877172
0.14700970993877172
0.14700970993877172
0.14700970993877172
0.14707155668254066
0.14707155668254066
0.1471334034263096
0.1471334034263096
0.1471334034263096
0.1471334034263096
0.1471334034263096
0.1471334034263096
0.1471334034263096
0.14719525017007853
0.14719525017007853
0.14719525017007853
0.14719525017007853
0.14719525017007853
0.14719525017007853
0.14719525017007853
0.14719525017007853
0.14719525017007853
0.14725709691384747
0.1473189436576164
0.1473189436576164
0.1473189436576164
0.14744263714515432
0.14744263714515432
0.14744263714515432
0.14750448388892326
0.14750448388892326
0.1475663306326922
0.1475663306326922
0.1475663306326922
0.1475663306326922
0.1475663306326922
0.1475663306326922
0.1475663306326922
0.1475663306326922
0.14762817737646114
0.14762817737646114
0.14762817737646114
0.14762817737646114
0.14762817737646114
0.14762817737646114
0.14762817737646114
0.14769002412023008
0.14775187086399902
0.1478755643515369
0.1478755643515369
0.1478755643515369
0.1478755643515369
0.1478755643515369
0.1478755643515369
0.1478755643515369
0.1478755643515369
0.1478755643515369
0.1478755643515369
0.1478755643515369
0.1478755643515369
0.1478755643515369
0.1478755643515369
0.14793741109530584
0.14793741109530584
0.14806110458284372
0.14806110458284372
0.14806110458284372
0.14806110458284372
0.1481847980703816
0.1481847980703816
0.1481847980703816
0.1481847980703816
0.14824664481415054
0.14824664481415054
0.14824664481415054
0.14824664481415054
0.14824664481415054
0.14830849155791948
0.14837033830168841
0.14837033830168841
0.14837033830168841
0.14837033830168841
0.14837033830168841
0.14837033830168841
0.14837033830168841
0.1484940317892263
0.1484940317892263
0.1484940317892263
0.1484940317892263
0.14855587853299523
0.14855587853299523
0.14855587853299523
0.14855587853299523
0.14855587853299523
0.14855587853299523
0.14855587853299523
0.14855587853299523
0.14855587853299523
0.1486795720205331
0.1486795720205331
0.1486795720205331
0.1486795720205331
0.1486795720205331
0.1486795720205331
0.14874141876430205
0.14874141876430205
0.14874141876430205
0.14874141876430205
0.14874141876430205
0.14874141876430205
0.14874141876430205
0.14874141876430205
0.14874141876430205
0.148803265508071
0.148803265508071
0.148803265508071
0.148803265508071
0.148803265508071
0.148803265508071
0.14886511225183993
0.14886511225183993
0.14892695899560887
0.14892695899560887
0.14892695899560887
0.14892695899560887
0.14892695899560887
0.14892695899560887
0.14892695899560887
0.14892695899560887
0.1489888057393778
0.1489888057393778
0.1489888057393778
0.1489888057393778
0.1489888057393778
0.1489888057393778
0.1489888057393778
0.1489888057393778
0.1489888057393778
0.1489888057393778
0.1489888057393778
0.1489888057393778
0.1489888057393778
0.1489888057393778
0.14905065248314675
0.14905065248314675
0.14905065248314675
0.14905065248314675
0.14905065248314675
0.14905065248314675
0.1491124992269157
0.14917434597068463
0.14917434597068463
0.14917434597068463
0.14917434597068463
0.14917434597068463
0.14917434597068463
0.1492361927144536
0.14929803945822254
0.14929803945822254
0.14929803945822254
0.14942173294576042
0.14942173294576042
0.14942173294576042
0.14942173294576042
0.14948357968952936
0.14948357968952936
0.14948357968952936
0.14948357968952936
0.14948357968952936
0.1495454264332983
0.1495454264332983
0.1495454264332983
0.1495454264332983
0.14966911992083617
0.14966911992083617
0.14966911992083617
0.14966911992083617
0.14973096666460511
0.14973096666460511
0.14973096666460511
0.14973096666460511
0.14973096666460511
0.14979281340837405
0.14979281340837405
0.14979281340837405
0.14979281340837405
0.149854660152143
0.149854660152143
0.149854660152143
0.149854660152143
0.149854660152143
0.149854660152143
0.14997835363968087
0.14997835363968087
0.14997835363968087
0.1500402003834498
0.1500402003834498
0.15010204712721875
0.15010204712721875
0.15010204712721875
0.15010204712721875
0.15010204712721875
0.15010204712721875
0.15010204712721875
0.15010204712721875
0.15010204712721875
0.15010204712721875
0.1501638938709877
0.1501638938709877
0.1501638938709877
0.1501638938709877
0.1501638938709877
0.15022574061475663
0.15022574061475663
0.15022574061475663
0.15022574061475663
0.15022574061475663
0.15022574061475663
0.15022574061475663
0.15022574061475663
0.15022574061475663
0.15022574061475663
0.15022574061475663
0.15028758735852557
0.15028758735852557
0.15028758735852557
0.15028758735852557
0.15028758735852557
0.15028758735852557
0.15028758735852557
0.1503494341022945
0.1503494341022945
0.1503494341022945
0.1503494341022945
0.1503494341022945
0.1503494341022945
0.1503494341022945
0.1503494341022945
0.1503494341022945
0.1503494341022945
0.1503494341022945
0.15041128084606345
0.15041128084606345
0.15041128084606345
0.15041128084606345
0.15041128084606345
0.15041128084606345
0.15041128084606345
0.15041128084606345
0.15041128084606345
0.15041128084606345
0.15041128084606345
0.15041128084606345
0.15041128084606345
0.15041128084606345
0.15041128084606345
0.15041128084606345
0.15041128084606345
0.15041128084606345
0.15041128084606345
0.15041128084606345
0.1504731275898324
0.1504731275898324
0.15053497433360133
0.15059682107737027
0.15059682107737027
0.15059682107737027
0.15059682107737027
0.15059682107737027
0.15059682107737027
0.15059682107737027
0.15059682107737027
0.15059682107737027
