0.005937287401818294
0.009215164821572145
0.010761333415795658
0.011317954109716123
0.012245655266250231
0.012678582472632816
0.01323520316655328
0.013482590141629043
0.013915517348011627
0.014719525017007854
0.01521429896715938
0.015461685942235142
0.015709072917310902
0.016080153379924546
0.01638938709876925
0.016822314305151832
0.017069701280227598
0.01762632197414806
0.01762632197414806
0.017873708949223823
0.018059249180530645
0.018244789411837468
0.01849217638691323
0.018677716618220052
0.019296184055909455
0.019481724287216277
0.01972911126229204
0.020100191724905684
0.020100191724905684
0.020409425443750386
0.020594965675057208
0.020594965675057208
0.02078050590636403
0.02090419939390191
0.021027892881439792
0.021275279856515554
0.021337126600284494
0.021398973344053437
0.021584513575360256
0.021584513575360256
0.02183190055043602
0.022079287525511783
0.022202981013049662
0.022326674500587545
0.022326674500587545
0.022326674500587545
0.022450367988125424
0.022635908219432246
0.02275960170697013
0.02313068216958377
0.023254375657121653
0.023316222400890593
0.023378069144659532
0.023501762632197415
0.023625456119735298
0.023687302863504237
0.023749149607273177
0.023810996351042116
0.023810996351042116
0.023810996351042116
0.02387284309481106
0.02387284309481106
0.02418207681365576
0.024305770301193644
0.024305770301193644
0.024367617044962583
0.024429463788731523
0.024491310532500463
0.024491310532500463
0.024491310532500463
0.024615004020038345
0.024924237738883047
0.024924237738883047
0.02498608448265199
0.02510977797018987
0.02517162471395881
0.025480858432803514
0.025480858432803514
0.025542705176572453
0.025913785639186098
0.025975632382955038
0.026037479126723977
0.02616117261426186
0.0262230193580308
0.026346712845568682
0.02647040633310656
0.026655946564413384
0.026655946564413384
0.026779640051951263
0.026779640051951263
0.026779640051951263
0.026903333539489146
0.02702702702702703
0.027150720514564908
0.027150720514564908
0.02727441400210279
0.02733626074587173
0.02733626074587173
0.02739810748964067
0.02745995423340961
0.027583647720947492
0.02764549446471643
0.027707341208485375
0.027707341208485375
0.027769187952254314
0.027769187952254314
0.027831034696023254
0.027831034696023254
0.027831034696023254
0.027892881439792194
0.027954728183561137
0.028016574927330076
0.028016574927330076
0.028016574927330076
0.028078421671099016
0.028140268414867955
0.0282021151586369
0.0282021151586369
0.02838765538994372
0.02838765538994372
0.02838765538994372
0.02838765538994372
0.02838765538994372
0.02838765538994372
0.02838765538994372
0.02838765538994372
0.0285113488774816
0.0285113488774816
0.02857319562125054
0.028696889108788422
0.028820582596326305
0.028820582596326305
0.028944276083864184
0.028944276083864184
0.028944276083864184
0.028944276083864184
0.028944276083864184
0.029006122827633124
0.029067969571402067
0.029191663058939946
0.029439050034015708
0.02962459026532253
0.02962459026532253
0.02968643700909147
0.029810130496629353
0.029995670727936175
0.030057517471705115
0.030181210959242998
0.030181210959242998
0.030181210959242998
0.030181210959242998
0.030243057703011937
0.030243057703011937
0.030243057703011937
0.030304904446780877
0.030304904446780877
0.030366751190549816
0.0304904446780877
0.0304904446780877
0.03055229142185664
0.03055229142185664
0.03055229142185664
0.03061413816562558
0.03061413816562558
0.03061413816562558
0.03067598490939452
0.03067598490939452
0.0307996783969324
0.030861525140701344
0.030861525140701344
0.030923371884470283
0.030923371884470283
0.030985218628239223
0.030985218628239223
0.031108912115777106
0.031108912115777106
0.031108912115777106
0.031170758859546045
0.031170758859546045
0.031232605603314985
0.031356299090852864
0.031418145834621804
0.03147999257839075
0.03154183932215969
0.03160368606592863
0.03160368606592863
0.03160368606592863
0.03160368606592863
0.03160368606592863
0.03160368606592863
0.03160368606592863
0.03160368606592863
0.03160368606592863
0.03160368606592863
0.03160368606592863
0.03160368606592863
0.03160368606592863
0.03160368606592863
0.03160368606592863
0.03166553280969757
0.03166553280969757
0.03166553280969757
0.03166553280969757
0.03172737955346651
0.03172737955346651
0.03172737955346651
0.03172737955346651
0.03172737955346651
0.03185107304100439
0.031912919784773335
0.03209846001608015
0.03209846001608015
0.03209846001608015
0.03209846001608015
0.03209846001608015
0.03216030675984909
0.03216030675984909
0.03216030675984909
0.03216030675984909
0.03216030675984909
0.03216030675984909
0.03228400024738697
0.03234584699115592
0.03234584699115592
0.03234584699115592
0.03234584699115592
0.03234584699115592
0.03234584699115592
0.03234584699115592
0.03234584699115592
0.03240769373492486
0.0324695404786938
0.03265508071000062
0.03265508071000062
0.03265508071000062
0.03265508071000062
0.03265508071000062
0.032716927453769556
0.032716927453769556
0.0327787741975385
0.0327787741975385
0.03296431442884532
0.03302616117261426
0.03302616117261426
0.03314985466015214
0.03314985466015214
0.03327354814769003
0.03327354814769003
0.03327354814769003
0.033459088378996846
0.033520935122765785
0.033520935122765785
0.033520935122765785
0.033582781866534725
0.033582781866534725
0.033582781866534725
0.033582781866534725
0.033582781866534725
0.033582781866534725
0.033582781866534725
0.033644628610303665
0.03376832209784155
0.03376832209784155
0.03376832209784155
0.03376832209784155
0.03376832209784155
0.03376832209784155
0.03376832209784155
0.03389201558537943
0.03395386232914837
0.03395386232914837
0.03395386232914837
0.03401570907291731
0.03401570907291731
0.03401570907291731
0.03401570907291731
0.03401570907291731
0.03401570907291731
0.03401570907291731
0.03407755581668625
0.034201249304224135
0.034201249304224135
0.034201249304224135
0.034201249304224135
0.034263096047993075
0.034263096047993075
0.034386789535530954
0.034386789535530954
0.034386789535530954
0.034386789535530954
0.034386789535530954
0.034386789535530954
0.034448636279299893
0.034448636279299893
0.03451048302306883
0.03451048302306883
0.03451048302306883
0.03451048302306883
0.03451048302306883
0.03463417651060672
0.03463417651060672
0.03463417651060672
0.03469602325437566
0.03469602325437566
0.0347578699981446
0.03481971674191354
0.03481971674191354
0.03481971674191354
0.03481971674191354
0.03481971674191354
0.03481971674191354
0.03488156348568248
0.03494341022945142
0.03494341022945142
0.03494341022945142
0.03494341022945142
0.03494341022945142
0.03494341022945142
0.03494341022945142
0.03494341022945142
0.03494341022945142
0.03494341022945142
0.03494341022945142
0.03500525697322036
0.03500525697322036
0.03500525697322036
0.035067103716989304
0.03512895046075824
0.03519079720452718
0.03519079720452718
0.03519079720452718
0.03525264394829612
0.03531449069206506
0.03531449069206506
0.03531449069206506
0.035376337435834
0.03550003092337189
0.03550003092337189
0.03550003092337189
0.03556187766714083
0.03556187766714083
0.03556187766714083
0.03556187766714083
0.03562372441090977
0.03562372441090977
0.03562372441090977
0.03562372441090977
0.03562372441090977
0.03562372441090977
0.03568557115467871
0.03568557115467871
0.03568557115467871
0.035747417898447646
0.035747417898447646
0.035747417898447646
0.035747417898447646
0.035747417898447646
0.035747417898447646
0.035809264642216586
0.035809264642216586
0.035871111385985525
0.035871111385985525
0.035932958129754465
0.03599480487352341
0.03599480487352341
0.03605665161729235
0.03611849836106129
0.03611849836106129
0.03611849836106129
0.03611849836106129
0.03611849836106129
0.03611849836106129
0.03618034510483023
0.03618034510483023
0.03618034510483023
0.03618034510483023
0.03618034510483023
0.03618034510483023
0.03618034510483023
0.03624219184859917
0.03630403859236811
0.03630403859236811
0.03630403859236811
0.03636588533613705
0.03636588533613705
0.03636588533613705
0.03636588533613705
0.03636588533613705
0.03636588533613705
0.03636588533613705
0.036427732079905996
0.036489578823674935
0.036551425567443875
0.036613272311212815
0.036613272311212815
0.036613272311212815
0.036613272311212815
0.036736965798750694
0.036736965798750694
0.036736965798750694
0.03686065928628858
0.03692250603005752
0.03692250603005752
0.03692250603005752
0.03698435277382646
0.03710804626136434
0.03710804626136434
0.03710804626136434
0.03716989300513328
0.03716989300513328
0.03723173974890222
0.03723173974890222
0.03729358649267116
0.03729358649267116
0.037355433236440104
0.037355433236440104
0.037355433236440104
0.037355433236440104
0.037417279980209044
0.037417279980209044
0.037417279980209044
0.03747912672397798
0.03754097346774692
0.03754097346774692
0.03754097346774692
0.03760282021151586
0.0376646669552848
0.0376646669552848
0.0376646669552848
0.0376646669552848
0.0376646669552848
0.03772651369905374
0.03785020718659163
0.03785020718659163
0.03785020718659163
0.03785020718659163
0.03797390067412951
0.03797390067412951
0.038159440905436326
0.038159440905436326
0.038159440905436326
0.038159440905436326
0.038159440905436326
0.038159440905436326
0.03822128764920527
0.03822128764920527
0.03822128764920527
0.03822128764920527
0.03822128764920527
0.03822128764920527
0.03828313439297421
0.03828313439297421
0.03828313439297421
0.03828313439297421
0.03834498113674315
0.03834498113674315
0.03834498113674315
0.03834498113674315
0.03834498113674315
0.03834498113674315
0.03840682788051209
0.03840682788051209
0.03846867462428103
0.03846867462428103
0.03859236811181891
0.03859236811181891
0.03859236811181891
0.03859236811181891
0.03859236811181891
0.03859236811181891
0.03859236811181891
0.03859236811181891
0.03859236811181891
0.03859236811181891
0.03865421485558786
0.03865421485558786
0.03865421485558786
0.03865421485558786
0.03865421485558786
0.038716061599356796
0.038716061599356796
0.038716061599356796
0.038716061599356796
0.038716061599356796
0.038716061599356796
0.038716061599356796
0.038716061599356796
0.038716061599356796
0.038716061599356796
0.038716061599356796
0.038839755086894676
0.038839755086894676
0.038839755086894676
0.038839755086894676
0.038901601830663615
0.038963448574432555
0.038963448574432555
0.038963448574432555
0.038963448574432555
0.038963448574432555
0.039025295318201494
0.039087142061970434
0.039087142061970434
0.039087142061970434
0.039087142061970434
0.039087142061970434
0.039087142061970434
0.039087142061970434
0.039087142061970434
0.039087142061970434
0.03914898880573938
0.0393345290370462
0.03939637578081514
0.03939637578081514
0.03939637578081514
0.03945822252458408
0.03945822252458408
0.03945822252458408
0.03945822252458408
0.03945822252458408
0.03945822252458408
0.03945822252458408
0.03952006926835302
0.03952006926835302
0.03952006926835302
0.03952006926835302
0.03952006926835302
0.03952006926835302
0.03952006926835302
0.039581916012121965
0.039581916012121965
0.039581916012121965
0.039581916012121965
0.039581916012121965
0.039581916012121965
0.039581916012121965
0.039581916012121965
0.039581916012121965
0.039643762755890904
0.039643762755890904
0.039643762755890904
0.039643762755890904
0.039643762755890904
0.039705609499659844
0.039705609499659844
0.039767456243428784
0.03982930298719772
0.03982930298719772
0.03982930298719772
0.03982930298719772
0.03989114973096666
0.03989114973096666
0.03989114973096666
0.0399529964747356
0.04001484321850455
0.04001484321850455
0.04001484321850455
0.04001484321850455
0.04001484321850455
0.04001484321850455
0.04007668996227349
0.04007668996227349
0.04007668996227349
0.04007668996227349
0.04020038344981137
0.04020038344981137
0.04020038344981137
0.04020038344981137
0.04020038344981137
0.04020038344981137
0.04020038344981137
0.04020038344981137
0.04020038344981137
0.04020038344981137
0.04020038344981137
0.04020038344981137
0.04020038344981137
0.04020038344981137
0.04020038344981137
0.04026223019358031
0.04038592368111819
0.04038592368111819
0.04038592368111819
0.040447770424887126
0.040447770424887126
0.040447770424887126
0.040447770424887126
0.040447770424887126
0.040447770424887126
0.040447770424887126
0.040447770424887126
0.04050961716865607
0.04057146391242501
0.04057146391242501
0.04057146391242501
0.04057146391242501
0.04057146391242501
0.04063331065619395
0.04063331065619395
0.04069515739996289
0.04069515739996289
0.04069515739996289
0.04075700414373183
0.04075700414373183
0.04075700414373183
0.04075700414373183
0.04075700414373183
0.04075700414373183
0.04081885088750077
0.04081885088750077
0.04094254437503866
0.04094254437503866
0.0410043911188076
0.0410043911188076
0.041066237862576536
0.041066237862576536
0.041066237862576536
0.041066237862576536
0.041128084606345476
0.041128084606345476
0.041128084606345476
0.041128084606345476
0.041128084606345476
0.041128084606345476
0.041128084606345476
0.041189931350114416
0.041189931350114416
0.041189931350114416
0.041251778093883355
0.041251778093883355
0.041251778093883355
0.041251778093883355
0.041251778093883355
0.041313624837652295
0.041313624837652295
0.04137547158142124
0.04137547158142124
0.04137547158142124
0.04137547158142124
0.04143731832519018
0.04143731832519018
0.04143731832519018
0.04143731832519018
0.04143731832519018
0.04143731832519018
0.04143731832519018
0.04143731832519018
0.04143731832519018
0.04143731832519018
0.04143731832519018
0.04143731832519018
0.04143731832519018
0.04143731832519018
0.04149916506895912
0.04156101181272806
0.04156101181272806
0.04156101181272806
0.041622858556497
0.041622858556497
0.041622858556497
0.04168470530026594
0.04168470530026594
0.04168470530026594
0.04168470530026594
0.04174655204403488
0.04180839878780382
0.04180839878780382
0.04180839878780382
0.04180839878780382
0.04180839878780382
0.041870245531572765
0.041932092275341705
0.041932092275341705
0.041932092275341705
0.041993939019110645
0.042055785762879584
0.042055785762879584
0.042117632506648524
0.042117632506648524
0.042117632506648524
0.042117632506648524
0.042117632506648524
0.042117632506648524
0.042117632506648524
0.042117632506648524
0.042117632506648524
0.042117632506648524
0.042117632506648524
0.042117632506648524
0.042117632506648524
0.042117632506648524
0.042117632506648524
0.042117632506648524
0.042117632506648524
0.042117632506648524
0.042117632506648524
0.042117632506648524
0.042117632506648524
0.042117632506648524
0.042117632506648524
0.042117632506648524
0.042117632506648524
0.042117632506648524
0.042117632506648524
0.04217947925041746
0.0422413259941864
0.04230317273795535
0.04230317273795535
0.04230317273795535
0.04230317273795535
0.04230317273795535
0.04230317273795535
0.04230317273795535
0.04230317273795535
0.04230317273795535
0.04230317273795535
0.04230317273795535
0.04230317273795535
0.04242686622549323
0.04242686622549323
0.04242686622549323
0.04242686622549323
0.04242686622549323
0.04261240645680005
0.04261240645680005
0.04261240645680005
0.04261240645680005
0.04261240645680005
0.04267425320056899
0.04267425320056899
0.04267425320056899
0.04267425320056899
0.042736099944337934
0.042736099944337934
0.042736099944337934
0.042736099944337934
0.042736099944337934
0.042736099944337934
0.042736099944337934
0.042736099944337934
0.04285979343187581
0.04292164017564475
0.04292164017564475
0.04298348691941369
0.04298348691941369
0.04298348691941369
0.04310718040695157
0.04310718040695157
0.04310718040695157
0.04316902715072051
0.04316902715072051
0.04316902715072051
0.04316902715072051
0.04316902715072051
0.04316902715072051
0.04316902715072051
0.04316902715072051
0.04316902715072051
0.04316902715072051
0.04316902715072051
0.04323087389448946
0.0432927206382584
0.0432927206382584
0.0432927206382584
0.0432927206382584
0.0432927206382584
0.0432927206382584
0.0432927206382584
0.0432927206382584
0.04335456738202734
0.04335456738202734
0.04335456738202734
0.04335456738202734
0.04335456738202734
0.04335456738202734
0.04341641412579628
0.04341641412579628
0.04341641412579628
0.04341641412579628
0.04341641412579628
0.04341641412579628
0.04341641412579628
0.04341641412579628
0.04341641412579628
0.04341641412579628
0.04341641412579628
0.043478260869565216
0.043478260869565216
0.043478260869565216
0.043540107613334156
0.043540107613334156
0.043601954357103095
0.043601954357103095
0.043601954357103095
0.04366380110087204
0.04366380110087204
0.04366380110087204
0.04372564784464098
0.04372564784464098
0.04372564784464098
0.04372564784464098
0.04372564784464098
0.04372564784464098
0.04372564784464098
0.04372564784464098
0.04372564784464098
0.04372564784464098
0.04372564784464098
0.04372564784464098
0.04378749458840992
0.04384934133217886
0.04384934133217886
0.04384934133217886
0.0439111880759478
0.04397303481971674
0.04397303481971674
0.04397303481971674
0.04397303481971674
0.044096728307254626
0.044096728307254626
0.044158575051023566
0.044158575051023566
0.044158575051023566
0.044158575051023566
0.044158575051023566
0.044158575051023566
0.044158575051023566
0.044158575051023566
0.044158575051023566
0.044158575051023566
0.044158575051023566
0.044220421794792505
0.044220421794792505
0.044220421794792505
0.044220421794792505
0.044220421794792505
0.044220421794792505
0.044220421794792505
0.044220421794792505
0.044220421794792505
0.044282268538561445
0.044282268538561445
0.044282268538561445
0.044282268538561445
0.044344115282330385
0.044344115282330385
0.044344115282330385
0.044344115282330385
0.04459150225740615
0.04459150225740615
0.04465334900117509
0.04465334900117509
0.04471519574494403
0.04471519574494403
0.04471519574494403
0.04471519574494403
0.04471519574494403
0.04471519574494403
0.04471519574494403
0.04477704248871297
0.04483888923248191
0.04483888923248191
0.04483888923248191
0.04483888923248191
0.04483888923248191
0.04483888923248191
0.04490073597625085
0.04490073597625085
0.04490073597625085
0.04490073597625085
0.04490073597625085
0.04490073597625085
0.04490073597625085
0.04490073597625085
0.04490073597625085
0.04490073597625085
0.04490073597625085
0.04490073597625085
0.04490073597625085
0.045024429463788734
0.045024429463788734
0.045024429463788734
0.045024429463788734
0.045024429463788734
0.045024429463788734
0.045086276207557674
0.045086276207557674
0.045148122951326614
0.045148122951326614
0.045148122951326614
0.045148122951326614
0.045148122951326614
0.045148122951326614
0.045148122951326614
0.045148122951326614
0.045148122951326614
0.04520996969509555
0.04520996969509555
0.04520996969509555
0.04520996969509555
0.04520996969509555
0.04520996969509555
0.04520996969509555
0.04520996969509555
0.04520996969509555
0.04520996969509555
0.04527181643886449
0.04527181643886449
0.04527181643886449
0.04527181643886449
0.04527181643886449
0.04527181643886449
0.04527181643886449
0.04533366318263343
0.04539550992640237
0.04539550992640237
0.04539550992640237
0.04539550992640237
0.04539550992640237
0.04539550992640237
0.04539550992640237
0.04551920341394026
0.04551920341394026
0.04551920341394026
0.0455810501577092
0.0455810501577092
0.04564289690147814
0.04564289690147814
0.04564289690147814
0.04564289690147814
0.04570474364524708
0.04570474364524708
0.04570474364524708
0.04570474364524708
0.04570474364524708
0.04570474364524708
0.04570474364524708
0.045828437132784956
0.045828437132784956
0.0458902838765539
0.0458902838765539
0.0458902838765539
0.0458902838765539
0.04595213062032284
0.04595213062032284
0.04601397736409178
0.04601397736409178
0.04601397736409178
0.04601397736409178
0.04601397736409178
0.04601397736409178
0.04601397736409178
0.04601397736409178
0.04601397736409178
0.04601397736409178
0.04601397736409178
0.04601397736409178
0.04601397736409178
0.04601397736409178
0.04601397736409178
0.04601397736409178
0.04601397736409178
0.04601397736409178
0.04601397736409178
0.04601397736409178
0.04607582410786072
0.04607582410786072
0.04607582410786072
0.04607582410786072
0.04607582410786072
0.04607582410786072
0.04607582410786072
0.04613767085162966
0.04613767085162966
0.04613767085162966
0.04613767085162966
0.04613767085162966
0.04613767085162966
0.04613767085162966
0.04613767085162966
0.04613767085162966
0.04613767085162966
0.04613767085162966
0.04613767085162966
0.04613767085162966
0.0461995175953986
0.0461995175953986
0.0461995175953986
0.0461995175953986
0.04626136433916754
0.04626136433916754
0.04632321108293648
0.04632321108293648
0.04638505782670543
0.04638505782670543
0.04638505782670543
0.04638505782670543
0.04638505782670543
0.04638505782670543
0.04638505782670543
0.04638505782670543
