0.06930298719772404
0.08375533428165008
0.09029871977240399
0.09382645803698436
0.09786628733997156
0.0999715504978663
0.10167852062588904
0.10344238975817924
0.10435277382645804
0.10549075391180655
0.10645803698435277
0.10753911806543386
0.1080512091038407
0.10924608819345662
0.10992887624466573
0.1110099573257468
0.11157894736842106
0.11254623044096729
0.1135135135135135
0.11402560455192035
0.11431009957325747
0.11510668563300143
0.11578947368421054
0.11624466571834993
0.11692745376955903
0.11743954480796588
0.11806543385490754
0.11874822190611664
0.11908961593172121
0.11971550497866287
0.12005689900426743
0.12056899004267424
0.12079658605974397
0.12113798008534851
0.12153627311522049
0.12204836415362731
0.12233285917496446
0.12261735419630158
0.12284495021337127
0.12324324324324325
0.12381223328591749
0.12415362731152206
0.12455192034139403
0.12506401137980086
0.12546230440967282
0.1260881934566145
0.1264864864864865
0.12677098150782362
0.12716927453769558
0.12762446657183502
0.12790896159317214
0.12819345661450926
0.12847795163584638
0.12859174964438122
0.12887624466571834
0.1291607396870555
0.1293883357041252
0.12972972972972974
0.13018492176386914
0.1305832147937411
0.1307539118065434
0.1312660028449502
0.1314366998577525
0.13189189189189188
0.132176386913229
0.1325177809388336
0.13291607396870556
0.13314366998577526
0.13342816500711238
0.1334850640113798
0.1337126600284495
0.13382645803698434
0.13399715504978665
0.13428165007112378
0.1345661450924609
0.13462304409672832
0.13467994310099574
0.13502133712660028
0.13507823613086772
0.13507823613086772
0.13524893314366998
0.13541963015647226
0.13541963015647226
0.13564722617354197
0.13587482219061167
0.1362162162162162
0.13655761024182078
0.13672830725462304
0.13695590327169274
0.13712660028449503
0.13724039829302986
0.13735419630156473
0.137524893314367
0.1376955903271693
0.13798008534850642
0.13809388335704126
0.13826458036984354
0.1384352773826458
0.13877667140825034
0.1388904694167852
0.1391180654338549
0.1393456614509246
0.13940256045519203
0.13968705547652915
0.13968705547652915
0.13991465149359886
0.14036984352773826
0.14042674253200568
0.1404836415362731
0.14054054054054052
0.140597439544808
0.14082503556187767
0.14093883357041254
0.1411095305832148
0.14116642958748224
0.1413371266002845
0.1413371266002845
0.1415647226173542
0.1417923186344239
0.14190611664295874
0.14196301564722616
0.14196301564722616
0.14213371266002844
0.1422475106685633
0.1424182076813656
0.14258890469416788
0.14281650071123755
0.14293029871977242
0.14298719772403984
0.14304409672830726
0.14310099573257468
0.14315789473684212
0.14327169274537696
0.14349928876244666
0.14366998577524892
0.14372688477951637
0.1437837837837838
0.14389758179231862
0.14395448079658607
0.14418207681365577
0.1442389758179232
0.14440967283072548
0.14458036984352773
0.14458036984352773
0.14475106685633002
0.14486486486486486
0.14486486486486486
0.14497866287339972
0.14514935988620198
0.14520625889046943
0.14532005689900426
0.14532005689900426
0.14537695590327168
0.14537695590327168
0.1454338549075391
0.14549075391180655
0.14566145092460883
0.14566145092460883
0.14571834992887625
0.1457752489331437
0.1457752489331437
0.14600284495021337
0.14600284495021337
0.14611664295874824
0.14623044096728308
0.1462873399715505
0.14645803698435278
0.1465149359886202
0.14668563300142248
0.14679943100995732
0.14679943100995732
0.14679943100995732
0.14685633001422474
0.14702702702702702
0.14714082503556186
0.14731152204836417
0.14731152204836417
0.14731152204836417
0.147425320056899
0.14748221906116646
0.14748221906116646
0.14753911806543388
0.14753911806543388
0.1475960170697013
0.14770981507823613
0.14776671408250358
0.147823613086771
0.147823613086771
0.14793741109530584
0.14799431009957326
0.14799431009957326
0.14822190611664296
0.14822190611664296
0.14822190611664296
0.14822190611664296
0.14827880512091038
0.14827880512091038
0.1485633001422475
0.14862019914651495
0.14867709815078237
0.1487908961593172
0.14890469416785207
0.14901849217638694
0.14913229018492177
0.14930298719772406
0.14935988620199148
0.14935988620199148
0.14947368421052631
0.14947368421052631
0.14947368421052631
0.14953058321479376
0.14953058321479376
0.14953058321479376
0.14953058321479376
0.14958748221906118
0.1496443812233286
0.14970128022759602
0.14981507823613088
0.14981507823613088
0.14998577524893314
0.14998577524893314
0.15004267425320056
0.15004267425320056
0.150099573257468
0.15015647226173542
0.15015647226173542
0.15021337126600284
0.15038406827880513
0.15038406827880513
0.15044096728307255
0.15061166429587483
0.15066856330014228
0.1507254623044097
0.15083926031294453
0.15100995732574682
0.15106685633001424
0.15112375533428166
0.15112375533428166
0.15123755334281652
0.15129445234708394
0.15129445234708394
0.15135135135135136
0.15135135135135136
0.1514651493598862
0.1514651493598862
0.15152204836415364
0.15152204836415364
0.15163584637268848
0.15163584637268848
0.15174964438122332
0.15174964438122332
0.15180654338549077
0.15180654338549077
0.1519203413940256
0.1519203413940256
0.15203413940256044
0.1520910384068279
0.1521479374110953
0.15226173541963017
0.152375533428165
0.15243243243243246
0.15248933143669988
0.15248933143669988
0.15248933143669988
0.1525462304409673
0.1525462304409673
0.15260312944523471
0.15260312944523471
0.15260312944523471
0.15260312944523471
0.15271692745376958
0.15271692745376958
0.15271692745376958
0.15283072546230442
0.15283072546230442
0.15283072546230442
0.15288762446657184
0.15294452347083926
0.1530014224751067
0.15305832147937412
0.15305832147937412
0.15311522048364154
0.15322901849217638
0.15322901849217638
0.15328591749644382
0.15328591749644382
0.15328591749644382
0.15334281650071124
0.15334281650071124
0.15334281650071124
0.15334281650071124
0.15334281650071124
0.15339971550497866
0.15345661450924608
0.1535135135135135
0.1535135135135135
0.15357041251778095
0.15368421052631578
0.15379800853485062
0.15379800853485062
0.15379800853485062
0.15385490753911807
0.15385490753911807
0.15385490753911807
0.15385490753911807
0.15391180654338552
0.15402560455192035
0.15402560455192035
0.15402560455192035
0.15408250355618777
0.15408250355618777
0.15419630156472264
0.15425320056899006
0.15431009957325748
0.15431009957325748
0.15431009957325748
0.15431009957325748
0.1543669985775249
0.1543669985775249
0.15448079658605976
0.15453769559032718
0.15453769559032718
0.1545945945945946
0.15465149359886202
0.15465149359886202
0.15470839260312946
0.15470839260312946
0.15470839260312946
0.15476529160739688
0.15487908961593172
0.15487908961593172
0.15487908961593172
0.15493598862019914
0.15499288762446659
0.155049786628734
0.155049786628734
0.155049786628734
0.155049786628734
0.15510668563300142
0.15510668563300142
0.15522048364153626
0.15522048364153626
0.1552773826458037
0.1552773826458037
0.1552773826458037
0.15533428165007113
0.15550497866287338
0.15550497866287338
0.15550497866287338
0.15561877667140828
0.15561877667140828
0.15573257467994311
0.15578947368421053
0.1559032716927454
0.1559032716927454
0.15596017069701282
0.15601706970128024
0.15601706970128024
0.15601706970128024
0.15607396870554766
0.15607396870554766
0.15607396870554766
0.15607396870554766
0.15618776671408252
0.15624466571834994
0.15624466571834994
0.15630156472261736
0.15630156472261736
0.15630156472261736
0.15641536273115222
0.15641536273115222
0.15641536273115222
0.15641536273115222
0.15652916073968706
0.15658605974395448
0.15675675675675677
0.15681365576102418
0.1568705547652916
0.1568705547652916
0.15692745376955902
0.15698435277382647
0.1570412517780939
0.1570412517780939
0.1570412517780939
0.1570412517780939
0.1570412517780939
0.1570412517780939
0.1570412517780939
0.1570412517780939
0.1570412517780939
0.1570981507823613
0.15715504978662873
0.1572688477951636
0.1572688477951636
0.1572688477951636
0.15732574679943104
0.15732574679943104
0.15738264580369846
0.15738264580369846
0.15738264580369846
0.15738264580369846
0.15738264580369846
0.15738264580369846
0.15738264580369846
0.15738264580369846
0.1574964438122333
0.1575533428165007
0.1575533428165007
0.15761024182076816
0.15761024182076816
0.15761024182076816
0.15766714082503558
0.15778093883357042
0.15778093883357042
0.15778093883357042
0.15778093883357042
0.15789473684210528
0.15789473684210528
0.15789473684210528
0.1579516358463727
0.15806543385490754
0.15812233285917496
0.15812233285917496
0.1581792318634424
0.15823613086770982
0.15823613086770982
0.15823613086770982
0.15829302987197724
0.15834992887624466
0.15840682788051208
0.15840682788051208
0.15846372688477953
0.15846372688477953
0.15846372688477953
0.15852062588904695
0.15852062588904695
0.15863442389758178
0.15863442389758178
0.15863442389758178
0.15863442389758178
0.1586913229018492
0.15874822190611665
0.15880512091038407
0.15880512091038407
0.1588620199146515
0.1588620199146515
0.1588620199146515
0.1588620199146515
0.1588620199146515
0.15891891891891893
0.15897581792318635
0.15908961593172122
0.15908961593172122
0.15908961593172122
0.15914651493598864
0.15914651493598864
0.15914651493598864
0.15920341394025606
0.15920341394025606
0.15920341394025606
0.15920341394025606
0.15926031294452347
0.15937411095305834
0.15937411095305834
0.15937411095305834
0.15948790896159318
0.15948790896159318
0.1595448079658606
0.1595448079658606
0.15960170697012804
0.15960170697012804
0.15960170697012804
0.15960170697012804
0.15960170697012804
0.15965860597439546
0.15965860597439546
0.15965860597439546
0.15971550497866288
0.15982930298719772
0.15982930298719772
0.15982930298719772
0.15982930298719772
0.15982930298719772
0.16
0.16011379800853484
0.1601706970128023
0.1601706970128023
0.1602275960170697
0.1602275960170697
0.1602275960170697
0.1602275960170697
0.1602275960170697
0.16028449502133713
0.16034139402560454
0.16034139402560454
0.16034139402560454
0.16034139402560454
0.16034139402560454
0.16034139402560454
0.16034139402560454
0.16039829302987196
0.16039829302987196
0.16039829302987196
0.16039829302987196
0.16039829302987196
0.1604551920341394
0.16051209103840683
0.16051209103840683
0.16051209103840683
0.16056899004267428
0.16056899004267428
0.1606827880512091
0.1606827880512091
0.16073968705547653
0.16073968705547653
0.16073968705547653
0.16073968705547653
0.16073968705547653
0.16073968705547653
0.16073968705547653
0.16079658605974398
0.16079658605974398
0.16079658605974398
0.1608534850640114
0.1608534850640114
0.1608534850640114
0.16091038406827882
0.16102418207681365
0.1610810810810811
0.16113798008534852
0.16113798008534852
0.16113798008534852
0.16113798008534852
0.16113798008534852
0.16119487908961594
0.16119487908961594
0.16119487908961594
0.16119487908961594
0.16119487908961594
0.16119487908961594
0.16119487908961594
0.16125177809388336
0.16125177809388336
0.16125177809388336
0.16125177809388336
0.16125177809388336
0.16125177809388336
0.16125177809388336
0.16125177809388336
0.16130867709815078
0.16136557610241822
0.16136557610241822
0.16136557610241822
0.16136557610241822
0.16136557610241822
0.16136557610241822
0.16136557610241822
0.16136557610241822
0.16136557610241822
0.16136557610241822
0.16142247510668564
0.16147937411095306
0.16147937411095306
0.16147937411095306
0.16147937411095306
0.16147937411095306
0.16147937411095306
0.16147937411095306
0.16153627311522048
0.16153627311522048
0.16153627311522048
0.16153627311522048
0.16153627311522048
0.16153627311522048
0.1615931721194879
0.1615931721194879
0.1615931721194879
0.1615931721194879
0.1615931721194879
0.1615931721194879
0.16165007112375535
0.16165007112375535
0.16165007112375535
0.16165007112375535
0.16165007112375535
0.16165007112375535
0.16165007112375535
0.16170697012802276
0.16176386913229018
0.16176386913229018
0.16176386913229018
0.16176386913229018
0.16176386913229018
0.1618207681365576
0.1618207681365576
0.16187766714082502
0.16193456614509247
0.1619914651493599
0.1619914651493599
0.1619914651493599
0.1619914651493599
0.1619914651493599
0.1619914651493599
0.1620483641536273
0.1620483641536273
0.1620483641536273
0.1620483641536273
0.1620483641536273
0.1620483641536273
0.1620483641536273
0.1620483641536273
0.1620483641536273
0.1620483641536273
0.16210526315789472
0.16210526315789472
0.16210526315789472
0.16216216216216214
0.16216216216216214
0.16221906116642962
0.16238975817923187
0.16238975817923187
0.16238975817923187
0.16238975817923187
0.16238975817923187
0.16238975817923187
0.16238975817923187
0.16238975817923187
0.16238975817923187
0.1624466571834993
0.1624466571834993
0.1624466571834993
0.1624466571834993
0.1624466571834993
0.1624466571834993
0.1624466571834993
0.1624466571834993
0.1624466571834993
0.1624466571834993
0.16250355618776674
0.16250355618776674
0.16250355618776674
0.16250355618776674
0.16250355618776674
0.16250355618776674
0.16250355618776674
0.16250355618776674
0.16250355618776674
0.16256045519203416
0.16256045519203416
0.16256045519203416
0.16256045519203416
0.16256045519203416
0.16256045519203416
0.16256045519203416
0.16256045519203416
0.16261735419630158
0.16273115220483642
0.16278805120910386
0.16284495021337128
0.1629018492176387
0.1629018492176387
0.1629018492176387
0.16295874822190612
0.16295874822190612
0.16295874822190612
0.16301564722617354
0.16301564722617354
0.1631294452347084
0.1631294452347084
0.1631294452347084
0.1631294452347084
0.16318634423897582
0.16318634423897582
0.16324324324324324
0.16324324324324324
0.16324324324324324
0.16324324324324324
0.16324324324324324
0.16324324324324324
0.16324324324324324
0.16324324324324324
0.16324324324324324
0.16330014224751066
0.1633570412517781
0.1633570412517781
0.1633570412517781
0.1633570412517781
0.16341394025604553
0.16347083926031294
0.16347083926031294
0.16347083926031294
0.16347083926031294
0.16347083926031294
0.16347083926031294
0.16347083926031294
0.16358463726884778
0.16358463726884778
0.16358463726884778
0.16364153627311523
0.16364153627311523
0.16364153627311523
0.16364153627311523
0.16364153627311523
0.16369843527738265
0.16369843527738265
0.16375533428165007
0.16381223328591749
0.16381223328591749
0.1638691322901849
0.1638691322901849
0.16392603129445238
0.16392603129445238
0.16392603129445238
0.16392603129445238
0.1639829302987198
0.1639829302987198
0.1639829302987198
0.16403982930298722
0.16403982930298722
0.16403982930298722
0.16409672830725464
0.16409672830725464
0.16409672830725464
0.16409672830725464
0.16409672830725464
0.16409672830725464
0.16409672830725464
0.16409672830725464
0.16409672830725464
0.16409672830725464
0.16409672830725464
0.16409672830725464
0.16415362731152205
0.16415362731152205
0.16415362731152205
0.16415362731152205
0.16415362731152205
0.16415362731152205
0.16415362731152205
0.1642105263157895
0.1642105263157895
0.1642105263157895
0.1642105263157895
0.1642105263157895
0.1642105263157895
0.16426742532005692
0.16426742532005692
0.16426742532005692
0.16426742532005692
0.16426742532005692
0.16426742532005692
0.16426742532005692
0.16432432432432434
0.16432432432432434
0.16438122332859176
0.16443812233285918
0.16443812233285918
0.16449502133712662
0.16449502133712662
0.16449502133712662
0.16449502133712662
0.16449502133712662
0.16449502133712662
0.16455192034139404
0.16455192034139404
0.16455192034139404
0.16455192034139404
0.16455192034139404
0.16460881934566146
0.16460881934566146
0.16460881934566146
0.16466571834992888
0.16466571834992888
0.16466571834992888
0.16466571834992888
0.1647226173541963
0.16477951635846375
0.16477951635846375
0.16477951635846375
0.16477951635846375
0.16477951635846375
0.16477951635846375
0.16477951635846375
0.16477951635846375
0.16483641536273116
0.16483641536273116
0.16483641536273116
0.16489331436699858
0.16489331436699858
0.164950213371266
0.164950213371266
0.16500711237553342
0.16500711237553342
0.16500711237553342
0.16500711237553342
0.16500711237553342
0.16500711237553342
0.16500711237553342
0.16500711237553342
0.16500711237553342
0.16500711237553342
0.16500711237553342
0.16500711237553342
0.16500711237553342
0.16500711237553342
0.16500711237553342
0.16500711237553342
0.16500711237553342
0.16500711237553342
0.16500711237553342
0.16506401137980087
0.16506401137980087
0.16506401137980087
0.16506401137980087
0.16506401137980087
0.16506401137980087
0.16506401137980087
0.16506401137980087
0.16506401137980087
0.16506401137980087
0.16506401137980087
0.16506401137980087
0.16506401137980087
0.16506401137980087
0.1651209103840683
0.1651209103840683
0.1651209103840683
0.1651209103840683
0.1651209103840683
0.1651209103840683
0.1651209103840683
0.1651209103840683
0.1651209103840683
0.1651209103840683
0.1651209103840683
0.1651209103840683
0.1651209103840683
0.1651209103840683
0.1651209103840683
0.1651209103840683
0.1651209103840683
0.1651209103840683
0.1651778093883357
0.1651778093883357
0.1651778093883357
0.16529160739687054
0.16529160739687054
0.16529160739687054
0.16529160739687054
0.165348506401138
0.165348506401138
0.165348506401138
0.165348506401138
0.165348506401138
0.165348506401138
0.1654054054054054
0.1654054054054054
0.1654054054054054
0.1654054054054054
0.1654054054054054
0.1654054054054054
0.1654054054054054
0.1654054054054054
0.1654054054054054
0.1654054054054054
0.1654054054054054
0.16546230440967283
0.16546230440967283
0.16546230440967283
0.16546230440967283
0.16546230440967283
0.16546230440967283
0.16546230440967283
0.1655761024182077
0.1655761024182077
0.1655761024182077
0.1655761024182077
0.1656330014224751
0.1656330014224751
0.1656330014224751
0.1656330014224751
0.1656330014224751
0.1656330014224751
0.16568990042674256
0.16568990042674256
0.16568990042674256
0.16568990042674256
0.16568990042674256
0.16574679943100998
0.1658036984352774
0.1658036984352774
0.1658036984352774
0.16586059743954482
0.16591749644381223
0.1660312944523471
0.1660312944523471
0.1660312944523471
0.16608819345661452
0.16608819345661452
0.16608819345661452
0.16608819345661452
0.16608819345661452
0.16614509246088194
0.16614509246088194
0.16614509246088194
0.16614509246088194
0.16614509246088194
0.16614509246088194
0.16620199146514936
0.1662588904694168
0.1662588904694168
0.16631578947368422
0.16631578947368422
0.16631578947368422
0.16631578947368422
0.16631578947368422
0.16631578947368422
0.16631578947368422
0.16631578947368422
0.16637268847795164
0.16642958748221906
0.16642958748221906
0.16642958748221906
0.16648648648648648
0.16648648648648648
0.16648648648648648
0.16648648648648648
0.16648648648648648
0.16648648648648648
0.16648648648648648
0.16648648648648648
0.16654338549075393
0.16654338549075393
0.16654338549075393
0.16654338549075393
0.16654338549075393
0.16654338549075393
0.16654338549075393
0.16654338549075393
0.16654338549075393
0.16654338549075393
0.16654338549075393
0.16654338549075393
0.16654338549075393
0.16654338549075393
0.16654338549075393
0.16660028449502134
0.16665718349928876
0.16665718349928876
0.16665718349928876
0.16665718349928876
0.16671408250355618
0.1667709815078236
0.16682788051209105
0.16682788051209105
0.16682788051209105
0.16682788051209105
0.16682788051209105
0.16682788051209105
0.16682788051209105
0.16682788051209105
0.16682788051209105
0.16682788051209105
0.16688477951635847
0.16688477951635847
0.16688477951635847
0.16688477951635847
0.16688477951635847
0.16688477951635847
0.16688477951635847
0.16688477951635847
0.16688477951635847
0.16688477951635847
0.16688477951635847
0.16688477951635847
0.16688477951635847
0.16688477951635847
0.16688477951635847
0.16694167852062589
0.1669985775248933
0.1669985775248933
0.1669985775248933
0.16705547652916072
0.16705547652916072
0.16705547652916072
0.16705547652916072
0.16711237553342817
0.1671692745376956
0.16722617354196304
0.16722617354196304
0.16722617354196304
0.16722617354196304
0.16722617354196304
0.16722617354196304
0.16722617354196304
0.16722617354196304
0.16728307254623045
0.16728307254623045
0.16728307254623045
0.16728307254623045
0.16728307254623045
