0.0024719928469994212
0.012044390680061011
0.030873612791248093
0.0430231946562878
0.04859832746015884
0.05370009993162573
0.056855835480986695
0.05917004155051807
0.0609056961026666
0.06311471098721927
0.06437700520696366
0.06611265975911218
0.06758533634881397
0.06884763056855836
0.06984694682585599
0.07079366749066428
0.07179298374796192
0.07252932204281282
0.07331825593015305
0.07405459422500395
0.07479093251985483
0.07531688844474833
0.07594803555462053
0.07668437384947141
0.07736811655183295
0.07789407247672644
0.0783674328091306
0.0786830063640667
0.07920896228896018
0.07952453584389628
0.07962972702887498
0.08015568295376847
0.08094461684110872
0.08152316835849156
0.08194393309840635
0.0823121022458318
0.0826276758007679
0.08294324935570399
0.08331141850312944
0.08362699205806554
0.08425813916793773
0.08446852153789512
0.08467890390785252
0.08509966864776732
0.08531005101772471
0.08557302898017147
0.08567822016515016
0.08567822016515016
0.08599379372008625
0.0860463893125756
0.08620417609004366
0.08651974964497976
0.0869931099773839
0.0870983011623626
0.08730868353231999
0.08746647030978803
0.08762425708725609
0.08793983064219218
0.08820280860463893
0.08830799978961763
0.08851838215957503
0.08883395571451112
0.08888655130700047
0.08893914689948983
0.08920212486193657
0.08946510282438332
0.08988586756429812
0.09014884552674486
0.09046441908168096
0.090622205859149
0.09099037500657445
0.0911481617840425
0.0913585441539999
0.0914637353389786
0.09151633093146794
0.09172671330142534
0.09193709567138274
0.09204228685636144
0.09214747804134013
0.09225266922631883
0.09262083837374428
0.09283122074370168
0.09309419870614842
0.09335717666859517
0.09367275022353126
0.09393572818597802
0.09409351496344606
0.09440908851838216
0.09451427970336086
0.09461947088833955
0.09493504444327565
0.0950928312207437
0.09514542681323306
0.09551359596065849
0.09577657392310525
0.09588176510808394
0.09593436070057329
0.09609214747804135
0.09640772103297744
0.09667069899542419
0.09677589018040288
0.09703886814284964
0.09724925051280703
0.09740703729027507
0.09767001525272183
0.09788039762267922
0.09793299321516857
0.09798558880765793
0.09814337558512597
0.09824856677010467
0.09835375795508336
0.09835375795508336
0.09840635354757271
0.09851154473255141
0.09872192710250881
0.09898490506495555
0.09930047861989165
0.0995634565823384
0.09961605217482775
0.0996686477673171
0.09993162572976384
0.10014200809972125
0.10035239046967864
0.10051017724714668
0.10087834639457213
0.10098353757955084
0.10124651554199758
0.10135170672697628
0.10150949350444433
0.10161468468942303
0.10182506705938042
0.10193025824435913
0.10224583179929522
0.10245621416925262
0.10256140535423132
0.10266659653921001
0.10282438331667806
0.10303476568663546
0.10319255246410351
0.1034029348340609
0.1036133172040183
0.10366591279650765
0.1038236995739757
0.10387629516646504
0.10387629516646504
0.10419186872140114
0.10440225109135855
0.1044548466838479
0.1044548466838479
0.10456003786882659
0.10461263346131594
0.10471782464629464
0.104770420238784
0.104770420238784
0.10498080260874139
0.10513858938620943
0.10524378057118813
0.10534897175616684
0.10540156734865619
0.10545416294114553
0.10550675853363488
0.10555935412612423
0.10566454531110293
0.10576973649608162
0.10608531005101772
0.10613790564350707
0.10629569242097513
0.10645347919844317
0.10655867038342187
0.10661126597591122
0.10682164834586862
0.10697943512333666
0.10703203071582601
0.10708462630831536
0.10713722190080471
0.1073476042707621
0.10750539104823016
0.10761058223320885
0.10771577341818755
0.1079787513806343
0.10824172934308104
0.10834692052805975
0.10855730289801714
0.10860989849050649
0.1087150896754852
0.10876768526797455
0.10876768526797455
0.10892547204544259
0.10892547204544259
0.10903066323042129
0.10924104560037869
0.10939883237784674
0.10950402356282543
0.10955661915531478
0.10960921474780413
0.10976700152527218
0.10992478830274023
0.11002997948771893
0.11013517067269762
0.11018776626518698
0.11024036185767633
0.11024036185767633
0.11034555304265503
0.11050333982012307
0.11060853100510178
0.11081891337505917
0.11092410456003787
0.11097670015252722
0.11108189133750591
0.11118708252248462
0.11129227370746332
0.11134486929995266
0.11134486929995266
0.11145006048493136
0.11155525166991007
0.11160784726239942
0.11166044285488876
0.11176563403986746
0.1119234208173355
0.1120286120023142
0.1120286120023142
0.11213380318729291
0.11218639877978226
0.112449376742229
0.11250197233471836
0.11260716351969705
0.1126597591121864
0.11271235470467575
0.11281754588965445
0.11292273707463314
0.11302792825961185
0.11329090622205859
0.1133960974070373
0.11355388418450534
0.11376426655446274
0.11376426655446274
0.11397464892442014
0.11407984010939884
0.11418503129437753
0.11434281807184558
0.11439541366433494
0.11439541366433494
0.11450060484931363
0.11465839162678168
0.11481617840424972
0.11492136958922843
0.11492136958922843
0.11502656077420712
0.11518434755167517
0.11539472992163256
0.11549992110661127
0.11555251669910062
0.11565770788407931
0.11586809025403672
0.11592068584652607
0.1159732814390154
0.11613106821648346
0.11623625940146216
0.11623625940146216
0.11644664177141956
0.11649923736390891
0.11655183295639826
0.11655183295639826
0.11655183295639826
0.11665702414137695
0.1167096197338663
0.11676221532635565
0.11686740651133436
0.1170251932888024
0.11718298006627044
0.11718298006627044
0.11728817125124914
0.11739336243622785
0.11755114921369589
0.11765634039867459
0.1177615315836533
0.11797191395361069
0.11807710513858939
0.11818229632356808
0.11839267869352549
0.11839267869352549
0.11844527428601483
0.11865565665597223
0.11865565665597223
0.11876084784095092
0.11881344343344027
0.11886603902592963
0.11897123021090833
0.11907642139588702
0.11928680376584443
0.11944459054331247
0.11944459054331247
0.11954978172829117
0.11970756850575921
0.11981275969073792
0.11981275969073792
0.11986535528322727
0.11991795087571662
0.11991795087571662
0.12002314206069531
0.12023352443065272
0.1203387156156314
0.12049650239309946
0.12054909798558881
0.12054909798558881
0.1206542891705675
0.1207594803555462
0.12091726713301425
0.1209698627255036
0.12102245831799295
0.121180245095461
0.12133803187292905
0.1213906274654184
0.1214958186503971
0.12160100983537579
0.12165360542786514
0.1217062010203545
0.12175879661284385
0.12202177457529059
0.12207437016777994
0.1221269657602693
0.12217956135275863
0.12217956135275863
0.12238994372271604
0.12249513490769473
0.12254773050018408
0.12254773050018408
0.12260032609267343
0.12265292168516279
0.12275811287014148
0.12286330405512018
0.12291589964760953
0.12302109083258823
0.12307368642507757
0.12312628201756692
0.12323147320254563
0.12333666438752433
0.12344185557250302
0.12349445116499237
0.12365223794246043
0.12386262031241782
0.12396781149739652
0.12412559827486457
0.12417819386735392
0.12433598064482196
0.12438857623731131
0.12459895860726872
0.12475674538473676
0.12480934097722611
0.12491453216220481
0.1250197233471835
0.1250197233471835
0.1252301057171409
0.12533529690211961
0.1254404880870983
0.125545679272077
0.125545679272077
0.125545679272077
0.125545679272077
0.12559827486456634
0.1257560616420344
0.12580865723452375
0.1258612528270131
0.1259664440119918
0.12607163519697048
0.12607163519697048
0.1261768263819492
0.12622942197443854
0.12633461315941724
0.1263872087519066
0.1263872087519066
0.12643980434439595
0.1264923999368853
0.12654499552937465
0.126597591121864
0.12665018671435332
0.12665018671435332
0.12670278230684268
0.12680797349182138
0.12686056908431073
0.1270183558617788
0.1271235470467575
0.12717614263924684
0.1272287382317362
0.1272287382317362
0.12728133382422552
0.12728133382422552
0.12754431178667228
0.12754431178667228
0.12759690737916163
0.12775469415662968
0.12780728974911904
0.12780728974911904
0.12796507652658706
0.12796507652658706
0.12812286330405512
0.12828065008152317
0.12833324567401252
0.12838584126650188
0.1285436280439699
0.12859622363645926
0.1287540104139273
0.12885920159890601
0.12891179719139537
0.12912217956135275
0.1291747751538421
0.1291747751538421
0.12933256193131015
0.1293851575237995
0.1294903487087782
0.1294903487087782
0.12964813548624626
0.12964813548624626
0.12964813548624626
0.12964813548624626
0.1298059222637143
0.129911113448693
0.129911113448693
0.12996370904118235
0.13017409141113975
0.13038447378109713
0.13043706937358648
0.13043706937358648
0.1305422605585652
0.13059485615105454
0.1306474517435439
0.1307526429285226
0.1308578341135013
0.13096302529847997
0.13101562089096933
0.13112081207594803
0.13117340766843738
0.13117340766843738
0.13122600326092673
0.13127859885341608
0.13133119444590544
0.13143638563088414
0.13143638563088414
0.13143638563088414
0.13143638563088414
0.13164676800084152
0.13169936359333087
0.13169936359333087
0.13185715037079893
0.13190974596328828
0.13196234155577763
0.13196234155577763
0.13212012833324568
0.13217272392573504
0.13217272392573504
0.13222531951822436
0.1322779151107137
0.1322779151107137
0.13238310629569242
0.13243570188818177
0.13254089307316047
0.13259348866564982
0.13269867985062853
0.13275127544311788
0.13280387103560723
0.1329090622205859
0.13296165781307526
0.1330142534055646
0.13322463577552202
0.13332982696050072
0.13338242255299007
0.13343501814547942
0.13359280492294745
0.1336454005154368
0.1337505917004155
0.1338557828853942
0.13390837847788356
0.13390837847788356
0.1339609740703729
0.13401356966286226
0.1340661652553516
0.1341713564403303
0.13422395203281964
0.134276547625309
0.13432914321779835
0.13432914321779835
0.13432914321779835
0.1343817388102877
0.13453952558775575
0.13453952558775575
0.13464471677273446
0.13469731236522378
0.13474990795771313
0.13485509914269184
0.1349076947351812
0.1349076947351812
0.1349076947351812
0.1350128859201599
0.1350128859201599
0.13506548151264924
0.1351180771051386
0.1352232682901173
0.13527586388260665
0.13527586388260665
0.13532845947509597
0.13538105506758533
0.13548624625256403
0.13564403303003209
0.1357492242150108
0.13595960658496817
0.13601220217745752
0.13606479776994687
0.13611739336243622
0.13622258454741493
0.13632777573239363
0.13632777573239363
0.13638037132488298
0.13648556250986169
0.13648556250986169
0.13648556250986169
0.13648556250986169
0.13648556250986169
0.136538158102351
0.13659075369484036
0.1366433492873297
0.13669594487981906
0.13674854047230842
0.13680113606479777
0.13685373165728712
0.13701151843475518
0.1371693052122232
0.13722190080471255
0.13722190080471255
0.13722190080471255
0.13732709198969126
0.13732709198969126
0.13743228317466996
0.13743228317466996
0.1374848787671593
0.13753747435964866
0.13753747435964866
0.13753747435964866
0.13764266554462737
0.13764266554462737
0.13769526113711672
0.1378004523220954
0.1378004523220954
0.13785304791458475
0.13785304791458475
0.13785304791458475
0.1379056435070741
0.13795823909956345
0.13795823909956345
0.13795823909956345
0.13795823909956345
0.1380108346920528
0.1381160258770315
0.1382212170620102
0.13827381265449956
0.13827381265449956
0.1383264082469889
0.1384315994319676
0.13858938620943564
0.138641981801925
0.1387471729869037
0.13879976857939305
0.13890495976437175
0.1389575553568611
0.1389575553568611
0.13901015094935043
0.13906274654183978
0.13922053331930784
0.1393783200967759
0.1393783200967759
0.13953610687424395
0.13964129805922262
0.13969389365171198
0.13979908483669068
0.13990427602166938
0.13995687161415873
0.13995687161415873
0.1401146583916268
0.1402198495766055
0.1402198495766055
0.14037763635407352
0.14043023194656287
0.14069320990900963
0.1408509966864777
0.140903592278967
0.1410087834639457
0.14111397464892442
0.14121916583390312
0.14121916583390312
0.14127176142639247
0.14132435701888182
0.14137695261137118
0.14142954820386053
0.14142954820386053
0.14142954820386053
0.14148214379634988
0.14158733498132856
0.14158733498132856
0.14158733498132856
0.14158733498132856
0.1416399305738179
0.14169252616630726
0.14169252616630726
0.14169252616630726
0.14169252616630726
0.14169252616630726
0.1417451217587966
0.1417451217587966
0.14179771735128596
0.14185031294377531
0.14185031294377531
0.14185031294377531
0.14185031294377531
0.14190290853626467
0.14190290853626467
0.14190290853626467
0.14200809972124337
0.14206069531373272
0.14211329090622205
0.14232367327617945
0.1423762688686688
0.1423762688686688
0.1423762688686688
0.14242886446115816
0.1424814600536475
0.14253405564613686
0.14253405564613686
0.14253405564613686
0.14253405564613686
0.1425866512386262
0.1429022247935623
0.1429022247935623
0.14295482038605165
0.143007415978541
0.14306001157103035
0.1431126071635197
0.1432177983484984
0.1432177983484984
0.1432177983484984
0.1433229895334771
0.1433229895334771
0.14342818071845578
0.14348077631094514
0.14348077631094514
0.1435333719034345
0.1435333719034345
0.14358596749592384
0.14369115868090254
0.1437437542733919
0.1438489454583706
0.14390154105085995
0.14400673223583862
0.14400673223583862
0.14400673223583862
0.14400673223583862
0.14405932782832798
0.14421711460579603
0.14421711460579603
0.14426971019828538
0.14432230579077474
0.1443749013832641
0.14442749697575344
0.14442749697575344
0.1444800925682428
0.14463787934571082
0.14479566612317887
0.14484826171566823
0.14484826171566823
0.14484826171566823
0.14500604849313628
0.14511123967811498
0.14516383527060434
0.14516383527060434
0.14516383527060434
0.14521643086309366
0.145269026455583
0.145269026455583
0.145269026455583
0.14542681323305107
0.14542681323305107
0.14542681323305107
0.14547940882554042
0.14547940882554042
0.14553200441802977
0.14568979119549783
0.14579498238047653
0.14584757797296585
0.14595276915794456
0.14605796034292326
0.14621574712039132
0.14621574712039132
0.14626834271288067
0.14632093830537002
0.14642612949034872
0.14647872508283805
0.14647872508283805
0.1465313206753274
0.1465313206753274
0.1466365118603061
0.14668910745279545
0.14668910745279545
0.1467417030452848
0.1468468942302635
0.1469520854152422
0.14705727660022092
0.14710987219271024
0.14721506337768894
0.1472676589701783
0.14732025456266765
0.14732025456266765
0.14732025456266765
0.14742544574764635
0.1474780413401357
0.14753063693262505
0.14753063693262505
0.14753063693262505
0.1475832325251144
0.14763582811760376
0.14763582811760376
0.14768842371009308
0.14774101930258243
0.14779361489507178
0.14779361489507178
0.14784621048756114
0.14784621048756114
0.14784621048756114
0.14784621048756114
0.14784621048756114
0.14795140167253984
0.14795140167253984
0.14795140167253984
0.1480039972650292
0.14805659285751854
0.14816178404249725
0.14816178404249725
0.14826697522747595
0.14826697522747595
0.14831957081996527
0.14837216641245463
0.14837216641245463
0.14842476200494398
0.14842476200494398
0.14852995318992268
0.1487403355598801
0.1488455267448588
0.14895071792983747
0.14895071792983747
0.14905590911481617
0.14905590911481617
0.14910850470730552
0.14921369589228423
0.14937148266975228
0.14942407826224163
0.14947667385473098
0.14958186503970966
0.14968705622468836
0.14973965181717772
0.14979224740966707
0.14984484300215642
0.14984484300215642
0.14984484300215642
0.14995003418713512
0.15005522537211383
0.15005522537211383
0.15010782096460318
0.15010782096460318
0.15021301214958185
0.15021301214958185
0.1502656077420712
0.1502656077420712
0.1502656077420712
0.15042339451953926
0.15042339451953926
0.15052858570451796
0.15058118129700732
0.15063377688949667
0.15068637248198602
0.15068637248198602
0.15068637248198602
0.15073896807447537
0.15084415925945405
0.15084415925945405
0.15084415925945405
0.15084415925945405
0.15094935044443275
0.15105454162941145
0.15115973281439016
0.15115973281439016
0.1513175195918582
0.1513175195918582
0.15137011518434756
0.1514227107768369
0.1514227107768369
0.1515279019618156
0.15168568873928365
0.15179087992426235
0.1518434755167517
0.15189607110924105
0.15200126229421976
0.15205385788670908
0.15231683584915584
0.15231683584915584
0.15231683584915584
0.15231683584915584
0.15231683584915584
0.1524746226266239
0.1524746226266239
0.15252721821911325
0.1525798138116026
0.1525798138116026
0.15263240940409192
0.15273760058907063
0.15279019618155998
0.15279019618155998
0.15284279177404933
0.15294798295902803
0.15300057855151739
0.15305317414400674
0.1531057697364961
0.1531057697364961
0.15315836532898544
0.15315836532898544
0.1532109609214748
0.15326355651396412
0.15326355651396412
0.15331615210645347
0.15331615210645347
0.15336874769894282
0.15342134329143217
0.15347393888392152
0.15347393888392152
0.15347393888392152
0.15357913006890023
0.15357913006890023
0.15357913006890023
0.15363172566138958
0.15363172566138958
0.15368432125387893
0.15378951243885763
0.15378951243885763
0.15378951243885763
0.1538947036238363
0.1538947036238363
0.15394729921632566
0.153999894808815
0.153999894808815
0.153999894808815
0.153999894808815
0.153999894808815
0.153999894808815
0.153999894808815
0.153999894808815
0.15405249040130436
0.15410508599379372
0.15426287277126177
0.15436806395624048
0.15442065954872983
0.15447325514121918
0.1545258507337085
0.1545258507337085
0.1545258507337085
0.15457844632619785
0.15457844632619785
0.15457844632619785
0.15457844632619785
0.1546310419186872
0.15468363751117656
0.1547362331036659
0.1547362331036659
0.1548414242886446
0.15499921106611267
0.15505180665860202
0.15510440225109137
0.15510440225109137
0.15510440225109137
0.1551569978435807
0.15520959343607005
0.15531478462104875
0.1554725713985168
0.15552516699100616
0.15552516699100616
0.15552516699100616
0.1556829537684742
0.15584074054594224
0.15594593173092094
0.15594593173092094
0.1559985273234103
0.1559985273234103
0.156103718508389
0.15615631410087835
0.1562089096933677
0.15626150528585706
0.15626150528585706
0.15641929206332508
0.1565244832483038
0.15657707884079314
0.15657707884079314
0.15657707884079314
0.15657707884079314
0.15657707884079314
0.1568400568032399
0.15689265239572925
0.1569452479882186
0.1569452479882186
0.1569452479882186
0.15705043917319728
0.15710303476568663
0.15715563035817598
0.15726082154315468
0.1573660127281334
0.15741860832062274
0.1574712039131121
0.1574712039131121
0.1574712039131121
0.1574712039131121
0.15752379950560144
0.1575763950980908
0.1575763950980908
0.1575763950980908
0.1575763950980908
0.1575763950980908
0.15762899069058012
0.15762899069058012
0.15762899069058012
0.15778677746804817
0.15778677746804817
0.15778677746804817
0.15778677746804817
0.15789196865302688
0.15789196865302688
0.15804975543049493
0.15810235102298428
0.1582601378004523
0.15831273339294166
0.15836532898543101
0.15841792457792037
0.15852311576289907
0.15852311576289907
0.15857571135538842
0.15857571135538842
0.15862830694787777
0.15862830694787777
0.15862830694787777
0.15868090254036712
0.15868090254036712
0.15873349813285648
0.15878609372534583
0.1588912849103245
0.15894388050281386
0.1589964760953032
0.1589964760953032
0.15904907168779256
0.15904907168779256
0.15904907168779256
0.15904907168779256
0.15904907168779256
0.1591016672802819
0.1591016672802819
0.15920685846526061
0.15925945405774997
0.15931204965023932
0.15936464524272867
0.15946983642770735
0.15957502761268605
0.15957502761268605
0.1596276232051754
0.1596276232051754
0.15968021879766475
0.15968021879766475
0.15968021879766475
0.1597328143901541
0.15978540998264346
0.15989060116762216
0.1599431967601115
0.16004838794509021
0.16004838794509021
0.16010098353757954
0.1601535791300689
0.16020617472255824
0.16020617472255824
0.16020617472255824
0.16020617472255824
0.1602587703150476
0.16031136590753695
0.16031136590753695
0.1603639615000263
0.16041655709251565
0.1605743438699837
0.1605743438699837
0.16062693946247306
0.16062693946247306
0.16062693946247306
0.16062693946247306
0.1606795350549624
0.1606795350549624
0.1606795350549624
0.1606795350549624
0.1606795350549624
0.16078472623994108
0.16078472623994108
0.16078472623994108
0.16078472623994108
