0.06947877767843055
0.08094461684110872
0.08783463945721348
0.09230526481880819
0.09588176510808394
0.09877452269499816
0.10061536843212539
0.10235102298427391
0.10456003786882659
0.10640088360595382
0.10834692052805975
0.10960921474780413
0.11113448692999527
0.11281754588965445
0.11429022247935623
0.11576289906905801
0.1173407668437385
0.11860306106348288
0.11933939935833378
0.12018092883816336
0.1213906274654184
0.12238994372271604
0.12328406879503498
0.12396781149739652
0.12475674538473676
0.12549308367958764
0.12612423078945983
0.12680797349182138
0.12749171619418292
0.12780728974911904
0.12822805448903382
0.12859622363645926
0.12964813548624626
0.13006890022616105
0.13091042970599065
0.1313837900383948
0.13180455477830957
0.13212012833324568
0.13285646662809655
0.13369799610792615
0.13401356966286226
0.1344869299952664
0.13464471677273446
0.1351180771051386
0.13548624625256403
0.13611739336243622
0.13674854047230842
0.1374848787671593
0.13785304791458475
0.1382212170620102
0.138641981801925
0.13911534213432913
0.1393783200967759
0.13990427602166938
0.14037763635407352
0.14069320990900963
0.14095618787145636
0.14132435701888182
0.1417451217587966
0.14206069531373272
0.14263924683111556
0.14327039394098776
0.14400673223583862
0.14442749697575344
0.14484826171566823
0.14505864408562563
0.14542681323305107
0.14558460001051912
0.14574238678798718
0.14616315152790196
0.14632093830537002
0.14689948982275286
0.14721506337768894
0.14753063693262505
0.14779361489507178
0.14795140167253984
0.14852995318992268
0.1487403355598801
0.14889812233734814
0.14916110029979487
0.14921369589228423
0.14952926944722034
0.14995003418713512
0.15000262977962447
0.15021301214958185
0.1504759901120286
0.15073896807447537
0.15094935044443275
0.15105454162941145
0.15137011518434756
0.15147530636932624
0.151738284331773
0.15210645347919843
0.1522642402566665
0.1525798138116026
0.15305317414400674
0.1532109609214748
0.15347393888392152
0.15363172566138958
0.15384210803134699
0.1538947036238363
0.15426287277126177
0.15436806395624048
0.1545258507337085
0.15457844632619785
0.15489401988113397
0.15510440225109137
0.15520959343607005
0.15584074054594224
0.1559985273234103
0.1562089096933677
0.15636669647083573
0.15647188765581443
0.15668227002577184
0.15689265239572925
0.15705043917319728
0.15715563035817598
0.1575763950980908
0.15783937306053752
0.15789196865302688
0.15799715983800558
0.1582601378004523
0.15836532898543101
0.15852311576289907
0.15904907168779256
0.15915426287277126
0.15925945405774997
0.15936464524272867
0.15968021879766475
0.1598380055751328
0.16010098353757954
0.1602587703150476
0.16031136590753695
0.1605743438699837
0.16073213064745173
0.16094251301740914
0.1612054909798559
0.16125808657234525
0.16141587334981328
0.16167885131226004
0.1617314469047494
0.16194182927470677
0.16209961605217482
0.16236259401462158
0.16252038079208964
0.16267816756955766
0.16283595434702572
0.16288854993951507
0.16294114553200442
0.16304633671698313
0.1632567190869405
0.1633619102719192
0.16357229264187662
0.16367748382685532
0.16373007941934467
0.163782675011834
0.16383527060432335
0.16383527060432335
0.16394046178930205
0.16404565297428075
0.16415084415925946
0.1644138221217062
0.1644138221217062
0.16457160889917424
0.16467680008415295
0.1647293956766423
0.1647293956766423
0.16488718245411035
0.16509756482406773
0.16515016041655708
0.1652553516015358
0.1653605427865145
0.1653605427865145
0.16551832956398255
0.16572871193393993
0.16588649871140798
0.16593909430389733
0.16599168989638668
0.1660968810813654
0.1662020722663441
0.1662020722663441
0.16630726345132277
0.16651764582128017
0.16662283700625888
0.16678062378372693
0.16678062378372693
0.16693841056119496
0.1669910061536843
0.16709619733866302
0.16720138852364172
0.16725398411613107
0.16730657970862042
0.16730657970862042
0.16741177089359913
0.1675169620785778
0.1676221532635565
0.16777994004102456
0.1678325356335139
0.16793772681849262
0.16809551359596067
0.1682533003734287
0.1682533003734287
0.16851627833587546
0.1685688739283648
0.1686740651133435
0.16872666070583286
0.1688844474833009
0.1688844474833009
0.16904223426076895
0.1690948298532583
0.169200021038237
0.169200021038237
0.1693052122232157
0.16946299900068373
0.1696207857781518
0.1697259769631305
0.1697259769631305
0.1697259769631305
0.1697259769631305
0.16977857255561984
0.1699363593330879
0.16998895492557722
0.17004155051806658
0.17030452848051333
0.17035712407300269
0.17051491085047074
0.17062010203544942
0.17077788881291747
0.17093567559038553
0.17098827118287488
0.17104086677536423
0.17104086677536423
0.17114605796034293
0.17114605796034293
0.1711986535528323
0.1713564403303003
0.17146163151527902
0.17156682270025772
0.17161941829274707
0.17177720507021513
0.17182980066270445
0.17193499184768316
0.1719875874401725
0.1720927786251512
0.17214537421764056
0.17214537421764056
0.17225056540261927
0.17230316099510862
0.17230316099510862
0.17230316099510862
0.17235575658759797
0.17235575658759797
0.17246094777257664
0.17256613895755535
0.17256613895755535
0.1726187345500447
0.17277652132751276
0.17277652132751276
0.1728291169200021
0.1728291169200021
0.17288171251249146
0.17303949928995951
0.17319728606742754
0.1732498816599169
0.17330247725240625
0.17330247725240625
0.17340766843738495
0.17340766843738495
0.17340766843738495
0.17340766843738495
0.17351285962236365
0.1736706463998317
0.1736706463998317
0.17377583758481038
0.17377583758481038
0.17393362436227844
0.1739862199547678
0.1740914111397465
0.1740914111397465
0.17414400673223585
0.17414400673223585
0.17424919791721455
0.17424919791721455
0.1743017935097039
0.17435438910219322
0.17435438910219322
0.17440698469468258
0.17456477147215063
0.17456477147215063
0.17461736706463998
0.17488034502708674
0.17498553621206542
0.17509072739704412
0.17509072739704412
0.17519591858202282
0.17535370535949088
0.17535370535949088
0.17540630095198023
0.17551149213695894
0.17556408772944826
0.1756166833219376
0.1756166833219376
0.17566927891442696
0.17577447009940567
0.17582706569189502
0.17582706569189502
0.17582706569189502
0.17587966128438437
0.17593225687687372
0.17609004365434178
0.17619523483932045
0.17630042602429916
0.17630042602429916
0.17630042602429916
0.17630042602429916
0.1763530216167885
0.17640561720927786
0.17651080839425656
0.17661599957923527
0.17661599957923527
0.17666859517172462
0.17666859517172462
0.17677378635670332
0.176878977541682
0.17693157313417135
0.1769841687266607
0.1769841687266607
0.17703676431915005
0.17714195550412876
0.1771945510966181
0.1771945510966181
0.17724714668910746
0.17724714668910746
0.17724714668910746
0.17724714668910746
0.1772997422815968
0.1772997422815968
0.1772997422815968
0.1772997422815968
0.17735233787408616
0.1774049334665755
0.1774049334665755
0.1774049334665755
0.1774049334665755
0.17745752905906484
0.17745752905906484
0.17745752905906484
0.17745752905906484
0.17756272024404354
0.17766791142902225
0.17766791142902225
0.17766791142902225
0.1777205070215116
0.1777205070215116
0.1777205070215116
0.17777310261400095
0.1778256982064903
0.17787829379897965
0.17787829379897965
0.17787829379897965
0.17803608057644768
0.17803608057644768
0.17814127176142638
0.17814127176142638
0.17814127176142638
0.17819386735391574
0.1782464629464051
0.17829905853889444
0.17829905853889444
0.17829905853889444
0.17829905853889444
0.1783516541313838
0.1783516541313838
0.1783516541313838
0.17840424972387314
0.17840424972387314
0.17840424972387314
0.17840424972387314
0.17840424972387314
0.17840424972387314
0.1784568453163625
0.1784568453163625
0.1784568453163625
0.1784568453163625
0.1785620365013412
0.17871982327880923
0.17871982327880923
0.17877241887129858
0.17877241887129858
0.17882501446378793
0.17882501446378793
0.17893020564876663
0.17893020564876663
0.17898280124125598
0.17898280124125598
0.17903539683374534
0.1790879924262347
0.1791931836112134
0.17924577920370274
0.17924577920370274
0.17924577920370274
0.17924577920370274
0.17924577920370274
0.17924577920370274
0.17924577920370274
0.17924577920370274
0.17924577920370274
0.17924577920370274
0.17929837479619207
0.17929837479619207
0.17935097038868142
0.17940356598117077
0.17940356598117077
0.17940356598117077
0.17945616157366012
0.17945616157366012
0.17950875716614947
0.17950875716614947
0.17961394835112818
0.17961394835112818
0.17961394835112818
0.17961394835112818
0.17961394835112818
0.17961394835112818
0.17966654394361753
0.17982433072108558
0.17992952190606426
0.18003471309104296
0.18013990427602167
0.18013990427602167
0.18013990427602167
0.18019249986851102
0.18019249986851102
0.18035028664597907
0.18035028664597907
0.18040288223846843
0.18045547783095778
0.18056066901593645
0.18056066901593645
0.1806132646084258
0.1806132646084258
0.1806132646084258
0.1806132646084258
0.1806132646084258
0.1807184557934045
0.18077105138589386
0.1808236469783832
0.18087624257087256
0.18092883816336192
0.18103402934834062
0.18103402934834062
0.18108662494082997
0.18119181612580865
0.181244411718298
0.181244411718298
0.18129700731078735
0.18129700731078735
0.18150738968074476
0.18150738968074476
0.18161258086572346
0.18161258086572346
0.18161258086572346
0.18161258086572346
0.18182296323568084
0.18182296323568084
0.18192815442065954
0.1819807500131489
0.18203334560563825
0.1821911323831063
0.1821911323831063
0.182296323568085
0.182296323568085
0.18234891916057436
0.18234891916057436
0.18240151475306368
0.18245411034555303
0.18250670593804239
0.18250670593804239
0.18255930153053174
0.18255930153053174
0.18255930153053174
0.18255930153053174
0.18255930153053174
0.18255930153053174
0.1826118971230211
0.1826118971230211
0.1826118971230211
0.1827170883079998
0.1828222794929785
0.18287487508546785
0.1829274706779572
0.18298006627044652
0.18303266186293587
0.18308525745542523
0.18308525745542523
0.18313785304791458
0.18324304423289328
0.18324304423289328
0.18329563982538263
0.1834534266028507
0.1834534266028507
0.1834534266028507
0.18350602219534004
0.18361121338031872
0.18366380897280807
0.18366380897280807
0.18366380897280807
0.18366380897280807
0.18371640456529742
0.18371640456529742
0.18376900015778677
0.18376900015778677
0.18376900015778677
0.18382159575027612
0.18387419134276548
0.18387419134276548
0.18387419134276548
0.18387419134276548
0.18387419134276548
0.18387419134276548
0.18387419134276548
0.18387419134276548
0.18387419134276548
0.18397938252774418
0.18403197812023353
0.18413716930521223
0.18413716930521223
0.1842423604901909
0.18429495608268026
0.1843475516751696
0.1843475516751696
0.1843475516751696
0.1843475516751696
0.18455793404512702
0.18455793404512702
0.18455793404512702
0.18466312523010572
0.18471572082259508
0.18476831641508443
0.18476831641508443
0.1848735076000631
0.1848735076000631
0.18492610319255245
0.1849786987850418
0.1850838899700205
0.1850838899700205
0.1850838899700205
0.1850838899700205
0.1850838899700205
0.18513648556250986
0.18513648556250986
0.18513648556250986
0.18513648556250986
0.18524167674748857
0.18529427233997792
0.18534686793246727
0.18534686793246727
0.18534686793246727
0.18534686793246727
0.18534686793246727
0.18534686793246727
0.18539946352495662
0.18545205911744594
0.1855046547099353
0.1855046547099353
0.18555725030242465
0.1857150370798927
0.1857150370798927
0.18576763267238205
0.1858202282648714
0.18587282385736076
0.18587282385736076
0.18587282385736076
0.18597801504233946
0.18608320622731814
0.18608320622731814
0.18608320622731814
0.18608320622731814
0.1861358018198075
0.18629358859727554
0.18629358859727554
0.1863461841897649
0.1863461841897649
0.1863461841897649
0.1863461841897649
0.1863461841897649
0.18639877978225425
0.18639877978225425
0.1864513753747436
0.1864513753747436
0.1864513753747436
0.18650397096723295
0.18650397096723295
0.1865565665597223
0.1865565665597223
0.1865565665597223
0.1865565665597223
0.1865565665597223
0.18660916215221166
0.186661757744701
0.18671435333719033
0.18671435333719033
0.18676694892967968
0.18676694892967968
0.18676694892967968
0.18676694892967968
0.18687214011465839
0.18692473570714774
0.18692473570714774
0.18692473570714774
0.18702992689212644
0.18702992689212644
0.1870825224846158
0.18713511807710514
0.1871877136695945
0.1871877136695945
0.18724030926208385
0.1872929048545732
0.1872929048545732
0.1872929048545732
0.1872929048545732
0.1872929048545732
0.1872929048545732
0.1872929048545732
0.1872929048545732
0.1872929048545732
0.1872929048545732
0.18739809603955188
0.18739809603955188
0.18739809603955188
0.18745069163204123
0.18745069163204123
0.18745069163204123
0.18745069163204123
0.18750328722453058
0.18750328722453058
0.18750328722453058
0.18755588281701993
0.18755588281701993
0.18755588281701993
0.18755588281701993
0.18760847840950928
0.18766107400199863
0.18776626518697734
0.1878188607794667
0.18797664755693472
0.18797664755693472
0.18797664755693472
0.18802924314942407
0.18808183874191342
0.18808183874191342
0.18808183874191342
0.18813443433440277
0.18813443433440277
0.18813443433440277
0.18813443433440277
0.18813443433440277
0.18813443433440277
0.18813443433440277
0.18813443433440277
0.18813443433440277
0.18813443433440277
0.18813443433440277
0.18813443433440277
0.18813443433440277
0.18813443433440277
0.18818702992689212
0.18818702992689212
0.18818702992689212
0.18818702992689212
0.18818702992689212
0.18823962551938148
0.18823962551938148
0.18823962551938148
0.18829222111187083
0.18829222111187083
0.18829222111187083
0.18834481670436018
0.18839741229684953
0.18845000788933888
0.18845000788933888
0.18850260348182823
0.18850260348182823
0.1886077946668069
0.18866039025929626
0.18871298585178561
0.18871298585178561
0.18871298585178561
0.18876558144427497
0.18876558144427497
0.18876558144427497
0.18876558144427497
0.18876558144427497
0.18876558144427497
0.18876558144427497
0.18881817703676432
0.18881817703676432
0.18881817703676432
0.18881817703676432
0.18881817703676432
0.18887077262925367
0.18892336822174302
0.18892336822174302
0.18892336822174302
0.18897596381423237
0.18897596381423237
0.18902855940672172
0.18902855940672172
0.18902855940672172
0.18902855940672172
0.18902855940672172
0.18902855940672172
0.18908115499921108
0.18913375059170043
0.18913375059170043
0.18913375059170043
0.18918634618418975
0.18918634618418975
0.1892389417766791
0.1892389417766791
0.1892389417766791
0.1892389417766791
0.18929153736916846
0.18939672855414716
0.18939672855414716
0.18939672855414716
0.1894493241466365
0.1894493241466365
0.18950191973912586
0.18950191973912586
0.18950191973912586
0.18950191973912586
0.18950191973912586
0.18950191973912586
0.18950191973912586
0.18950191973912586
0.18955451533161521
0.18955451533161521
0.18960711092410457
0.18960711092410457
0.18965970651659392
0.18976489770157262
0.18976489770157262
0.18976489770157262
0.18976489770157262
0.18976489770157262
0.18992268447904065
0.18992268447904065
0.18992268447904065
0.18997528007153
0.19002787566401935
0.19002787566401935
0.19002787566401935
0.19002787566401935
0.19002787566401935
0.19002787566401935
0.1900804712565087
0.1900804712565087
0.19013306684899806
0.1901856624414874
0.19023825803397676
0.19023825803397676
0.19023825803397676
0.19023825803397676
0.19034344921895546
0.19039604481144481
0.19039604481144481
0.19039604481144481
0.19044864040393414
0.19044864040393414
0.19044864040393414
0.19044864040393414
0.19044864040393414
0.19044864040393414
0.19044864040393414
0.19044864040393414
0.1905012359964235
0.1905012359964235
0.1905012359964235
0.1905012359964235
0.19055383158891284
0.19055383158891284
0.19055383158891284
0.19055383158891284
0.19055383158891284
0.19055383158891284
0.1906064271814022
0.1906064271814022
0.1906064271814022
0.1906064271814022
0.1906064271814022
0.19065902277389155
0.1907116183663809
0.1907116183663809
0.19076421395887025
0.19076421395887025
0.1908168095513596
0.1908168095513596
0.1908168095513596
0.1909220007363383
0.1909220007363383
0.1909220007363383
0.1909220007363383
0.1909220007363383
0.1909220007363383
0.1909220007363383
0.19097459632882766
0.19102719192131698
0.19102719192131698
0.19102719192131698
0.19102719192131698
0.19102719192131698
0.19102719192131698
0.19107978751380633
0.19107978751380633
0.19113238310629568
0.19118497869878504
0.1912375742912744
0.1912375742912744
0.1912375742912744
0.1912375742912744
0.1912375742912744
0.1912375742912744
0.1912375742912744
0.1912375742912744
0.1912375742912744
0.1912375742912744
0.19129016988376374
0.19129016988376374
0.19129016988376374
0.19129016988376374
0.19129016988376374
0.1913427654762531
0.19139536106874244
0.19139536106874244
0.19139536106874244
0.19139536106874244
0.1914479566612318
0.1914479566612318
0.19150055225372115
0.19150055225372115
0.19150055225372115
0.1915531478462105
0.1915531478462105
0.19160574343869985
0.19165833903118917
0.19165833903118917
0.19165833903118917
0.19171093462367853
0.19176353021616788
0.19176353021616788
0.19176353021616788
0.19176353021616788
0.19176353021616788
0.19176353021616788
0.19176353021616788
0.19176353021616788
0.19176353021616788
0.19176353021616788
0.19176353021616788
0.19176353021616788
0.19176353021616788
0.19176353021616788
0.19176353021616788
0.19181612580865723
0.19181612580865723
0.19186872140114658
0.19186872140114658
0.19186872140114658
0.19192131699363593
0.19192131699363593
0.19197391258612528
0.19197391258612528
0.19197391258612528
0.19197391258612528
0.19197391258612528
0.19197391258612528
0.19197391258612528
0.19197391258612528
0.19197391258612528
0.19197391258612528
0.19197391258612528
0.19197391258612528
0.19197391258612528
0.19202650817861464
0.19202650817861464
0.19202650817861464
0.19202650817861464
0.192079103771104
0.19213169936359334
0.19213169936359334
0.19213169936359334
0.19213169936359334
0.19213169936359334
0.1921842949560827
0.19223689054857204
0.19223689054857204
0.19228948614106137
0.19228948614106137
0.19228948614106137
0.19228948614106137
0.19228948614106137
0.19228948614106137
0.19228948614106137
0.19228948614106137
0.19228948614106137
0.19234208173355072
0.19244727291852942
0.19244727291852942
0.19244727291852942
0.19244727291852942
0.19244727291852942
0.19244727291852942
0.19244727291852942
0.19244727291852942
0.19244727291852942
0.19244727291852942
0.19244727291852942
0.19244727291852942
0.19244727291852942
0.19249986851101877
0.19255246410350813
0.19255246410350813
0.19260505969599748
0.19265765528848683
0.19271025088097618
0.19276284647346553
0.19276284647346553
0.19276284647346553
0.19276284647346553
0.19276284647346553
0.19276284647346553
0.19281544206595488
0.19281544206595488
0.19281544206595488
0.19281544206595488
0.19281544206595488
0.19281544206595488
0.19292063325093356
0.1929732288434229
0.1929732288434229
0.1929732288434229
0.1929732288434229
0.1929732288434229
0.19307842002840161
0.19307842002840161
0.19307842002840161
0.19307842002840161
0.19307842002840161
0.19307842002840161
0.19307842002840161
0.19307842002840161
0.19307842002840161
0.19307842002840161
0.19307842002840161
0.19307842002840161
0.19307842002840161
0.19307842002840161
0.19307842002840161
0.19307842002840161
0.19307842002840161
0.19307842002840161
0.19307842002840161
0.19307842002840161
0.19307842002840161
0.19313101562089097
0.19313101562089097
0.19313101562089097
0.19313101562089097
0.19313101562089097
0.19318361121338032
0.19318361121338032
0.19318361121338032
0.19318361121338032
0.19318361121338032
0.19323620680586967
0.19323620680586967
0.19323620680586967
0.19323620680586967
0.19323620680586967
0.19323620680586967
0.19328880239835902
0.19328880239835902
0.19328880239835902
0.19328880239835902
0.19328880239835902
0.19334139799084837
0.19334139799084837
0.19334139799084837
0.19334139799084837
0.19334139799084837
0.19334139799084837
0.19339399358333773
0.19339399358333773
0.19339399358333773
0.19339399358333773
0.19339399358333773
0.19339399358333773
0.19339399358333773
0.19339399358333773
