0.002609226669627491
0.012713040581802032
0.03258757563981569
0.04541164714372953
0.051129739632487646
0.05634819297174263
0.059568089712985064
0.06201076999944485
0.06367623383112196
0.06567479042913452
0.06734025426081164
0.06895020263143285
0.07044912007994227
0.07161494476211624
0.07250319213901071
0.07333592405484927
0.07439071781491145
0.07555654249708543
0.07605618164658857
0.07716649086770666
0.0778326764003775
0.07849886193304835
0.07927607838783102
0.07983123299839005
0.0805529339921168
0.08138566590795536
0.08160772775217898
0.0818853050574585
0.08210736690168212
0.08244045966801754
0.08282906789540888
0.08338422250596791
0.08382834619441515
0.08421695442180648
0.08477210903236551
0.08504968633764504
0.08549381002609227
0.0859379337145395
0.08615999555876312
0.08649308832509854
0.08682618109143396
0.08715927385776939
0.08749236662410481
0.08776994392938434
0.08815855215677566
0.08843612946205519
0.0886581913062788
0.0887137067673347
0.08882473768944651
0.08899128407261422
0.08910231499472603
0.08921334591683784
0.08949092322211737
0.08971298506634097
0.08987953144950869
0.09021262421584411
0.09043468606006773
0.09065674790429135
0.09076777882640315
0.09093432520957087
0.09115638705379449
0.09126741797590629
0.09148947982012991
0.09176705712540943
0.09182257258646533
0.09193360350857714
0.09215566535280076
0.09243324265808027
0.0927108199633598
0.09293288180758341
0.09326597457391883
0.09332149003497474
0.09348803641814245
0.09376561372342197
0.09393216010658968
0.09409870648975739
0.09437628379503692
0.09459834563926053
0.09476489202242824
0.09476489202242824
0.09493143840559595
0.09515350024981957
0.0954310775550991
0.0954310775550991
0.09570865486037862
0.09587520124354633
0.09615277854882585
0.09631932493199356
0.09665241769832898
0.09692999500360851
0.09704102592572031
0.09709654138677622
0.09715205684783212
0.09715205684783212
0.09742963415311164
0.09770721145839116
0.09781824238050298
0.09798478876367069
0.0983178815300061
0.09848442791317381
0.09870648975739743
0.09903958252373286
0.09915061344584467
0.09920612890690057
0.0994837062121801
0.09953922167323599
0.09987231443957142
0.10009437628379504
0.10014989174485094
0.10020540720590684
0.10020540720590684
0.10026092266696275
0.10042746905013046
0.10048298451118637
0.10059401543329817
0.10076056181646588
0.1009271081996336
0.10109365458280131
0.10131571642702493
0.10148226281019264
0.10164880919336035
0.10170432465441626
0.10181535557652806
0.10209293288180758
0.10209293288180758
0.1022039638039194
0.10237051018708711
0.10259257203131072
0.10287014933659024
0.10309221118081385
0.10320324210292567
0.10336978848609338
0.1037583967134847
0.10386942763559652
0.10403597401876423
0.10409148947982012
0.10420252040193194
0.10431355132404374
0.10453561316826736
0.10464664409037917
0.10470215955143508
0.10481319047354688
0.10486870593460279
0.1050352523177705
0.10520179870093821
0.10531282962305002
0.10542386054516183
0.10553489146727364
0.10564592238938544
0.10575695331149725
0.10586798423360906
0.10603453061677677
0.10609004607783268
0.10614556153888859
0.10614556153888859
0.10625659246100039
0.1063676233831122
0.10653416976627991
0.10653416976627991
0.1065896852273358
0.10670071614944762
0.10681174707155942
0.10692277799367124
0.10703380891578304
0.10714483983789486
0.10725587076000666
0.10742241714317437
0.10747793260423028
0.10758896352634209
0.10781102537056571
0.10792205629267751
0.10803308721478933
0.10808860267584522
0.10819963359795703
0.10825514905901293
0.10836617998112474
0.10853272636429245
0.10858824182534836
0.10869927274746016
0.10875478820851607
0.10886581913062789
0.10908788097485149
0.10908788097485149
0.10925442735801921
0.10936545828013101
0.10947648920224283
0.10958752012435463
0.10969855104646645
0.10975406650752234
0.10980958196857825
0.10992061289069005
0.11008715927385777
0.11019819019596958
0.11019819019596958
0.11019819019596958
0.11036473657913728
0.11053128296230501
0.1105867984233609
0.11069782934547272
0.11086437572864043
0.11091989118969633
0.11108643757286404
0.11119746849497585
0.11125298395603175
0.11141953033919946
0.11141953033919946
0.11164159218342308
0.11169710764447899
0.11180813856659079
0.1120302004108144
0.11214123133292622
0.11214123133292622
0.11225226225503802
0.11230777771609393
0.11236329317714984
0.11252983956031755
0.11258535502137346
0.11269638594348526
0.11275190140454117
0.11286293232665297
0.11302947870982069
0.11308499417087658
0.1131960250929884
0.1131960250929884
0.1133070560151002
0.11341808693721202
0.11347360239826791
0.11347360239826791
0.11375117970354744
0.11375117970354744
0.11386221062565925
0.11397324154777105
0.11397324154777105
0.11408427246988287
0.11419530339199467
0.1144728806972742
0.114583911619386
0.11469494254149781
0.1147504580025537
0.11480597346360961
0.11502803530783323
0.11525009715205685
0.11536112807416865
0.11536112807416865
0.11541664353522456
0.11558318991839227
0.11569422084050408
0.11574973630155999
0.11586076722367179
0.11586076722367179
0.1160273136068395
0.11608282906789541
0.11619385999000721
0.11619385999000721
0.11636040637317493
0.11663798367845445
0.11669349913951035
0.11686004552267806
0.11702659190584577
0.1171931382890135
0.11724865375006939
0.1173596846721812
0.11752623105534891
0.11763726197746072
0.11769277743851662
0.11774829289957253
0.11780380836062844
0.11785932382168433
0.11791483928274024
0.11797035474379615
0.11802587020485206
0.11808138566590795
0.11808138566590795
0.11819241658801977
0.11835896297118748
0.11841447843224338
0.11852550935435519
0.11852550935435519
0.11852550935435519
0.11852550935435519
0.1186920557375229
0.11880308665963471
0.11891411758174651
0.11908066396491424
0.11930272580913784
0.11941375673124965
0.11941375673124965
0.11958030311441736
0.11958030311441736
0.11969133403652918
0.11980236495864098
0.1200244268028646
0.1200244268028646
0.1200799422639205
0.12024648864708821
0.12030200410814412
0.12035751956920002
0.12046855049131183
0.12057958141342363
0.12063509687447954
0.12080164325764725
0.12091267417975907
0.12113473602398268
0.12119025148503858
0.12119025148503858
0.12119025148503858
0.1213567978682063
0.1213567978682063
0.1214123133292622
0.1214678287903181
0.12163437517348581
0.12163437517348581
0.12163437517348581
0.12168989063454172
0.12180092155665352
0.12207849886193305
0.12207849886193305
0.12207849886193305
0.12207849886193305
0.12224504524510076
0.12235607616721257
0.12235607616721257
0.12241159162826848
0.12246710708932437
0.12257813801143619
0.1228557153167157
0.1228557153167157
0.12291123077777161
0.12296674623882752
0.12302226169988342
0.12318880808305113
0.12318880808305113
0.12335535446621884
0.12341086992727475
0.12341086992727475
0.12341086992727475
0.12346638538833064
0.12346638538833064
0.12363293177149837
0.12368844723255426
0.12374396269361017
0.12374396269361017
0.12385499361572198
0.12391050907677788
0.1240215399988897
0.1242991173041692
0.12446566368733693
0.12452117914839282
0.12463221007050464
0.12468772553156054
0.12468772553156054
0.12474324099261644
0.12485427191472825
0.12485427191472825
0.12485427191472825
0.12496530283684006
0.12513184922000778
0.12535391106423138
0.1254649419863432
0.1256870038305668
0.12574251929162272
0.12574251929162272
0.12579803475267862
0.12585355021373454
0.12590906567479043
0.12596458113584633
0.12607561205795814
0.12607561205795814
0.12607561205795814
0.12613112751901404
0.12613112751901404
0.12624215844112585
0.12629767390218175
0.12635318936323767
0.12640870482429356
0.12646422028534948
0.12651973574640538
0.12651973574640538
0.1267973130516849
0.1267973130516849
0.1269638594348526
0.12707489035696443
0.12718592127907621
0.12724143674013214
0.12735246766224392
0.12740798312329984
0.12751901404541166
0.12751901404541166
0.12757452950646755
0.12757452950646755
0.12768556042857937
0.12779659135069116
0.12785210681174708
0.12790762227280297
0.12790762227280297
0.1281296841170266
0.1281296841170266
0.1281851995780825
0.1282407150391384
0.1283517459612502
0.1285738078054738
0.1285738078054738
0.1285738078054738
0.1285738078054738
0.1285738078054738
0.12862932326652973
0.12862932326652973
0.12885138511075334
0.12896241603286515
0.12896241603286515
0.12901793149392105
0.12912896241603286
0.12918447787708878
0.12929550879920057
0.1293510242602565
0.1293510242602565
0.12940653972131239
0.1295175706434242
0.1296841170265919
0.12979514794870373
0.12996169433187144
0.13007272525398322
0.13007272525398322
0.13012824071503915
0.13012824071503915
0.13012824071503915
0.13023927163715093
0.13040581802031867
0.13051684894243046
0.13057236440348638
0.13062787986454227
0.13068339532559817
0.1307389107866541
0.1307389107866541
0.1309054571698218
0.13101648809193361
0.13101648809193361
0.13101648809193361
0.1310720035529895
0.13123854993615722
0.1312940653972131
0.1312940653972131
0.13134958085826903
0.13140509631932493
0.13146061178038085
0.13146061178038085
0.13151612724143674
0.13157164270249264
0.13162715816354856
0.13162715816354856
0.13168267362460445
0.13184922000777216
0.13184922000777216
0.13190473546882805
0.13201576639093987
0.1320712818519958
0.1320712818519958
0.1322378282351635
0.1322378282351635
0.1322378282351635
0.1324043746183312
0.1324598900793871
0.13251540554044303
0.13268195192361074
0.13268195192361074
0.13284849830677845
0.13284849830677845
0.13295952922889023
0.13307056015100205
0.13312607561205797
0.13312607561205797
0.13334813745628157
0.13351468383944928
0.13351468383944928
0.133681230222617
0.1338477766057847
0.13390329206684062
0.13412535391106423
0.13418086937212015
0.13423638483317604
0.13429190029423194
0.13434741575528786
0.13440293121634375
0.13451396213845557
0.13462499306056736
0.13468050852162328
0.13468050852162328
0.1347915394437351
0.13490257036584688
0.13490257036584688
0.13490257036584688
0.1349580858269028
0.1350691167490146
0.1351801476711264
0.13523566313218233
0.13529117859323822
0.13529117859323822
0.13534669405429411
0.13540220951535004
0.13545772497640593
0.13556875589851775
0.13556875589851775
0.13567978682062953
0.13579081774274135
0.13590184866485316
0.13595736412590906
0.13595736412590906
0.13606839504802087
0.13606839504802087
0.13606839504802087
0.13606839504802087
0.13612391050907677
0.13623494143118858
0.1363459723533004
0.1364014878143563
0.13645700327541221
0.13662354965857992
0.13679009604174763
0.13695664242491534
0.13706767334702716
0.13717870426913895
0.13723421973019487
0.13745628157441847
0.1375673124965303
0.1376783434186421
0.137733858879698
0.137733858879698
0.1377893743407539
0.1379004052628657
0.13801143618497752
0.13812246710708934
0.13823349802920112
0.13823349802920112
0.13823349802920112
0.13823349802920112
0.13823349802920112
0.13828901349025705
0.13834452895131294
0.13834452895131294
0.13840004441236883
0.13840004441236883
0.13845555987342476
0.13845555987342476
0.13851107533448065
0.13856659079553657
0.13862210625659246
0.13867762171764836
0.13873313717870428
0.13873313717870428
0.13873313717870428
0.13873313717870428
0.13884416810081607
0.13884416810081607
0.138899683561872
0.13901071448398378
0.1390662299450397
0.1391217454060956
0.13917726086715151
0.1392327763282074
0.13934380725031922
0.13951035363348693
0.13956586909454283
0.13962138455559872
0.13967690001665464
0.13973241547771054
0.13978793093876646
0.13978793093876646
0.13989896186087825
0.13995447732193417
0.14000999278299006
0.14006550824404596
0.1402875700882696
0.1404541164714373
0.1405651473935491
0.1405651473935491
0.140620662854605
0.140620662854605
0.140620662854605
0.140620662854605
0.140620662854605
0.140620662854605
0.140620662854605
0.14073169377671682
0.14078720923777271
0.14089824015988453
0.14095375562094042
0.14100927108199635
0.14106478654305224
0.14112030200410813
0.14128684838727584
0.14139787930938766
0.14145339477044358
0.14145339477044358
0.14150891023149947
0.14156442569255537
0.1416199411536113
0.14173097207572308
0.14173097207572308
0.141786487536779
0.141786487536779
0.1418420029978349
0.1419530339199467
0.14206406484205852
0.14206406484205852
0.1421750957641703
0.1421750957641703
0.14228612668628213
0.14234164214733802
0.14245267306944984
0.14245267306944984
0.14250818853050576
0.14256370399156165
0.14267473491367347
0.14267473491367347
0.14273025037472936
0.14278576583578526
0.14278576583578526
0.14278576583578526
0.14278576583578526
0.14278576583578526
0.14278576583578526
0.14289679675789707
0.14295231221895296
0.1430078276800089
0.1430078276800089
0.1430078276800089
0.1430078276800089
0.1430078276800089
0.1431743740631766
0.1432854049852884
0.1433409204463443
0.1433964359074002
0.1433964359074002
0.1433964359074002
0.14345195136845612
0.14361849775162383
0.14367401321267972
0.14367401321267972
0.14372952867373565
0.14378504413479154
0.14389607505690336
0.14395159051795925
0.14395159051795925
0.14400710597901514
0.14411813690112696
0.14411813690112696
0.14417365236218288
0.14428468328429467
0.14439571420640648
0.14445122966746238
0.1445067451285183
0.1445622605895742
0.1445622605895742
0.1446177760506301
0.1446177760506301
0.1446177760506301
0.14478432243379782
0.14483983789485372
0.1448953533559096
0.1448953533559096
0.1448953533559096
0.14500638427802143
0.14500638427802143
0.14500638427802143
0.14500638427802143
0.14500638427802143
0.14506189973907732
0.14506189973907732
0.14517293066118914
0.14517293066118914
0.14517293066118914
0.14522844612224506
0.14522844612224506
0.14528396158330095
0.14533947704435685
0.14545050796646866
0.14550602342752456
0.14567256981069227
0.14567256981069227
0.14583911619386
0.1458946316549159
0.1458946316549159
0.1459501471159718
0.1460611780380836
0.14617220896019542
0.14617220896019542
0.1462832398823072
0.14633875534336313
0.14639427080441902
0.14656081718758673
0.14661633264864266
0.14661633264864266
0.14661633264864266
0.14661633264864266
0.14667184810969855
0.14667184810969855
0.14683839449286626
0.14689390995392218
0.14694942541497807
0.14694942541497807
0.14700494087603397
0.14711597179814578
0.14717148725920168
0.14717148725920168
0.1472825181813135
0.1472825181813135
0.1473380336423694
0.1473935491034253
0.1473935491034253
0.1473935491034253
0.1473935491034253
0.1474490645644812
0.14750458002553712
0.14750458002553712
0.14750458002553712
0.14767112640870483
0.14772664186976073
0.14772664186976073
0.14772664186976073
0.14772664186976073
0.14772664186976073
0.14772664186976073
0.14789318825292844
0.14800421917504025
0.14800421917504025
0.14800421917504025
0.14805973463609615
0.14811525009715207
0.14811525009715207
0.14822628101926386
0.14833731194137567
0.14839282740243157
0.14839282740243157
0.1484483428634875
0.1486148892466552
0.1486148892466552
0.1486704047077111
0.148725920168767
0.148725920168767
0.1488369510908788
0.14889246655193472
0.14889246655193472
0.14894798201299062
0.1490034974740465
0.1490034974740465
0.1490034974740465
0.14905901293510243
0.14911452839615832
0.14911452839615832
0.14917004385721425
0.14928107477932603
0.14939210570143785
0.14944762116249374
0.14944762116249374
0.14955865208460556
0.14955865208460556
0.14966968300671737
0.14966968300671737
0.1497807139288292
0.1497807139288292
0.14983622938988508
0.14989174485094098
0.14989174485094098
0.1500582912341087
0.1500582912341087
0.1501693221562205
0.1501693221562205
0.15028035307833232
0.15028035307833232
0.1503358685393882
0.15039138400044413
0.15039138400044413
0.15039138400044413
0.15039138400044413
0.15044689946150003
0.15044689946150003
0.15044689946150003
0.15044689946150003
0.15050241492255592
0.15061344584466774
0.15066896130572363
0.15066896130572363
0.15072447676677955
0.15072447676677955
0.15072447676677955
0.15072447676677955
0.15077999222783545
0.15089102314994726
0.15089102314994726
0.15094653861100316
0.15105756953311497
0.15105756953311497
0.15105756953311497
0.15111308499417087
0.15111308499417087
0.15111308499417087
0.1511686004552268
0.15122411591628268
0.15122411591628268
0.15122411591628268
0.1513906622994504
0.1514461777605063
0.1515016932215622
0.15166823960472992
0.1517237550657858
0.1517237550657858
0.1517237550657858
0.1517237550657858
0.1517237550657858
0.1517237550657858
0.1517237550657858
0.15183478598789762
0.15183478598789762
0.15183478598789762
0.15183478598789762
0.15189030144895355
0.15194581691000944
0.15194581691000944
0.15194581691000944
0.15194581691000944
0.15205684783212126
0.15222339421528897
0.15222339421528897
0.15222339421528897
0.15222339421528897
0.15227890967634486
0.15233442513740075
0.15233442513740075
0.15233442513740075
0.15238994059845667
0.15238994059845667
0.1525009715205685
0.15255648698162438
0.15255648698162438
0.1526675179037362
0.152778548825848
0.152778548825848
0.15294509520901572
0.15294509520901572
0.15300061067007162
0.15322267251429522
0.15327818797535114
0.15338921889746293
0.15350024981957475
0.15355576528063067
0.15361128074168656
0.15361128074168656
0.15361128074168656
0.15366679620274246
0.15366679620274246
0.15366679620274246
0.15372231166379838
0.15377782712485427
0.15377782712485427
0.1538888580469661
0.15394437350802198
0.15394437350802198
0.1540554044301338
0.1540554044301338
0.15433298173541332
0.15438849719646922
0.1544440126575251
0.1544440126575251
0.15449952811858103
0.15449952811858103
0.15449952811858103
0.15449952811858103
0.15449952811858103
0.15461055904069285
0.15461055904069285
0.15466607450174874
0.15477710542386056
0.15483262088491645
0.15494365180702827
0.15511019819019597
0.15516571365125187
0.15516571365125187
0.15516571365125187
0.15527674457336368
0.15533226003441958
0.1553877754954755
0.1553877754954755
0.1553877754954755
0.1554432909565314
0.1554988064175873
0.1555543218786432
0.1556098373396991
0.155665352800755
0.1557763837228668
0.1557763837228668
0.1557763837228668
0.15583189918392273
0.15588741464497863
0.15594293010603452
0.15599844556709044
0.15599844556709044
0.15616499195025815
0.15616499195025815
0.15627602287236997
0.15638705379448176
0.15649808471659357
0.15649808471659357
0.15655360017764947
0.15672014656081718
0.1567756620218731
0.156831177482929
0.1568866929439849
0.1569422084050408
0.1569977238660967
0.15705323932715262
0.1571642702492644
0.15721978571032033
0.15721978571032033
0.15755287847665575
0.15755287847665575
0.15766390939876757
0.15766390939876757
0.15771942485982346
0.15777494032087935
0.15777494032087935
0.15777494032087935
0.15777494032087935
0.15777494032087935
0.15783045578193527
0.15783045578193527
0.15783045578193527
0.15788597124299117
0.1579414867040471
0.1579414867040471
0.1579414867040471
0.1579414867040471
0.1579414867040471
0.1579414867040471
0.15805251762615888
0.15805251762615888
0.1581080330872148
0.1581080330872148
0.1582745794703825
0.1582745794703825
0.1582745794703825
0.1583300949314384
0.1583300949314384
0.1583856103924943
0.1583856103924943
0.1584966413146061
0.1584966413146061
0.1584966413146061
0.1584966413146061
0.1584966413146061
0.1584966413146061
0.1584966413146061
0.1584966413146061
0.15855215677566203
0.15860767223671793
0.15860767223671793
0.15871870315882974
0.15877421861988564
0.15888524954199745
0.15894076500305335
0.15910731138622106
0.15916282684727698
0.15916282684727698
0.15921834230833287
0.15921834230833287
0.15921834230833287
0.15927385776938877
0.1593293732304447
0.1593293732304447
0.1593293732304447
0.15944040415255648
0.1594959196136124
0.1594959196136124
0.1594959196136124
0.1594959196136124
0.1595514350746683
0.1596069505357242
0.1596624659967801
0.1596624659967801
0.1596624659967801
0.1596624659967801
0.1596624659967801
0.1596624659967801
0.159717981457836
0.15977349691889192
0.15982901237994782
0.1598845278410037
0.15994004330205963
0.16005107422417142
0.16010658968522734
0.16010658968522734
0.16016210514628323
0.16027313606839505
0.16027313606839505
0.16027313606839505
0.16027313606839505
0.16032865152945094
0.16038416699050687
0.16043968245156276
0.16043968245156276
0.16049519791261865
0.16049519791261865
