0.04844054068269079
0.05527796770630621
0.060432335770262455
0.0652711302792826
0.06879503497606901
0.07231893967285541
0.07463314574238679
0.07689475621942882
0.0782622416241519
0.07984010939883238
0.08131278598853416
0.08257508020827854
0.08341660968810814
0.08494188187029927
0.086256771682533
0.08730868353231999
0.08820280860463893
0.08941250723189396
0.0904118234891916
0.0911481617840425
0.09151633093146794
0.09251564718876558
0.09325198548361648
0.09409351496344606
0.09482985325829696
0.09582916951559459
0.09651291221795613
0.09730184610529638
0.09772261084521117
0.09840635354757271
0.09877452269499816
0.09951086098984906
0.09982643454478515
0.10056277283963604
0.10093094198706148
0.10124651554199758
0.10161468468942303
0.10203544942933782
0.10224583179929522
0.10266659653921001
0.10313995687161416
0.1034029348340609
0.10366591279650765
0.10419186872140114
0.10466522905380529
0.10487561142376269
0.10540156734865619
0.10582233208857098
0.10634828801346446
0.10682164834586862
0.10718981749329407
0.10745279545574081
0.10771577341818755
0.10803134697312365
0.1081891337505917
0.1085047073055278
0.10866249408299584
0.10897806763793194
0.10918845000788933
0.10939883237784674
0.10955661915531478
0.10966181034029349
0.11002997948771893
0.11013517067269762
0.11050333982012307
0.11066112659759113
0.11097670015252722
0.11113448692999527
0.11118708252248462
0.11139746489244201
0.11160784726239942
0.11187082522484616
0.1120286120023142
0.11218639877978226
0.1126597591121864
0.11292273707463314
0.11344869299952665
0.11392205333193078
0.11418503129437753
0.11444800925682427
0.11471098721927102
0.11486877399673907
0.11513175195918582
0.11528953873665387
0.11555251669910062
0.11581549466154736
0.11613106821648346
0.11634145058644085
0.11649923736390891
0.11665702414137695
0.11676221532635565
0.116814810918845
0.1171303844737811
0.11765634039867459
0.11791931836112134
0.11823489191605743
0.11834008310103614
0.11849786987850418
0.11860306106348288
0.11870825224846158
0.11886603902592963
0.11902382580339768
0.11918161258086572
0.11954978172829117
0.11970756850575921
0.11981275969073792
0.11991795087571662
0.11997054646820596
0.12018092883816336
0.12028612002314205
0.12049650239309946
0.1206542891705675
0.12091726713301425
0.12112764950297165
0.1212854362804397
0.1213906274654184
0.12144322305790775
0.1214958186503971
0.12160100983537579
0.12175879661284385
0.1218113922053332
0.12202177457529059
0.12217956135275863
0.12223215694524799
0.12244253931520539
0.12244253931520539
0.12249513490769473
0.12265292168516279
0.12281070846263083
0.12291589964760953
0.12302109083258823
0.12307368642507757
0.12312628201756692
0.12317887761005628
0.12328406879503498
0.12338925998001367
0.12344185557250302
0.12354704675748172
0.12375742912743912
0.12391521590490717
0.12396781149739652
0.12407300268237521
0.12423078945984327
0.12438857623731131
0.12449376742229001
0.12454636301477937
0.12465155419975806
0.1247041497922474
0.12475674538473676
0.12480934097722611
0.12486193656971546
0.1250197233471835
0.12507231893967286
0.1251249145321622
0.12528270130963026
0.12533529690211961
0.12538789249460894
0.1256508704570557
0.1256508704570557
0.1256508704570557
0.1257560616420344
0.12580865723452375
0.12580865723452375
0.12607163519697048
0.1261768263819492
0.1263872087519066
0.12643980434439595
0.126597591121864
0.12665018671435332
0.12680797349182138
0.12680797349182138
0.1270183558617788
0.1272287382317362
0.12728133382422552
0.12738652500920422
0.12759690737916163
0.12759690737916163
0.12759690737916163
0.12764950297165098
0.12780728974911904
0.1278598853416084
0.12801767211907641
0.12807026771156577
0.12812286330405512
0.12812286330405512
0.12833324567401252
0.12833324567401252
0.12849103245148055
0.12849103245148055
0.12849103245148055
0.1285436280439699
0.12859622363645926
0.1287540104139273
0.1287540104139273
0.12885920159890601
0.12891179719139537
0.12891179719139537
0.12912217956135275
0.12922737074633145
0.1292799663388208
0.12933256193131015
0.12943775311628886
0.12943775311628886
0.1294903487087782
0.12954294430126756
0.1295955398937569
0.1295955398937569
0.12964813548624626
0.12970073107873561
0.1298059222637143
0.12996370904118235
0.12996370904118235
0.12996370904118235
0.12996370904118235
0.12996370904118235
0.12996370904118235
0.12996370904118235
0.12996370904118235
0.13006890022616105
0.1301214958186504
0.1301214958186504
0.1301214958186504
0.1301214958186504
0.13017409141113975
0.13017409141113975
0.1302266870036291
0.13038447378109713
0.13038447378109713
0.13038447378109713
0.13038447378109713
0.13038447378109713
0.13048966496607584
0.13059485615105454
0.1306474517435439
0.13080523852101195
0.13091042970599065
0.13096302529847997
0.13096302529847997
0.13101562089096933
0.13106821648345868
0.13112081207594803
0.13112081207594803
0.13122600326092673
0.13127859885341608
0.1313837900383948
0.1313837900383948
0.13143638563088414
0.13143638563088414
0.1314889812233735
0.1314889812233735
0.13154157681586284
0.13154157681586284
0.13154157681586284
0.13154157681586284
0.13154157681586284
0.13154157681586284
0.13159417240835217
0.13159417240835217
0.13159417240835217
0.13159417240835217
0.13159417240835217
0.13164676800084152
0.13164676800084152
0.13164676800084152
0.13169936359333087
0.13175195918582022
0.13190974596328828
0.13190974596328828
0.13190974596328828
0.13190974596328828
0.13196234155577763
0.13196234155577763
0.13201493714826698
0.13206753274075633
0.13212012833324568
0.13212012833324568
0.13217272392573504
0.13238310629569242
0.13238310629569242
0.13243570188818177
0.13243570188818177
0.13259348866564982
0.13259348866564982
0.13264608425813917
0.13275127544311788
0.13280387103560723
0.13280387103560723
0.13280387103560723
0.13280387103560723
0.13280387103560723
0.13285646662809655
0.13285646662809655
0.13285646662809655
0.1329090622205859
0.13296165781307526
0.1330142534055646
0.13306684899805396
0.1331194445905433
0.13317204018303266
0.13317204018303266
0.13317204018303266
0.13317204018303266
0.13317204018303266
0.13322463577552202
0.13332982696050072
0.13348761373796875
0.1335402093304581
0.1335402093304581
0.1336454005154368
0.1336454005154368
0.1336454005154368
0.1336454005154368
0.1336454005154368
0.1336454005154368
0.1337505917004155
0.13380318729290486
0.13380318729290486
0.1338557828853942
0.1340661652553516
0.1340661652553516
0.1340661652553516
0.1340661652553516
0.1341713564403303
0.1341713564403303
0.1341713564403303
0.1341713564403303
0.1341713564403303
0.1341713564403303
0.1341713564403303
0.1341713564403303
0.1341713564403303
0.13422395203281964
0.134276547625309
0.134276547625309
0.13432914321779835
0.13432914321779835
0.1344869299952664
0.13453952558775575
0.13453952558775575
0.13453952558775575
0.13453952558775575
0.1345921211802451
0.1345921211802451
0.1345921211802451
0.1345921211802451
0.1345921211802451
0.1345921211802451
0.1345921211802451
0.13469731236522378
0.13469731236522378
0.13469731236522378
0.13474990795771313
0.13485509914269184
0.13485509914269184
0.13485509914269184
0.13485509914269184
0.13485509914269184
0.13485509914269184
0.13485509914269184
0.1349076947351812
0.13496029032767054
0.13496029032767054
0.13496029032767054
0.1350128859201599
0.1350128859201599
0.1350128859201599
0.1351180771051386
0.1351180771051386
0.1351180771051386
0.13517067269762795
0.1352232682901173
0.1352232682901173
0.1352232682901173
0.13527586388260665
0.13527586388260665
0.13527586388260665
0.13527586388260665
0.13527586388260665
0.13532845947509597
0.13532845947509597
0.13532845947509597
0.13532845947509597
0.13532845947509597
0.13532845947509597
0.13532845947509597
0.13532845947509597
0.13532845947509597
0.13548624625256403
0.13548624625256403
0.13548624625256403
0.13548624625256403
0.13548624625256403
0.13553884184505338
0.13559143743754273
0.13564403303003209
0.13569662862252144
0.13569662862252144
0.13580181980750014
0.13580181980750014
0.13580181980750014
0.13580181980750014
0.1358544153999895
0.13595960658496817
0.13595960658496817
0.13595960658496817
0.13601220217745752
0.13601220217745752
0.13601220217745752
0.13601220217745752
0.13606479776994687
0.13606479776994687
0.13606479776994687
0.13606479776994687
0.13606479776994687
0.13606479776994687
0.13606479776994687
0.13606479776994687
0.13616998895492557
0.13616998895492557
0.13616998895492557
0.13616998895492557
0.13616998895492557
0.13616998895492557
0.13616998895492557
0.13622258454741493
0.13622258454741493
0.13627518013990428
0.13632777573239363
0.13632777573239363
0.13638037132488298
0.13638037132488298
0.13638037132488298
0.13638037132488298
0.13638037132488298
0.13638037132488298
0.13643296691737233
0.13643296691737233
0.13648556250986169
0.13648556250986169
0.13648556250986169
0.13648556250986169
0.136538158102351
0.136538158102351
0.136538158102351
0.13659075369484036
0.1366433492873297
0.1366433492873297
0.13669594487981906
0.13674854047230842
0.13680113606479777
0.13680113606479777
0.13680113606479777
0.13690632724977647
0.13695892284226582
0.13695892284226582
0.13695892284226582
0.13701151843475518
0.13701151843475518
0.13701151843475518
0.13701151843475518
0.13701151843475518
0.13701151843475518
0.13701151843475518
0.13706411402724453
0.13706411402724453
0.13706411402724453
0.13711670961973388
0.1371693052122232
0.1371693052122232
0.1371693052122232
0.1371693052122232
0.1371693052122232
0.1371693052122232
0.1371693052122232
0.13722190080471255
0.13722190080471255
0.13722190080471255
0.13722190080471255
0.13722190080471255
0.13722190080471255
0.13722190080471255
0.13722190080471255
0.1372744963972019
0.1372744963972019
0.1372744963972019
0.1372744963972019
0.13732709198969126
0.13732709198969126
0.13732709198969126
0.13732709198969126
0.13732709198969126
0.13732709198969126
0.1373796875821806
0.1373796875821806
0.1373796875821806
0.1373796875821806
0.13743228317466996
0.13743228317466996
0.13743228317466996
0.13743228317466996
0.13743228317466996
0.13743228317466996
0.1374848787671593
0.1374848787671593
0.1374848787671593
0.1374848787671593
0.1374848787671593
0.1374848787671593
0.13753747435964866
0.13753747435964866
0.13759006995213802
0.13759006995213802
0.13759006995213802
0.13759006995213802
0.13769526113711672
0.13769526113711672
0.13769526113711672
0.13769526113711672
0.13769526113711672
0.13769526113711672
0.13769526113711672
0.13769526113711672
0.13769526113711672
0.13769526113711672
0.13769526113711672
0.13769526113711672
0.13769526113711672
0.13774785672960607
0.13774785672960607
0.1378004523220954
0.1378004523220954
0.1378004523220954
0.1378004523220954
0.1378004523220954
0.1378004523220954
0.1378004523220954
0.1378004523220954
0.1378004523220954
0.1378004523220954
0.1378004523220954
0.1378004523220954
0.1378004523220954
0.1378004523220954
0.1378004523220954
0.1378004523220954
0.13785304791458475
0.13785304791458475
0.13785304791458475
0.13785304791458475
0.13785304791458475
0.13785304791458475
0.13785304791458475
0.13785304791458475
0.13785304791458475
0.13785304791458475
0.13785304791458475
0.13785304791458475
0.13785304791458475
0.13785304791458475
0.13785304791458475
0.1379056435070741
0.1379056435070741
0.13795823909956345
0.13795823909956345
0.13795823909956345
0.13795823909956345
0.13795823909956345
0.13795823909956345
0.1380108346920528
0.1380108346920528
0.1380108346920528
0.13806343028454215
0.13806343028454215
0.13806343028454215
0.13806343028454215
0.13806343028454215
0.13806343028454215
0.13806343028454215
0.13806343028454215
0.13806343028454215
0.13806343028454215
0.13806343028454215
0.1381160258770315
0.1381160258770315
0.1381160258770315
0.1381160258770315
0.13816862146952086
0.1382212170620102
0.13827381265449956
0.13827381265449956
0.13827381265449956
0.13827381265449956
0.13827381265449956
0.13827381265449956
0.13827381265449956
0.13827381265449956
0.1383264082469889
0.13837900383947827
0.13837900383947827
0.13837900383947827
0.13837900383947827
0.13837900383947827
0.1384315994319676
0.13848419502445694
0.13848419502445694
0.1385367906169463
0.1385367906169463
0.1385367906169463
0.1385367906169463
0.1385367906169463
0.1385367906169463
0.1385367906169463
0.1385367906169463
0.1385367906169463
0.13858938620943564
0.138641981801925
0.138641981801925
0.138641981801925
0.138641981801925
0.138641981801925
0.13869457739441435
0.1387471729869037
0.13879976857939305
0.13879976857939305
0.13879976857939305
0.13879976857939305
0.13879976857939305
0.1388523641718824
0.1388523641718824
0.1388523641718824
0.13890495976437175
0.13890495976437175
0.13890495976437175
0.1389575553568611
0.13901015094935043
0.13901015094935043
0.13906274654183978
0.13906274654183978
0.13906274654183978
0.13906274654183978
0.13906274654183978
0.13906274654183978
0.13906274654183978
0.13906274654183978
0.13906274654183978
0.13906274654183978
0.13911534213432913
0.13911534213432913
0.13911534213432913
0.13911534213432913
0.13916793772681849
0.13922053331930784
0.13922053331930784
0.13922053331930784
0.13922053331930784
0.13922053331930784
0.13922053331930784
0.1392731289117972
0.1392731289117972
0.1392731289117972
0.1392731289117972
0.1392731289117972
0.1392731289117972
0.1392731289117972
0.1392731289117972
0.1392731289117972
0.1392731289117972
0.13932572450428654
0.13932572450428654
0.13943091568926524
0.13943091568926524
0.13943091568926524
0.1394835112817546
0.1394835112817546
0.13953610687424395
0.13953610687424395
0.13953610687424395
0.13953610687424395
0.13953610687424395
0.13953610687424395
0.1395887024667333
0.1395887024667333
0.1395887024667333
0.13964129805922262
0.13964129805922262
0.13964129805922262
0.13969389365171198
0.13969389365171198
0.13974648924420133
0.13979908483669068
0.13985168042918003
0.13985168042918003
0.13985168042918003
0.13985168042918003
0.13985168042918003
0.13985168042918003
0.13990427602166938
0.13990427602166938
0.13990427602166938
0.13990427602166938
0.13995687161415873
0.13995687161415873
0.13995687161415873
0.13995687161415873
0.13995687161415873
0.13995687161415873
0.13995687161415873
0.13995687161415873
0.13995687161415873
0.13995687161415873
0.13995687161415873
0.13995687161415873
0.13995687161415873
0.13995687161415873
0.13995687161415873
0.14000946720664809
0.14000946720664809
0.14000946720664809
0.14006206279913744
0.14006206279913744
0.14006206279913744
0.14006206279913744
0.14006206279913744
0.14006206279913744
0.14006206279913744
0.1401146583916268
0.1401146583916268
0.1401146583916268
0.1401146583916268
0.1401146583916268
0.1401146583916268
0.1401146583916268
0.1401146583916268
0.1401146583916268
0.14016725398411614
0.14016725398411614
0.14016725398411614
0.14016725398411614
0.14016725398411614
0.14016725398411614
0.14016725398411614
0.14016725398411614
0.14016725398411614
0.14016725398411614
0.14016725398411614
0.1402198495766055
0.1402198495766055
0.1402198495766055
0.1402198495766055
0.14027244516909482
0.14027244516909482
0.14027244516909482
0.14027244516909482
0.14027244516909482
0.14027244516909482
0.14027244516909482
0.14027244516909482
0.14027244516909482
0.14027244516909482
0.14027244516909482
0.14027244516909482
0.14027244516909482
0.14027244516909482
0.14027244516909482
0.14027244516909482
0.14027244516909482
0.14027244516909482
0.14027244516909482
0.14027244516909482
0.14027244516909482
0.14027244516909482
0.14027244516909482
0.14032504076158417
0.14032504076158417
0.14032504076158417
0.14037763635407352
0.14037763635407352
0.14037763635407352
0.14043023194656287
0.14043023194656287
0.14043023194656287
0.14048282753905222
0.14048282753905222
0.14053542313154158
0.14053542313154158
0.14053542313154158
0.14053542313154158
0.14053542313154158
0.14053542313154158
0.14053542313154158
0.14053542313154158
0.14053542313154158
0.14053542313154158
0.14058801872403093
0.14058801872403093
0.14058801872403093
0.14058801872403093
0.14058801872403093
0.14058801872403093
0.14058801872403093
0.14058801872403093
0.14058801872403093
0.14058801872403093
0.14058801872403093
0.14058801872403093
0.14058801872403093
0.14058801872403093
0.14058801872403093
0.14058801872403093
0.14058801872403093
0.14058801872403093
0.14058801872403093
0.14058801872403093
0.14058801872403093
0.14058801872403093
0.14058801872403093
0.14058801872403093
0.14058801872403093
0.14058801872403093
0.14058801872403093
0.14058801872403093
0.14058801872403093
0.14058801872403093
0.14064061431652028
0.14069320990900963
0.14074580550149898
0.14074580550149898
0.14074580550149898
0.14074580550149898
0.14074580550149898
0.14074580550149898
0.14074580550149898
0.14074580550149898
0.14074580550149898
0.14074580550149898
0.14074580550149898
0.14074580550149898
0.14074580550149898
0.14074580550149898
0.14074580550149898
0.1408509966864777
0.1408509966864777
0.1408509966864777
0.140903592278967
0.140903592278967
0.14095618787145636
0.14095618787145636
0.14095618787145636
0.14095618787145636
0.14095618787145636
0.14095618787145636
0.1410087834639457
0.1410087834639457
0.1410087834639457
0.14106137905643507
0.14106137905643507
0.14106137905643507
0.14106137905643507
0.14106137905643507
0.14106137905643507
0.14106137905643507
0.14111397464892442
0.14111397464892442
0.14111397464892442
0.14111397464892442
0.14111397464892442
0.14111397464892442
0.14111397464892442
0.14111397464892442
0.14111397464892442
0.14111397464892442
0.14111397464892442
0.14111397464892442
0.14111397464892442
0.14111397464892442
0.14111397464892442
0.14111397464892442
0.14111397464892442
0.14116657024141377
0.14116657024141377
0.14116657024141377
0.14116657024141377
0.14116657024141377
0.14116657024141377
0.14116657024141377
0.14116657024141377
0.14116657024141377
0.14116657024141377
0.14116657024141377
0.14116657024141377
0.14116657024141377
0.14116657024141377
0.14121916583390312
0.14121916583390312
0.14121916583390312
0.14127176142639247
0.14127176142639247
0.14127176142639247
0.14127176142639247
0.14127176142639247
0.14127176142639247
0.14127176142639247
0.14132435701888182
0.14137695261137118
0.14137695261137118
0.14137695261137118
0.14137695261137118
0.14137695261137118
0.14137695261137118
0.14137695261137118
0.14137695261137118
0.14137695261137118
0.14137695261137118
0.14137695261137118
0.14137695261137118
0.14137695261137118
0.14137695261137118
0.14137695261137118
0.14137695261137118
0.14137695261137118
0.14137695261137118
0.14137695261137118
0.14137695261137118
0.14137695261137118
0.14137695261137118
0.14137695261137118
0.14137695261137118
0.14137695261137118
0.14137695261137118
0.14137695261137118
0.14137695261137118
0.14137695261137118
0.14137695261137118
0.14148214379634988
0.14148214379634988
0.14148214379634988
0.14148214379634988
0.14148214379634988
0.1415347393888392
0.1415347393888392
0.1415347393888392
0.1415347393888392
0.1415347393888392
0.1415347393888392
0.1415347393888392
0.1415347393888392
0.1415347393888392
0.1415347393888392
0.1415347393888392
0.1415347393888392
0.1415347393888392
0.1415347393888392
0.1415347393888392
0.1415347393888392
0.1415347393888392
0.1415347393888392
0.1415347393888392
0.1415347393888392
0.1415347393888392
0.1415347393888392
0.1415347393888392
0.1415347393888392
0.1415347393888392
0.1415347393888392
0.1415347393888392
0.1415347393888392
0.1415347393888392
0.1415347393888392
0.1415347393888392
0.1415347393888392
0.1415347393888392
0.1415347393888392
0.1415347393888392
0.1415347393888392
0.14158733498132856
0.14158733498132856
0.14158733498132856
0.14158733498132856
0.14158733498132856
0.14158733498132856
0.14158733498132856
0.14158733498132856
0.14158733498132856
0.14158733498132856
0.14158733498132856
0.14158733498132856
0.1416399305738179
0.1416399305738179
0.1416399305738179
0.1416399305738179
0.14169252616630726
0.14169252616630726
0.1417451217587966
0.1417451217587966
0.1417451217587966
0.1417451217587966
0.1417451217587966
0.1417451217587966
0.1417451217587966
0.14179771735128596
0.14179771735128596
