0.05922263714300741
0.06679640246147373
0.07047809393572818
0.07415978540998264
0.07663177825698206
0.0787881975490454
0.08068163887866196
0.0827328669857466
0.08462630831536318
0.08578341135012886
0.0869931099773839
0.08788723504970283
0.08883395571451112
0.08957029400936202
0.09077999263661705
0.09183190448640403
0.09356755903855257
0.09440908851838216
0.09556619155314784
0.09677589018040288
0.09782780203018987
0.0990375006574449
0.0997738389522958
0.10072055961710409
0.10156208909693368
0.10256140535423132
0.1032977436490822
0.10398148635144375
0.104770420238784
0.10540156734865619
0.10608531005101772
0.10645347919844317
0.10703203071582601
0.10745279545574081
0.1082943249355704
0.1088202808604639
0.10950402356282543
0.11018776626518698
0.11071372219008047
0.11108189133750591
0.11155525166991007
0.11171303844737811
0.11213380318729291
0.112449376742229
0.11302792825961185
0.11360647977699469
0.11397464892442014
0.11429022247935623
0.11455320044180298
0.11518434755167517
0.11576289906905801
0.11613106821648346
0.11655183295639826
0.1170251932888024
0.1174459580287172
0.11770893599116394
0.11828748750854678
0.11876084784095092
0.11891863461841898
0.11923420817335507
0.11949718613580182
0.11965497291326987
0.11981275969073792
0.12028612002314205
0.1207594803555462
0.12091726713301425
0.121180245095461
0.12144322305790775
0.1218113922053332
0.12196917898280124
0.12228475253773734
0.12249513490769473
0.12275811287014148
0.12302109083258823
0.12333666438752433
0.12354704675748172
0.12391521590490717
0.12412559827486457
0.12423078945984327
0.12465155419975806
0.1250197233471835
0.12507231893967286
0.12528270130963026
0.125545679272077
0.1258612528270131
0.1259664440119918
0.12622942197443854
0.12643980434439595
0.12670278230684268
0.1270183558617788
0.12717614263924684
0.12738652500920422
0.12770209856414033
0.12780728974911904
0.12796507652658706
0.12822805448903382
0.12833324567401252
0.12843843685899123
0.1286488192289486
0.12885920159890601
0.12896439278388472
0.12922737074633145
0.12933256193131015
0.12943775311628886
0.12954294430126756
0.12970073107873561
0.129911113448693
0.1300163046336717
0.13027928259611846
0.1303318781886078
0.13038447378109713
0.1305422605585652
0.1305422605585652
0.13059485615105454
0.13070004733603324
0.1307526429285226
0.1307526429285226
0.13091042970599065
0.13096302529847997
0.13106821648345868
0.13122600326092673
0.1313837900383948
0.1314889812233735
0.13159417240835217
0.13169936359333087
0.13180455477830957
0.13196234155577763
0.13212012833324568
0.13222531951822436
0.13233051070320306
0.13243570188818177
0.13248829748067112
0.13254089307316047
0.13269867985062853
0.13280387103560723
0.13285646662809655
0.13296165781307526
0.1330142534055646
0.1331194445905433
0.13327723136801137
0.1336454005154368
0.1338557828853942
0.13401356966286226
0.1340661652553516
0.1340661652553516
0.1341713564403303
0.1343817388102877
0.13469731236522378
0.13474990795771313
0.13474990795771313
0.13480250355020248
0.13485509914269184
0.1350128859201599
0.1351180771051386
0.13527586388260665
0.13532845947509597
0.13543365066007468
0.13548624625256403
0.13559143743754273
0.13569662862252144
0.1357492242150108
0.13590701099247884
0.13601220217745752
0.13601220217745752
0.13606479776994687
0.13616998895492557
0.13632777573239363
0.13648556250986169
0.13648556250986169
0.13648556250986169
0.13648556250986169
0.136538158102351
0.136538158102351
0.13669594487981906
0.13680113606479777
0.13695892284226582
0.13706411402724453
0.13711670961973388
0.1371693052122232
0.13732709198969126
0.13743228317466996
0.13759006995213802
0.13769526113711672
0.13785304791458475
0.13785304791458475
0.13785304791458475
0.13795823909956345
0.1380108346920528
0.13816862146952086
0.1382212170620102
0.13837900383947827
0.13837900383947827
0.13858938620943564
0.13869457739441435
0.1387471729869037
0.1389575553568611
0.13906274654183978
0.13916793772681849
0.13932572450428654
0.1395887024667333
0.13964129805922262
0.13969389365171198
0.13979908483669068
0.13990427602166938
0.13990427602166938
0.13990427602166938
0.14000946720664809
0.14006206279913744
0.14006206279913744
0.1402198495766055
0.14027244516909482
0.14037763635407352
0.14043023194656287
0.14043023194656287
0.14053542313154158
0.14053542313154158
0.14069320990900963
0.1408509966864777
0.14095618787145636
0.14095618787145636
0.14116657024141377
0.14127176142639247
0.14142954820386053
0.1416399305738179
0.14169252616630726
0.14179771735128596
0.14185031294377531
0.14195550412875402
0.14195550412875402
0.14206069531373272
0.14206069531373272
0.14206069531373272
0.14211329090622205
0.14211329090622205
0.14211329090622205
0.1421658864987114
0.14221848209120075
0.1422710776836901
0.14232367327617945
0.1423762688686688
0.14253405564613686
0.14253405564613686
0.14263924683111556
0.14269184242360491
0.14269184242360491
0.14274443801609424
0.14274443801609424
0.14274443801609424
0.1429022247935623
0.1429022247935623
0.143007415978541
0.14306001157103035
0.14306001157103035
0.1431126071635197
0.14327039394098776
0.14337558512596643
0.1435333719034345
0.1436385630884132
0.1436385630884132
0.14369115868090254
0.1437437542733919
0.1438489454583706
0.14390154105085995
0.14390154105085995
0.1439541366433493
0.14405932782832798
0.14411192342081733
0.14411192342081733
0.14411192342081733
0.14411192342081733
0.14411192342081733
0.14411192342081733
0.14411192342081733
0.14416451901330668
0.14416451901330668
0.14416451901330668
0.14421711460579603
0.14432230579077474
0.1443749013832641
0.1443749013832641
0.1444800925682428
0.1444800925682428
0.1444800925682428
0.14453268816073214
0.14463787934571082
0.14469047493820017
0.14479566612317887
0.14479566612317887
0.14484826171566823
0.14490085730815758
0.14490085730815758
0.14490085730815758
0.14495345290064693
0.14500604849313628
0.14505864408562563
0.14505864408562563
0.14505864408562563
0.14511123967811498
0.14516383527060434
0.14521643086309366
0.145269026455583
0.14532162204807236
0.14532162204807236
0.14532162204807236
0.14537421764056171
0.14547940882554042
0.14558460001051912
0.14558460001051912
0.14558460001051912
0.14563719560300847
0.14568979119549783
0.14574238678798718
0.1459001735654552
0.1459001735654552
0.1459001735654552
0.14595276915794456
0.14605796034292326
0.14605796034292326
0.14605796034292326
0.1461105559354126
0.14616315152790196
0.14621574712039132
0.14626834271288067
0.14626834271288067
0.14626834271288067
0.14632093830537002
0.14632093830537002
0.14637353389785937
0.14637353389785937
0.14642612949034872
0.14647872508283805
0.1466365118603061
0.1467417030452848
0.1467417030452848
0.1467417030452848
0.1468468942302635
0.1468468942302635
0.1468468942302635
0.14689948982275286
0.14689948982275286
0.14689948982275286
0.14700468100773156
0.14700468100773156
0.14710987219271024
0.14721506337768894
0.1472676589701783
0.1472676589701783
0.14732025456266765
0.147372850155157
0.147372850155157
0.147372850155157
0.147372850155157
0.147372850155157
0.14753063693262505
0.14753063693262505
0.1475832325251144
0.1475832325251144
0.14763582811760376
0.14763582811760376
0.14763582811760376
0.14768842371009308
0.14768842371009308
0.14768842371009308
0.14768842371009308
0.14768842371009308
0.14774101930258243
0.14774101930258243
0.14779361489507178
0.14784621048756114
0.14784621048756114
0.14784621048756114
0.1478988060800505
0.1478988060800505
0.1480039972650292
0.1480039972650292
0.1480039972650292
0.14805659285751854
0.14805659285751854
0.14805659285751854
0.14805659285751854
0.1481091884500079
0.14816178404249725
0.1482143796349866
0.1482143796349866
0.1482143796349866
0.1482143796349866
0.14826697522747595
0.14837216641245463
0.14837216641245463
0.14837216641245463
0.14842476200494398
0.14847735759743333
0.14847735759743333
0.14852995318992268
0.14868773996739074
0.14868773996739074
0.14879293115236944
0.14889812233734814
0.14889812233734814
0.14889812233734814
0.14900331352232682
0.14900331352232682
0.14905590911481617
0.14910850470730552
0.14916110029979487
0.14921369589228423
0.14921369589228423
0.14921369589228423
0.14921369589228423
0.14926629148477358
0.14926629148477358
0.14926629148477358
0.14926629148477358
0.14926629148477358
0.14942407826224163
0.14942407826224163
0.14942407826224163
0.14947667385473098
0.14947667385473098
0.14947667385473098
0.14947667385473098
0.14947667385473098
0.14958186503970966
0.14958186503970966
0.149634460632199
0.149634460632199
0.149634460632199
0.14968705622468836
0.14979224740966707
0.14979224740966707
0.14984484300215642
0.14989743859464577
0.15000262977962447
0.15000262977962447
0.15000262977962447
0.15000262977962447
0.15000262977962447
0.15000262977962447
0.15000262977962447
0.15000262977962447
0.15005522537211383
0.15005522537211383
0.15005522537211383
0.15005522537211383
0.15005522537211383
0.15010782096460318
0.15010782096460318
0.1501604165570925
0.1501604165570925
0.1501604165570925
0.1501604165570925
0.15021301214958185
0.1502656077420712
0.1502656077420712
0.1502656077420712
0.15031820333456056
0.15042339451953926
0.15042339451953926
0.15042339451953926
0.1504759901120286
0.15063377688949667
0.15063377688949667
0.15068637248198602
0.15068637248198602
0.15068637248198602
0.15068637248198602
0.15068637248198602
0.15068637248198602
0.15068637248198602
0.15068637248198602
0.15068637248198602
0.15068637248198602
0.15068637248198602
0.15068637248198602
0.15073896807447537
0.15073896807447537
0.15073896807447537
0.15073896807447537
0.15073896807447537
0.1507915636669647
0.1507915636669647
0.15084415925945405
0.15084415925945405
0.15084415925945405
0.15084415925945405
0.15084415925945405
0.15084415925945405
0.15084415925945405
0.15084415925945405
0.15084415925945405
0.15084415925945405
0.15084415925945405
0.1508967548519434
0.1508967548519434
0.1508967548519434
0.1508967548519434
0.15094935044443275
0.15094935044443275
0.15094935044443275
0.1510019460369221
0.15105454162941145
0.15105454162941145
0.1511071372219008
0.15115973281439016
0.1512123284068795
0.1512123284068795
0.1512123284068795
0.1512123284068795
0.15126492399936886
0.15126492399936886
0.15126492399936886
0.15126492399936886
0.1513175195918582
0.1513175195918582
0.1514227107768369
0.1514227107768369
0.1514227107768369
0.1514227107768369
0.1514227107768369
0.1514227107768369
0.1514227107768369
0.1514227107768369
0.1514227107768369
0.1514227107768369
0.1514227107768369
0.1514227107768369
0.1514227107768369
0.1514227107768369
0.1514227107768369
0.1514227107768369
0.15147530636932624
0.15147530636932624
0.15147530636932624
0.1515279019618156
0.1515279019618156
0.15158049755430494
0.15158049755430494
0.15158049755430494
0.15158049755430494
0.1516330931467943
0.1516330931467943
0.1516330931467943
0.15168568873928365
0.15168568873928365
0.151738284331773
0.151738284331773
0.151738284331773
0.151738284331773
0.151738284331773
0.151738284331773
0.151738284331773
0.151738284331773
0.151738284331773
0.151738284331773
0.15179087992426235
0.15179087992426235
0.15179087992426235
0.15179087992426235
0.1518434755167517
0.1518434755167517
0.1518434755167517
0.1518434755167517
0.15189607110924105
0.15189607110924105
0.15189607110924105
0.1519486667017304
0.1519486667017304
0.1519486667017304
0.1519486667017304
0.15200126229421976
0.15200126229421976
0.15205385788670908
0.15205385788670908
0.15205385788670908
0.15205385788670908
0.15205385788670908
0.15210645347919843
0.15210645347919843
0.15210645347919843
0.15210645347919843
0.15215904907168779
0.15221164466417714
0.15221164466417714
0.15221164466417714
0.1522642402566665
0.1522642402566665
0.1522642402566665
0.15231683584915584
0.15231683584915584
0.15231683584915584
0.1523694314416452
0.1523694314416452
0.1523694314416452
0.1523694314416452
0.1523694314416452
0.1523694314416452
0.1523694314416452
0.1523694314416452
0.1523694314416452
0.1523694314416452
0.15242202703413454
0.15242202703413454
0.15242202703413454
0.15242202703413454
0.15242202703413454
0.1524746226266239
0.1524746226266239
0.1524746226266239
0.1524746226266239
0.1524746226266239
0.1525798138116026
0.1525798138116026
0.1525798138116026
0.1525798138116026
0.15263240940409192
0.15263240940409192
0.15263240940409192
0.15263240940409192
0.15263240940409192
0.15263240940409192
0.15263240940409192
0.15263240940409192
0.15263240940409192
0.15263240940409192
0.15263240940409192
0.15263240940409192
0.15263240940409192
0.15268500499658128
0.15268500499658128
0.15268500499658128
0.15273760058907063
0.15273760058907063
0.15273760058907063
0.15279019618155998
0.15284279177404933
0.15284279177404933
0.15284279177404933
0.15289538736653868
0.15294798295902803
0.15294798295902803
0.15294798295902803
0.15294798295902803
0.15294798295902803
0.15294798295902803
0.15294798295902803
0.15294798295902803
0.15294798295902803
0.15300057855151739
0.1531057697364961
0.1531057697364961
0.1531057697364961
0.1531057697364961
0.1531057697364961
0.15315836532898544
0.15315836532898544
0.15315836532898544
0.15315836532898544
0.1532109609214748
0.15326355651396412
0.15326355651396412
0.15326355651396412
0.15326355651396412
0.15326355651396412
0.15326355651396412
0.15326355651396412
0.15326355651396412
0.15326355651396412
0.15331615210645347
0.15331615210645347
0.15331615210645347
0.15331615210645347
0.15331615210645347
0.15331615210645347
0.15336874769894282
0.15336874769894282
0.15336874769894282
0.15342134329143217
0.15342134329143217
0.15342134329143217
0.15342134329143217
0.15342134329143217
0.15342134329143217
0.15342134329143217
0.15342134329143217
0.15342134329143217
0.15342134329143217
0.15347393888392152
0.15347393888392152
0.15347393888392152
0.15347393888392152
0.15347393888392152
0.15352653447641088
0.15352653447641088
0.15352653447641088
0.15352653447641088
0.15357913006890023
0.15357913006890023
0.15363172566138958
0.15368432125387893
0.15378951243885763
0.15384210803134699
0.15384210803134699
0.1538947036238363
0.15394729921632566
0.15394729921632566
0.15394729921632566
0.15394729921632566
0.153999894808815
0.153999894808815
0.153999894808815
0.15405249040130436
0.15405249040130436
0.15410508599379372
0.15410508599379372
0.15410508599379372
0.15410508599379372
0.15415768158628307
0.15415768158628307
0.15415768158628307
0.15421027717877242
0.15426287277126177
0.15426287277126177
0.15426287277126177
0.15426287277126177
0.15426287277126177
0.15426287277126177
0.15431546836375112
0.15431546836375112
0.15431546836375112
0.15436806395624048
0.15436806395624048
0.15436806395624048
0.15436806395624048
0.15436806395624048
0.15436806395624048
0.15436806395624048
0.15436806395624048
0.15436806395624048
0.15436806395624048
0.15436806395624048
0.15436806395624048
0.15436806395624048
0.15436806395624048
0.15436806395624048
0.15436806395624048
0.15436806395624048
0.15436806395624048
0.15442065954872983
0.15442065954872983
0.15447325514121918
0.15447325514121918
0.1545258507337085
0.1546310419186872
0.1546310419186872
0.15468363751117656
0.1547362331036659
0.1547362331036659
0.1547362331036659
0.1547362331036659
0.1547362331036659
0.15478882869615526
0.15478882869615526
0.15478882869615526
0.15478882869615526
0.15478882869615526
0.15478882869615526
0.1548414242886446
0.1548414242886446
0.15494661547362332
0.15494661547362332
0.15494661547362332
0.15499921106611267
0.15499921106611267
0.15499921106611267
0.15499921106611267
0.15499921106611267
0.15505180665860202
0.15505180665860202
0.15505180665860202
0.15505180665860202
0.15505180665860202
0.15505180665860202
0.15510440225109137
0.15510440225109137
0.15510440225109137
0.15520959343607005
0.15520959343607005
0.15520959343607005
0.15520959343607005
0.1552621890285594
0.1552621890285594
0.1552621890285594
0.15531478462104875
0.15531478462104875
0.15531478462104875
0.1553673802135381
0.1553673802135381
0.1553673802135381
0.1553673802135381
0.1553673802135381
0.1553673802135381
0.1553673802135381
0.1553673802135381
0.1553673802135381
0.1553673802135381
0.1553673802135381
0.1553673802135381
0.1553673802135381
0.1553673802135381
0.15541997580602745
0.15541997580602745
0.15541997580602745
0.15541997580602745
0.15541997580602745
0.15541997580602745
0.15541997580602745
0.15541997580602745
0.15541997580602745
0.15541997580602745
0.15541997580602745
0.15541997580602745
0.15541997580602745
0.15541997580602745
0.1554725713985168
0.1554725713985168
0.15552516699100616
0.15552516699100616
0.15563035817598486
0.15563035817598486
0.15563035817598486
0.15573554936096354
0.15573554936096354
0.15573554936096354
0.15573554936096354
0.15573554936096354
0.15573554936096354
0.1557881449534529
0.1557881449534529
0.1558933361384316
0.15594593173092094
0.1559985273234103
0.1559985273234103
0.1559985273234103
0.1559985273234103
0.1559985273234103
0.1559985273234103
0.15605112291589965
0.15615631410087835
0.15615631410087835
0.15626150528585706
0.1563141008783464
0.1563141008783464
0.1563141008783464
0.1563141008783464
0.1563141008783464
0.1563141008783464
0.1563141008783464
0.1563141008783464
0.1563141008783464
0.1563141008783464
0.15636669647083573
0.15636669647083573
0.15636669647083573
0.15636669647083573
0.15636669647083573
0.15641929206332508
0.15641929206332508
0.15647188765581443
0.1565244832483038
0.15657707884079314
0.1566296744332825
0.1566296744332825
0.1566296744332825
0.15668227002577184
0.15668227002577184
0.15668227002577184
0.15668227002577184
0.15668227002577184
0.15668227002577184
0.15668227002577184
0.15668227002577184
0.15668227002577184
0.15668227002577184
0.15668227002577184
0.15668227002577184
0.15668227002577184
0.1567348656182612
0.1567348656182612
0.1567348656182612
0.1567348656182612
0.1567348656182612
0.1567348656182612
0.1567348656182612
0.1567348656182612
0.1567348656182612
0.1567348656182612
0.1567348656182612
0.1567348656182612
0.1567348656182612
0.1567348656182612
0.1567348656182612
0.1567348656182612
0.1567348656182612
0.15678746121075054
0.1568400568032399
0.15689265239572925
0.15689265239572925
0.15689265239572925
0.1569452479882186
0.1569452479882186
0.15699784358070792
0.15699784358070792
0.15699784358070792
0.15699784358070792
0.15699784358070792
0.15699784358070792
0.15710303476568663
0.15710303476568663
0.15715563035817598
0.15715563035817598
0.15720822595066533
0.15720822595066533
0.15720822595066533
0.15720822595066533
0.15720822595066533
0.15720822595066533
0.15726082154315468
0.15731341713564403
0.15731341713564403
0.1573660127281334
0.15741860832062274
0.15741860832062274
0.15741860832062274
0.15752379950560144
0.1575763950980908
0.1575763950980908
0.1575763950980908
0.15762899069058012
0.15762899069058012
0.15768158628306947
0.15768158628306947
0.15773418187555882
0.15773418187555882
0.15778677746804817
0.15783937306053752
0.15783937306053752
0.15789196865302688
0.15794456424551623
0.15794456424551623
0.15794456424551623
0.15794456424551623
0.15794456424551623
0.15794456424551623
0.15799715983800558
0.15799715983800558
0.15799715983800558
0.15799715983800558
0.15799715983800558
0.15799715983800558
0.15804975543049493
0.15804975543049493
0.15804975543049493
0.15804975543049493
0.15804975543049493
0.15804975543049493
0.15804975543049493
0.15804975543049493
0.15804975543049493
0.15804975543049493
0.15804975543049493
0.15804975543049493
0.15804975543049493
0.15804975543049493
0.15804975543049493
0.15810235102298428
0.15810235102298428
0.15815494661547363
0.15815494661547363
0.15815494661547363
0.15815494661547363
0.15815494661547363
0.15815494661547363
0.15815494661547363
0.15815494661547363
0.15815494661547363
0.15815494661547363
0.15815494661547363
0.15815494661547363
0.15815494661547363
0.15815494661547363
0.15820754220796296
0.15820754220796296
0.1582601378004523
0.1582601378004523
0.1582601378004523
0.1582601378004523
0.1582601378004523
0.1582601378004523
0.1582601378004523
0.1582601378004523
