0.0
0.06379845368958081
0.07473833692736549
0.08099721243359806
0.08531005101772471
0.08941250723189396
0.09220007363382948
0.09430389733340346
0.09630252984799874
0.09777520643770052
0.0999842213222532
0.10193025824435913
0.10313995687161416
0.10498080260874139
0.10650607479093252
0.10771577341818755
0.10866249408299584
0.10966181034029349
0.11076631778256982
0.11197601640982485
0.1127649502971651
0.11344869299952665
0.11434281807184558
0.11534213432914321
0.1162888549939515
0.1171303844737811
0.11797191395361069
0.11870825224846158
0.11933939935833378
0.12018092883816336
0.12123284068795034
0.12191658339031189
0.12281070846263083
0.12317887761005628
0.12386262031241782
0.12433598064482196
0.1250197233471835
0.1257560616420344
0.12612423078945983
0.12654499552937465
0.12680797349182138
0.12738652500920422
0.12780728974911904
0.12843843685899123
0.12870141482143796
0.1291747751538421
0.12964813548624626
0.12996370904118235
0.1303318781886078
0.1305422605585652
0.1307526429285226
0.13101562089096933
0.13133119444590544
0.13180455477830957
0.13206753274075633
0.13238310629569242
0.13269867985062853
0.1331194445905433
0.13332982696050072
0.13369799610792615
0.13401356966286226
0.13422395203281964
0.13464471677273446
0.13517067269762795
0.13548624625256403
0.13580181980750014
0.13606479776994687
0.136538158102351
0.1366433492873297
0.13690632724977647
0.13711670961973388
0.13732709198969126
0.13769526113711672
0.13795823909956345
0.1381160258770315
0.13837900383947827
0.13848419502445694
0.13906274654183978
0.1393783200967759
0.13964129805922262
0.13969389365171198
0.14000946720664809
0.14027244516909482
0.14064061431652028
0.1410087834639457
0.14111397464892442
0.14142954820386053
0.1416399305738179
0.14179771735128596
0.14221848209120075
0.14242886446115816
0.1425866512386262
0.1427970336085836
0.14284962920107294
0.1429022247935623
0.14327039394098776
0.14342818071845578
0.1435333719034345
0.14369115868090254
0.14379634986588125
0.1438489454583706
0.14405932782832798
0.14432230579077474
0.14458528375322147
0.14484826171566823
0.14495345290064693
0.14505864408562563
0.14516383527060434
0.145269026455583
0.14553200441802977
0.14574238678798718
0.14584757797296585
0.14595276915794456
0.1461105559354126
0.14632093830537002
0.14647872508283805
0.1468468942302635
0.14710987219271024
0.14721506337768894
0.1472676589701783
0.1474780413401357
0.1475832325251144
0.14779361489507178
0.1480039972650292
0.1481091884500079
0.1482143796349866
0.14831957081996527
0.14858254878241203
0.14879293115236944
0.14900331352232682
0.14926629148477358
0.14931888707726293
0.14937148266975228
0.14942407826224163
0.14958186503970966
0.14973965181717772
0.14973965181717772
0.14984484300215642
0.14995003418713512
0.15000262977962447
0.15010782096460318
0.15021301214958185
0.15031820333456056
0.15052858570451796
0.15063377688949667
0.15063377688949667
0.15068637248198602
0.15073896807447537
0.1507915636669647
0.1507915636669647
0.1507915636669647
0.1508967548519434
0.15094935044443275
0.15105454162941145
0.1512123284068795
0.15137011518434756
0.15147530636932624
0.15147530636932624
0.15147530636932624
0.15158049755430494
0.151738284331773
0.15179087992426235
0.1518434755167517
0.1519486667017304
0.15205385788670908
0.15210645347919843
0.15210645347919843
0.15215904907168779
0.15221164466417714
0.1522642402566665
0.1523694314416452
0.15252721821911325
0.15268500499658128
0.15294798295902803
0.15305317414400674
0.15305317414400674
0.1531057697364961
0.15315836532898544
0.15326355651396412
0.15326355651396412
0.15326355651396412
0.15331615210645347
0.15347393888392152
0.15347393888392152
0.15347393888392152
0.15352653447641088
0.15352653447641088
0.15357913006890023
0.15363172566138958
0.15373691684636828
0.1538947036238363
0.1538947036238363
0.15394729921632566
0.15405249040130436
0.15415768158628307
0.15421027717877242
0.15426287277126177
0.15426287277126177
0.15431546836375112
0.15436806395624048
0.15442065954872983
0.15442065954872983
0.1546310419186872
0.15468363751117656
0.15478882869615526
0.15478882869615526
0.15478882869615526
0.15489401988113397
0.15499921106611267
0.15505180665860202
0.15505180665860202
0.1551569978435807
0.1551569978435807
0.15520959343607005
0.15520959343607005
0.1552621890285594
0.15531478462104875
0.1553673802135381
0.15541997580602745
0.15541997580602745
0.15541997580602745
0.1554725713985168
0.1554725713985168
0.1554725713985168
0.15563035817598486
0.1556829537684742
0.15573554936096354
0.1557881449534529
0.1557881449534529
0.1557881449534529
0.15584074054594224
0.1558933361384316
0.1558933361384316
0.1558933361384316
0.1558933361384316
0.15605112291589965
0.15605112291589965
0.15605112291589965
0.15615631410087835
0.1562089096933677
0.1562089096933677
0.15626150528585706
0.15636669647083573
0.15636669647083573
0.15641929206332508
0.15647188765581443
0.15647188765581443
0.1565244832483038
0.1565244832483038
0.15657707884079314
0.1566296744332825
0.1566296744332825
0.1566296744332825
0.1566296744332825
0.1566296744332825
0.1567348656182612
0.1567348656182612
0.1567348656182612
0.1567348656182612
0.15678746121075054
0.15678746121075054
0.15689265239572925
0.15689265239572925
0.1569452479882186
0.1569452479882186
0.1569452479882186
0.1569452479882186
0.15699784358070792
0.15705043917319728
0.15710303476568663
0.15715563035817598
0.15715563035817598
0.15715563035817598
0.15720822595066533
0.15726082154315468
0.15726082154315468
0.15726082154315468
0.15731341713564403
0.15731341713564403
0.1574712039131121
0.1574712039131121
0.1575763950980908
0.1575763950980908
0.1575763950980908
0.1575763950980908
0.15762899069058012
0.15762899069058012
0.15768158628306947
0.15768158628306947
0.15773418187555882
0.15773418187555882
0.15783937306053752
0.15783937306053752
0.15799715983800558
0.15799715983800558
0.15799715983800558
0.15799715983800558
0.15804975543049493
0.15810235102298428
0.15810235102298428
0.15810235102298428
0.15810235102298428
0.15815494661547363
0.15815494661547363
0.15820754220796296
0.15831273339294166
0.15836532898543101
0.15836532898543101
0.15847052017040972
0.15847052017040972
0.15847052017040972
0.15852311576289907
0.15857571135538842
0.15857571135538842
0.15862830694787777
0.15868090254036712
0.15868090254036712
0.15873349813285648
0.15878609372534583
0.15878609372534583
0.15878609372534583
0.15883868931783515
0.1588912849103245
0.1588912849103245
0.15894388050281386
0.15894388050281386
0.15894388050281386
0.15904907168779256
0.15904907168779256
0.1591016672802819
0.1591016672802819
0.1591016672802819
0.15915426287277126
0.15920685846526061
0.15920685846526061
0.15920685846526061
0.15931204965023932
0.15931204965023932
0.15936464524272867
0.15946983642770735
0.1595224320201967
0.1595224320201967
0.1595224320201967
0.1595224320201967
0.15957502761268605
0.15957502761268605
0.15957502761268605
0.1596276232051754
0.1596276232051754
0.15968021879766475
0.1597328143901541
0.1597328143901541
0.15978540998264346
0.15978540998264346
0.15978540998264346
0.1598380055751328
0.1598380055751328
0.15989060116762216
0.15999579235260086
0.15999579235260086
0.15999579235260086
0.16004838794509021
0.16004838794509021
0.16004838794509021
0.16010098353757954
0.1601535791300689
0.1601535791300689
0.1601535791300689
0.16020617472255824
0.1602587703150476
0.1602587703150476
0.1602587703150476
0.16031136590753695
0.16031136590753695
0.1603639615000263
0.1603639615000263
0.160469152685005
0.160469152685005
0.160469152685005
0.160469152685005
0.16052174827749435
0.1605743438699837
0.1605743438699837
0.16062693946247306
0.16062693946247306
0.16062693946247306
0.1606795350549624
0.1606795350549624
0.1606795350549624
0.1606795350549624
0.1606795350549624
0.16073213064745173
0.16083732183243044
0.1608899174249198
0.1608899174249198
0.16094251301740914
0.16094251301740914
0.16094251301740914
0.16094251301740914
0.16104770420238784
0.1611002997948772
0.16115289538736655
0.16115289538736655
0.16115289538736655
0.16115289538736655
0.1612054909798559
0.1612054909798559
0.1612054909798559
0.16131068216483457
0.16131068216483457
0.16136327775732393
0.16136327775732393
0.16141587334981328
0.16146846894230263
0.16146846894230263
0.16146846894230263
0.16152106453479198
0.16157366012728133
0.16157366012728133
0.16162625571977068
0.16167885131226004
0.16167885131226004
0.1617314469047494
0.1617314469047494
0.1617314469047494
0.1617314469047494
0.1617314469047494
0.1617314469047494
0.1617314469047494
0.1617314469047494
0.1617314469047494
0.1617314469047494
0.16178404249723874
0.1618366380897281
0.16188923368221744
0.16188923368221744
0.16188923368221744
0.16188923368221744
0.16188923368221744
0.16188923368221744
0.16199442486719612
0.16204702045968547
0.16204702045968547
0.16204702045968547
0.16204702045968547
0.16204702045968547
0.16209961605217482
0.16215221164466417
0.16215221164466417
0.16230999842213223
0.16230999842213223
0.16236259401462158
0.16236259401462158
0.16241518960711093
0.16241518960711093
0.16246778519960028
0.16246778519960028
0.16246778519960028
0.16252038079208964
0.1626255719770683
0.1626255719770683
0.16273076316204702
0.16273076316204702
0.16278335875453637
0.16283595434702572
0.16283595434702572
0.16283595434702572
0.16283595434702572
0.16283595434702572
0.16283595434702572
0.16283595434702572
0.16288854993951507
0.16288854993951507
0.16294114553200442
0.16294114553200442
0.16304633671698313
0.16304633671698313
0.16315152790196183
0.16315152790196183
0.16315152790196183
0.16315152790196183
0.16315152790196183
0.16315152790196183
0.16320412349445115
0.1632567190869405
0.1632567190869405
0.16330931467942986
0.16330931467942986
0.16330931467942986
0.1633619102719192
0.1633619102719192
0.1633619102719192
0.1633619102719192
0.16341450586440856
0.16341450586440856
0.1634671014568979
0.1634671014568979
0.1634671014568979
0.1634671014568979
0.1634671014568979
0.1634671014568979
0.1634671014568979
0.16357229264187662
0.16357229264187662
0.16357229264187662
0.16357229264187662
0.16357229264187662
0.16357229264187662
0.16362488823436597
0.16362488823436597
0.16362488823436597
0.16367748382685532
0.16367748382685532
0.16367748382685532
0.16367748382685532
0.16367748382685532
0.16367748382685532
0.16367748382685532
0.16373007941934467
0.16373007941934467
0.16373007941934467
0.163782675011834
0.16383527060432335
0.16383527060432335
0.16383527060432335
0.16383527060432335
0.16383527060432335
0.16383527060432335
0.16383527060432335
0.16383527060432335
0.1638878661968127
0.1638878661968127
0.1638878661968127
0.1638878661968127
0.1638878661968127
0.16394046178930205
0.16394046178930205
0.16394046178930205
0.16404565297428075
0.16404565297428075
0.16404565297428075
0.16404565297428075
0.16404565297428075
0.16404565297428075
0.1640982485667701
0.1640982485667701
0.16415084415925946
0.16425603534423816
0.16425603534423816
0.16425603534423816
0.16446641771419554
0.1645190133066849
0.1645190133066849
0.1645190133066849
0.1645190133066849
0.1645190133066849
0.1645190133066849
0.1645190133066849
0.16457160889917424
0.16457160889917424
0.16457160889917424
0.16457160889917424
0.16457160889917424
0.16457160889917424
0.1646242044916636
0.1646242044916636
0.1646242044916636
0.16467680008415295
0.1647293956766423
0.16478199126913165
0.16478199126913165
0.16478199126913165
0.16478199126913165
0.164834586861621
0.164834586861621
0.164834586861621
0.164834586861621
0.16488718245411035
0.1649397780465997
0.1649397780465997
0.1649397780465997
0.1649397780465997
0.1649397780465997
0.1649397780465997
0.1649397780465997
0.16499237363908906
0.16499237363908906
0.16499237363908906
0.16499237363908906
0.16499237363908906
0.16504496923157838
0.16504496923157838
0.16504496923157838
0.16509756482406773
0.16509756482406773
0.16515016041655708
0.16515016041655708
0.16520275600904644
0.16520275600904644
0.16520275600904644
0.16520275600904644
0.16520275600904644
0.1652553516015358
0.1652553516015358
0.1652553516015358
0.1652553516015358
0.16530794719402514
0.1653605427865145
0.1653605427865145
0.16541313837900384
0.16541313837900384
0.16541313837900384
0.1654657339714932
0.1654657339714932
0.16551832956398255
0.1655709251564719
0.1655709251564719
0.16567611634145057
0.16567611634145057
0.16572871193393993
0.16578130752642928
0.16578130752642928
0.16583390311891863
0.16583390311891863
0.16583390311891863
0.16583390311891863
0.16583390311891863
0.16583390311891863
0.16583390311891863
0.16583390311891863
0.16583390311891863
0.16583390311891863
0.16583390311891863
0.16588649871140798
0.16593909430389733
0.16599168989638668
0.16604428548887604
0.16604428548887604
0.16604428548887604
0.16604428548887604
0.16604428548887604
0.16604428548887604
0.1660968810813654
0.16614947667385474
0.1662020722663441
0.16625466785883342
0.16625466785883342
0.16625466785883342
0.16630726345132277
0.16630726345132277
0.16630726345132277
0.16630726345132277
0.16630726345132277
0.16630726345132277
0.16630726345132277
0.16630726345132277
0.16630726345132277
0.16630726345132277
0.16635985904381212
0.16641245463630147
0.16646505022879082
0.16651764582128017
0.16651764582128017
0.16651764582128017
0.16651764582128017
0.16651764582128017
0.16657024141376953
0.16657024141376953
0.16662283700625888
0.16662283700625888
0.16662283700625888
0.16662283700625888
0.16667543259874823
0.16667543259874823
0.16667543259874823
0.16672802819123758
0.16672802819123758
0.16672802819123758
0.16672802819123758
0.16678062378372693
0.16678062378372693
0.16678062378372693
0.1668858149687056
0.16693841056119496
0.1669910061536843
0.16704360174617366
0.16704360174617366
0.16704360174617366
0.16704360174617366
0.16704360174617366
0.16704360174617366
0.16704360174617366
0.16704360174617366
0.16704360174617366
0.16704360174617366
0.16709619733866302
0.16709619733866302
0.16709619733866302
0.16714879293115237
0.16720138852364172
0.16720138852364172
0.16720138852364172
0.16725398411613107
0.16725398411613107
0.16725398411613107
0.16730657970862042
0.16730657970862042
0.16730657970862042
0.16730657970862042
0.16730657970862042
0.16730657970862042
0.16735917530110977
0.16735917530110977
0.16741177089359913
0.16741177089359913
0.16741177089359913
0.16741177089359913
0.16741177089359913
0.16741177089359913
0.1675169620785778
0.16756955767106715
0.1676221532635565
0.16777994004102456
0.16777994004102456
0.1678325356335139
0.1678325356335139
0.1678325356335139
0.16788513122600326
0.16788513122600326
0.16788513122600326
0.16788513122600326
0.16788513122600326
0.16788513122600326
0.16788513122600326
0.16788513122600326
0.16793772681849262
0.16793772681849262
0.16793772681849262
0.16793772681849262
0.16793772681849262
0.16793772681849262
0.16793772681849262
0.16793772681849262
0.16793772681849262
0.16793772681849262
0.16804291800347132
0.16804291800347132
0.16809551359596067
0.16809551359596067
0.16809551359596067
0.16809551359596067
0.16809551359596067
0.16809551359596067
0.16814810918845
0.16830589596591805
0.16830589596591805
0.16830589596591805
0.16830589596591805
0.16830589596591805
0.16830589596591805
0.16830589596591805
0.16830589596591805
0.1683584915584074
0.1683584915584074
0.1683584915584074
0.1683584915584074
0.1683584915584074
0.1683584915584074
0.1683584915584074
0.1683584915584074
0.1683584915584074
0.1684636827433861
0.1684636827433861
0.16851627833587546
0.16851627833587546
0.16851627833587546
0.16851627833587546
0.16851627833587546
0.16851627833587546
0.16851627833587546
0.16851627833587546
0.16851627833587546
0.16851627833587546
0.16851627833587546
0.16851627833587546
0.16851627833587546
0.16851627833587546
0.16851627833587546
0.16851627833587546
0.16851627833587546
0.16851627833587546
0.16851627833587546
0.1685688739283648
0.1685688739283648
0.16862146952085416
0.1686740651133435
0.1686740651133435
0.1686740651133435
0.1686740651133435
0.1686740651133435
0.16872666070583286
0.16872666070583286
0.16872666070583286
0.16872666070583286
0.16872666070583286
0.16872666070583286
0.16872666070583286
0.16872666070583286
0.16872666070583286
0.16872666070583286
0.1687792562983222
0.1687792562983222
0.1687792562983222
0.16883185189081154
0.16883185189081154
0.16883185189081154
0.1688844474833009
0.1688844474833009
0.1688844474833009
0.1688844474833009
0.1688844474833009
0.1688844474833009
0.1688844474833009
0.16893704307579024
0.16893704307579024
0.1689896386682796
0.1689896386682796
0.1689896386682796
0.1689896386682796
0.1689896386682796
0.1689896386682796
0.1689896386682796
0.1690948298532583
0.1690948298532583
0.1690948298532583
0.1690948298532583
0.1690948298532583
0.1690948298532583
0.1690948298532583
0.1690948298532583
0.1690948298532583
0.1690948298532583
0.1690948298532583
0.16914742544574765
0.16914742544574765
0.16914742544574765
0.16914742544574765
0.16914742544574765
0.169200021038237
0.169200021038237
0.169200021038237
0.169200021038237
0.169200021038237
0.169200021038237
0.169200021038237
0.169200021038237
0.169200021038237
0.169200021038237
0.169200021038237
0.169200021038237
0.169200021038237
0.169200021038237
0.16925261663072635
0.16925261663072635
0.16925261663072635
0.16925261663072635
0.16925261663072635
0.16925261663072635
0.16925261663072635
0.16925261663072635
0.16925261663072635
0.16925261663072635
0.16925261663072635
0.16925261663072635
0.1693052122232157
0.16935780781570503
0.16935780781570503
0.16935780781570503
0.16935780781570503
0.16935780781570503
0.16935780781570503
0.16935780781570503
0.16935780781570503
0.16935780781570503
0.16941040340819438
0.16941040340819438
0.16946299900068373
0.16946299900068373
0.16951559459317309
0.16951559459317309
0.16951559459317309
0.16951559459317309
0.16951559459317309
0.16951559459317309
0.16951559459317309
0.16956819018566244
0.16956819018566244
0.16956819018566244
0.16956819018566244
0.16956819018566244
0.16956819018566244
0.16956819018566244
0.16956819018566244
0.16956819018566244
0.16956819018566244
0.16956819018566244
0.1696207857781518
0.1696207857781518
0.16967338137064114
0.16967338137064114
0.16967338137064114
0.16967338137064114
0.16967338137064114
0.16967338137064114
0.16967338137064114
0.16967338137064114
0.16967338137064114
0.16967338137064114
0.16967338137064114
0.16967338137064114
0.16967338137064114
0.16967338137064114
0.1697259769631305
0.16977857255561984
0.16977857255561984
0.16977857255561984
0.16977857255561984
0.16977857255561984
0.16977857255561984
0.16977857255561984
0.16977857255561984
0.16977857255561984
0.16977857255561984
0.16977857255561984
0.16977857255561984
0.16977857255561984
0.16977857255561984
0.16977857255561984
0.16977857255561984
0.16977857255561984
0.1698311681481092
0.1698311681481092
0.1698311681481092
0.1698311681481092
0.1698311681481092
0.16988376374059855
0.16988376374059855
0.16988376374059855
0.16988376374059855
0.16988376374059855
0.16988376374059855
0.16988376374059855
0.16988376374059855
0.1699363593330879
0.1699363593330879
0.16998895492557722
0.17004155051806658
0.17004155051806658
0.17004155051806658
0.17004155051806658
0.17004155051806658
0.17004155051806658
0.17004155051806658
0.17004155051806658
0.17004155051806658
0.17004155051806658
0.17009414611055593
0.17009414611055593
0.17009414611055593
0.17009414611055593
0.17009414611055593
0.17014674170304528
0.17014674170304528
0.17014674170304528
0.17014674170304528
0.17014674170304528
0.17014674170304528
0.17014674170304528
0.17014674170304528
0.17019933729553463
0.17019933729553463
0.17019933729553463
0.17019933729553463
0.17019933729553463
0.17019933729553463
0.17019933729553463
0.17019933729553463
0.17019933729553463
0.17019933729553463
0.17025193288802398
0.17025193288802398
0.17025193288802398
0.17025193288802398
0.17025193288802398
0.17030452848051333
0.17030452848051333
0.17030452848051333
0.17030452848051333
0.17030452848051333
0.17030452848051333
0.17030452848051333
