0.05964340188292221
0.0696365644558986
0.07536948403723769
0.07978751380634302
0.08294324935570399
0.0863619628675117
0.08899174249197918
0.09109556619155315
0.09319938989112712
0.09525061799821175
0.09693367695787093
0.0986167359175301
0.0996686477673171
0.10103613317204019
0.10266659653921001
0.10319255246410351
0.1044548466838479
0.10561194971861358
0.10697943512333666
0.10792615578814495
0.10892547204544259
0.10981959711776153
0.11081891337505917
0.11160784726239942
0.11250197233471836
0.11334350181454794
0.11402724451690949
0.11481617840424972
0.11571030347656866
0.11634145058644085
0.11686740651133436
0.11760374480618524
0.11828748750854678
0.11897123021090833
0.11954978172829117
0.12039131120812076
0.12112764950297165
0.12175879661284385
0.1221269657602693
0.12281070846263083
0.12338925998001367
0.12391521590490717
0.12449376742229001
0.12496712775469415
0.12559827486456634
0.1258612528270131
0.12633461315941724
0.12686056908431073
0.12728133382422552
0.1279124809340977
0.12822805448903382
0.12859622363645926
0.12906958396886342
0.1292799663388208
0.1298059222637143
0.1301214958186504
0.13048966496607584
0.13096302529847997
0.13143638563088414
0.13180455477830957
0.13206753274075633
0.13238310629569242
0.13280387103560723
0.1335402093304581
0.13401356966286226
0.13432914321779835
0.13480250355020248
0.1351180771051386
0.13538105506758533
0.1357492242150108
0.13601220217745752
0.13638037132488298
0.1366433492873297
0.13685373165728712
0.13722190080471255
0.1372744963972019
0.13743228317466996
0.13764266554462737
0.13774785672960607
0.13806343028454215
0.1382212170620102
0.13837900383947827
0.1387471729869037
0.13943091568926524
0.1394835112817546
0.13985168042918003
0.14006206279913744
0.14027244516909482
0.14037763635407352
0.14069320990900963
0.1408509966864777
0.14095618787145636
0.14111397464892442
0.14148214379634988
0.14190290853626467
0.14200809972124337
0.14211329090622205
0.14221848209120075
0.1424814600536475
0.1425866512386262
0.14284962920107294
0.143007415978541
0.1432177983484984
0.14342818071845578
0.1436385630884132
0.1437437542733919
0.1438489454583706
0.14405932782832798
0.14421711460579603
0.1443749013832641
0.14453268816073214
0.14474307053068952
0.14490085730815758
0.14500604849313628
0.14521643086309366
0.14537421764056171
0.14563719560300847
0.14568979119549783
0.14584757797296585
0.14595276915794456
0.1460053647504339
0.1461105559354126
0.14616315152790196
0.14626834271288067
0.14647872508283805
0.1468468942302635
0.1469520854152422
0.14721506337768894
0.1472676589701783
0.1475832325251144
0.14774101930258243
0.14774101930258243
0.14805659285751854
0.1482143796349866
0.14826697522747595
0.14831957081996527
0.14858254878241203
0.1488455267448588
0.14905590911481617
0.14931888707726293
0.14952926944722034
0.149634460632199
0.149634460632199
0.14995003418713512
0.15005522537211383
0.15021301214958185
0.1504759901120286
0.15058118129700732
0.15063377688949667
0.15073896807447537
0.1508967548519434
0.1511071372219008
0.15126492399936886
0.15137011518434756
0.15147530636932624
0.1516330931467943
0.151738284331773
0.15200126229421976
0.15221164466417714
0.1522642402566665
0.15242202703413454
0.15252721821911325
0.1525798138116026
0.15273760058907063
0.15284279177404933
0.15305317414400674
0.15315836532898544
0.15326355651396412
0.15336874769894282
0.15347393888392152
0.15357913006890023
0.15363172566138958
0.15378951243885763
0.15384210803134699
0.1538947036238363
0.15394729921632566
0.153999894808815
0.153999894808815
0.15410508599379372
0.15426287277126177
0.15436806395624048
0.15447325514121918
0.1545258507337085
0.1546310419186872
0.1546310419186872
0.15468363751117656
0.1548414242886446
0.1548414242886446
0.15489401988113397
0.15494661547362332
0.15510440225109137
0.15510440225109137
0.15520959343607005
0.15520959343607005
0.15520959343607005
0.1552621890285594
0.15531478462104875
0.1553673802135381
0.15541997580602745
0.1555777625834955
0.15563035817598486
0.15573554936096354
0.15573554936096354
0.1557881449534529
0.1557881449534529
0.15594593173092094
0.15605112291589965
0.15605112291589965
0.156103718508389
0.15615631410087835
0.15626150528585706
0.15636669647083573
0.15647188765581443
0.15668227002577184
0.1568400568032399
0.1569452479882186
0.15705043917319728
0.15710303476568663
0.15715563035817598
0.15726082154315468
0.15731341713564403
0.15741860832062274
0.1575763950980908
0.15762899069058012
0.15778677746804817
0.15789196865302688
0.15799715983800558
0.15799715983800558
0.15810235102298428
0.15820754220796296
0.1582601378004523
0.15836532898543101
0.15857571135538842
0.15857571135538842
0.15868090254036712
0.15878609372534583
0.15883868931783515
0.15894388050281386
0.1589964760953032
0.1589964760953032
0.1589964760953032
0.15904907168779256
0.15904907168779256
0.15915426287277126
0.15931204965023932
0.15936464524272867
0.15941724083521802
0.1595224320201967
0.1595224320201967
0.15957502761268605
0.1596276232051754
0.15968021879766475
0.1598380055751328
0.1598380055751328
0.16004838794509021
0.16010098353757954
0.1601535791300689
0.16031136590753695
0.1603639615000263
0.160469152685005
0.16052174827749435
0.1605743438699837
0.1605743438699837
0.1606795350549624
0.16073213064745173
0.16083732183243044
0.16094251301740914
0.1609951086098985
0.16104770420238784
0.16115289538736655
0.16115289538736655
0.16136327775732393
0.16141587334981328
0.16141587334981328
0.16157366012728133
0.16167885131226004
0.1617314469047494
0.1617314469047494
0.16178404249723874
0.16188923368221744
0.16194182927470677
0.16204702045968547
0.16220480723715353
0.16230999842213223
0.16241518960711093
0.16246778519960028
0.1626255719770683
0.16267816756955766
0.16273076316204702
0.16273076316204702
0.16273076316204702
0.16273076316204702
0.16278335875453637
0.16278335875453637
0.16288854993951507
0.16288854993951507
0.16304633671698313
0.16309893230947248
0.16320412349445115
0.16320412349445115
0.1632567190869405
0.16330931467942986
0.1634671014568979
0.16351969704938726
0.16351969704938726
0.16362488823436597
0.16367748382685532
0.16373007941934467
0.16383527060432335
0.16383527060432335
0.16394046178930205
0.16404565297428075
0.16404565297428075
0.16415084415925946
0.1642034397517488
0.16436122652921686
0.16436122652921686
0.1645190133066849
0.16467680008415295
0.1647293956766423
0.164834586861621
0.164834586861621
0.1649397780465997
0.1649397780465997
0.1649397780465997
0.16499237363908906
0.16499237363908906
0.16509756482406773
0.16520275600904644
0.1652553516015358
0.1652553516015358
0.16530794719402514
0.1654657339714932
0.16551832956398255
0.1655709251564719
0.16562352074896125
0.16572871193393993
0.16578130752642928
0.16583390311891863
0.16588649871140798
0.16593909430389733
0.16593909430389733
0.16593909430389733
0.16599168989638668
0.1662020722663441
0.16630726345132277
0.16635985904381212
0.16641245463630147
0.16646505022879082
0.16646505022879082
0.16651764582128017
0.16651764582128017
0.16662283700625888
0.16662283700625888
0.16672802819123758
0.16678062378372693
0.16678062378372693
0.16683321937621629
0.16683321937621629
0.1668858149687056
0.1668858149687056
0.16693841056119496
0.1669910061536843
0.1669910061536843
0.16709619733866302
0.16714879293115237
0.16720138852364172
0.16720138852364172
0.16735917530110977
0.16735917530110977
0.16746436648608848
0.16746436648608848
0.16746436648608848
0.16756955767106715
0.16767474885604586
0.16777994004102456
0.16777994004102456
0.16788513122600326
0.16793772681849262
0.16793772681849262
0.16799032241098197
0.16799032241098197
0.16804291800347132
0.16804291800347132
0.16814810918845
0.16820070478093935
0.16820070478093935
0.16830589596591805
0.1683584915584074
0.1683584915584074
0.1683584915584074
0.16841108715089675
0.1684636827433861
0.1684636827433861
0.1685688739283648
0.1685688739283648
0.1685688739283648
0.16862146952085416
0.1686740651133435
0.16872666070583286
0.1687792562983222
0.1687792562983222
0.16883185189081154
0.16893704307579024
0.1689896386682796
0.1689896386682796
0.16904223426076895
0.16904223426076895
0.16914742544574765
0.16925261663072635
0.16925261663072635
0.1693052122232157
0.1693052122232157
0.16935780781570503
0.16941040340819438
0.16946299900068373
0.16951559459317309
0.16956819018566244
0.16956819018566244
0.1696207857781518
0.1696207857781518
0.16967338137064114
0.16967338137064114
0.16967338137064114
0.1697259769631305
0.1698311681481092
0.16988376374059855
0.1699363593330879
0.1699363593330879
0.16998895492557722
0.16998895492557722
0.17004155051806658
0.17009414611055593
0.17009414611055593
0.17009414611055593
0.17014674170304528
0.17019933729553463
0.17019933729553463
0.17025193288802398
0.17025193288802398
0.17025193288802398
0.17025193288802398
0.17025193288802398
0.17035712407300269
0.17040971966549204
0.1704623152579814
0.17051491085047074
0.17067269762793877
0.17077788881291747
0.17083048440540682
0.17083048440540682
0.17088307999789618
0.17088307999789618
0.17093567559038553
0.17093567559038553
0.17098827118287488
0.17098827118287488
0.17104086677536423
0.17104086677536423
0.17104086677536423
0.17104086677536423
0.17104086677536423
0.17109346236785358
0.1711986535528323
0.1711986535528323
0.1712512491453216
0.17130384473781096
0.17130384473781096
0.1713564403303003
0.1713564403303003
0.17140903592278967
0.17140903592278967
0.17146163151527902
0.17146163151527902
0.17151422710776837
0.17151422710776837
0.17156682270025772
0.17156682270025772
0.17161941829274707
0.17161941829274707
0.17172460947772578
0.17177720507021513
0.17177720507021513
0.17177720507021513
0.17177720507021513
0.17177720507021513
0.17177720507021513
0.17177720507021513
0.17177720507021513
0.17177720507021513
0.17177720507021513
0.17182980066270445
0.17182980066270445
0.17182980066270445
0.17193499184768316
0.17193499184768316
0.1719875874401725
0.1719875874401725
0.1719875874401725
0.17204018303266186
0.17214537421764056
0.17225056540261927
0.17230316099510862
0.17240835218008732
0.17246094777257664
0.172513543365066
0.17256613895755535
0.17256613895755535
0.17256613895755535
0.17256613895755535
0.17256613895755535
0.1726187345500447
0.1726187345500447
0.17267133014253405
0.1727239257350234
0.1727239257350234
0.1727239257350234
0.1727239257350234
0.17277652132751276
0.17277652132751276
0.1728291169200021
0.1728291169200021
0.17288171251249146
0.17288171251249146
0.17298690369747016
0.17303949928995951
0.17303949928995951
0.17303949928995951
0.17303949928995951
0.17303949928995951
0.17309209488244884
0.1731446904749382
0.17319728606742754
0.17319728606742754
0.1733550728448956
0.17340766843738495
0.17340766843738495
0.1734602640298743
0.1734602640298743
0.1734602640298743
0.173565455214853
0.17361805080734236
0.17361805080734236
0.17361805080734236
0.17361805080734236
0.17372324199232103
0.17372324199232103
0.17372324199232103
0.17377583758481038
0.17377583758481038
0.17377583758481038
0.1738810287697891
0.1738810287697891
0.1738810287697891
0.17403881554725714
0.1740914111397465
0.1740914111397465
0.1740914111397465
0.1741966023247252
0.17424919791721455
0.1743017935097039
0.1743017935097039
0.17445958028717193
0.17445958028717193
0.17445958028717193
0.17445958028717193
0.17456477147215063
0.17456477147215063
0.17456477147215063
0.17466996265712934
0.17466996265712934
0.17466996265712934
0.1747225582496187
0.1747225582496187
0.1747225582496187
0.17477515384210804
0.17477515384210804
0.17477515384210804
0.17493294061957607
0.17493294061957607
0.17493294061957607
0.17498553621206542
0.17503813180455477
0.17503813180455477
0.17503813180455477
0.17503813180455477
0.17503813180455477
0.17503813180455477
0.17503813180455477
0.17503813180455477
0.17503813180455477
0.17503813180455477
0.17509072739704412
0.17514332298953347
0.17514332298953347
0.17514332298953347
0.17514332298953347
0.17519591858202282
0.17519591858202282
0.17524851417451218
0.17524851417451218
0.17535370535949088
0.17535370535949088
0.17535370535949088
0.17540630095198023
0.17540630095198023
0.17540630095198023
0.17545889654446958
0.17545889654446958
0.17551149213695894
0.17556408772944826
0.17556408772944826
0.17556408772944826
0.1756166833219376
0.1756166833219376
0.17572187450691631
0.17572187450691631
0.17582706569189502
0.17587966128438437
0.17587966128438437
0.17587966128438437
0.17587966128438437
0.17587966128438437
0.17598485246936307
0.17598485246936307
0.17603744806185243
0.17609004365434178
0.17619523483932045
0.17619523483932045
0.1762478304318098
0.1762478304318098
0.1762478304318098
0.1762478304318098
0.17630042602429916
0.1763530216167885
0.1763530216167885
0.17640561720927786
0.17651080839425656
0.17661599957923527
0.17661599957923527
0.17666859517172462
0.17677378635670332
0.17682638194919265
0.17682638194919265
0.176878977541682
0.176878977541682
0.176878977541682
0.176878977541682
0.176878977541682
0.176878977541682
0.176878977541682
0.1769841687266607
0.1769841687266607
0.17703676431915005
0.17703676431915005
0.1770893599116394
0.1770893599116394
0.1770893599116394
0.17714195550412876
0.1771945510966181
0.17724714668910746
0.17724714668910746
0.17724714668910746
0.17735233787408616
0.1774049334665755
0.1774049334665755
0.1774049334665755
0.1774049334665755
0.17756272024404354
0.17756272024404354
0.1776153158365329
0.17766791142902225
0.17766791142902225
0.17766791142902225
0.1777205070215116
0.1777205070215116
0.1777205070215116
0.1777205070215116
0.1777205070215116
0.1777205070215116
0.1778256982064903
0.1778256982064903
0.17787829379897965
0.177930889391469
0.177930889391469
0.177930889391469
0.177930889391469
0.177930889391469
0.177930889391469
0.177930889391469
0.17798348498395836
0.17803608057644768
0.17803608057644768
0.17803608057644768
0.17819386735391574
0.17819386735391574
0.1782464629464051
0.1782464629464051
0.1782464629464051
0.1782464629464051
0.1782464629464051
0.1782464629464051
0.17829905853889444
0.17829905853889444
0.17829905853889444
0.17829905853889444
0.1783516541313838
0.1783516541313838
0.17840424972387314
0.17840424972387314
0.17840424972387314
0.17840424972387314
0.17850944090885185
0.1785620365013412
0.17861463209383055
0.17861463209383055
0.17861463209383055
0.17861463209383055
0.17871982327880923
0.17871982327880923
0.17882501446378793
0.17887761005627728
0.17893020564876663
0.17903539683374534
0.17903539683374534
0.17903539683374534
0.17903539683374534
0.17903539683374534
0.17903539683374534
0.17903539683374534
0.17903539683374534
0.17903539683374534
0.17903539683374534
0.17903539683374534
0.17903539683374534
0.17903539683374534
0.17903539683374534
0.17903539683374534
0.17903539683374534
0.17903539683374534
0.17903539683374534
0.17903539683374534
0.17914058801872404
0.1791931836112134
0.1791931836112134
0.1791931836112134
0.17924577920370274
0.17924577920370274
0.17924577920370274
0.17924577920370274
0.17924577920370274
0.17924577920370274
0.17929837479619207
0.17940356598117077
0.17945616157366012
0.17950875716614947
0.17950875716614947
0.17950875716614947
0.17950875716614947
0.17956135275863883
0.17956135275863883
0.17961394835112818
0.17966654394361753
0.17966654394361753
0.17971913953610688
0.17977173512859623
0.17977173512859623
0.17982433072108558
0.17982433072108558
0.17982433072108558
0.17982433072108558
0.1798769263135749
0.1798769263135749
0.1799821174985536
0.18003471309104296
0.18008730868353232
0.18013990427602167
0.18013990427602167
0.18019249986851102
0.18019249986851102
0.18019249986851102
0.18024509546100037
0.18024509546100037
0.18024509546100037
0.18029769105348972
0.18029769105348972
0.18029769105348972
0.18029769105348972
0.18035028664597907
0.18035028664597907
0.18035028664597907
0.18035028664597907
0.18045547783095778
0.18045547783095778
0.18045547783095778
0.18045547783095778
0.18045547783095778
0.1805080734234471
0.1805080734234471
0.1805080734234471
0.18056066901593645
0.18066586020091516
0.18066586020091516
0.1807184557934045
0.18077105138589386
0.18077105138589386
0.18077105138589386
0.18077105138589386
0.1808236469783832
0.1808236469783832
0.1808236469783832
0.1808236469783832
0.18092883816336192
0.18098143375585127
0.18098143375585127
0.18098143375585127
0.18098143375585127
0.18098143375585127
0.18098143375585127
0.18108662494082997
0.18108662494082997
0.1811392205333193
0.1811392205333193
0.1811392205333193
0.1811392205333193
0.1811392205333193
0.1811392205333193
0.1811392205333193
0.1811392205333193
0.18119181612580865
0.18119181612580865
0.18129700731078735
0.18129700731078735
0.18129700731078735
0.18129700731078735
0.18129700731078735
0.18140219849576605
0.1814547940882554
0.1814547940882554
0.1814547940882554
0.1814547940882554
0.1814547940882554
0.18150738968074476
0.18161258086572346
0.18161258086572346
0.18161258086572346
0.18161258086572346
0.1816651764582128
0.1816651764582128
0.18171777205070216
0.1817703676431915
0.18182296323568084
0.18182296323568084
0.18182296323568084
0.1818755588281702
0.1818755588281702
0.1818755588281702
0.1818755588281702
0.1818755588281702
0.18192815442065954
0.1819807500131489
0.1819807500131489
0.18203334560563825
0.18203334560563825
0.18203334560563825
0.1820859411981276
0.1820859411981276
0.1820859411981276
0.18213853679061695
0.1821911323831063
0.1821911323831063
0.182296323568085
0.182296323568085
0.18240151475306368
0.18240151475306368
0.18240151475306368
0.18240151475306368
0.18240151475306368
0.18255930153053174
0.18255930153053174
0.18255930153053174
0.1826118971230211
0.1826118971230211
0.18266449271551044
0.1827170883079998
0.1827170883079998
0.1827170883079998
0.1827170883079998
0.1827170883079998
0.1827170883079998
0.1827170883079998
0.18276968390048914
0.18276968390048914
0.18276968390048914
0.18276968390048914
0.18276968390048914
0.1828222794929785
0.1828222794929785
0.18287487508546785
0.1829274706779572
0.1829274706779572
0.1829274706779572
0.1829274706779572
0.18298006627044652
0.18303266186293587
0.18303266186293587
0.18308525745542523
0.18308525745542523
0.18313785304791458
0.18313785304791458
0.18319044864040393
0.18324304423289328
0.18329563982538263
0.18334823541787199
0.18334823541787199
0.18334823541787199
0.18334823541787199
0.18334823541787199
0.18340083101036134
0.18340083101036134
0.18340083101036134
0.18340083101036134
0.18340083101036134
0.18340083101036134
0.1834534266028507
0.1834534266028507
0.1834534266028507
0.1834534266028507
0.1834534266028507
0.1834534266028507
0.18350602219534004
0.1835586177878294
0.18361121338031872
0.18371640456529742
0.18371640456529742
0.18371640456529742
0.18371640456529742
0.18371640456529742
0.18376900015778677
0.18376900015778677
0.18376900015778677
0.18382159575027612
0.18382159575027612
0.18392678693525483
0.18392678693525483
0.18397938252774418
0.18397938252774418
0.18403197812023353
0.18403197812023353
0.18403197812023353
0.18403197812023353
0.18403197812023353
0.18403197812023353
0.18408457371272288
0.18408457371272288
0.18408457371272288
0.18413716930521223
0.18413716930521223
0.18413716930521223
0.18413716930521223
0.18413716930521223
0.18413716930521223
0.18418976489770159
0.1842423604901909
0.1842423604901909
0.1842423604901909
0.18429495608268026
0.1843475516751696
0.1843475516751696
0.1843475516751696
0.1843475516751696
0.1843475516751696
0.1843475516751696
0.18440014726765896
0.18440014726765896
0.18445274286014832
0.18445274286014832
0.18445274286014832
0.18450533845263767
0.18455793404512702
0.18455793404512702
0.18455793404512702
0.18466312523010572
0.18466312523010572
0.18471572082259508
0.18476831641508443
0.18476831641508443
0.18482091200757378
0.1848735076000631
0.1848735076000631
0.1848735076000631
0.1848735076000631
0.1849786987850418
0.1849786987850418
0.1849786987850418
0.1849786987850418
0.18503129437753116
0.18503129437753116
0.18503129437753116
0.18503129437753116
0.18503129437753116
