0.0
0.03576500289275759
0.04470625361594698
0.045495187503287224
0.047178246462946404
0.05364750433913638
0.060958291695155944
0.06553410824172934
0.0685846526061116
0.0700573291958134
0.07100404986062168
0.07168779256298322
0.07237153526534476
0.0732656603376637
0.07389680744753589
0.07489612370483353
0.07568505759217378
0.07652658707200337
0.07778888129174776
0.07863041077157734
0.07957713143638563
0.08020827854625782
0.08078683006364067
0.08157576395098091
0.08215431546836376
0.08294324935570399
0.08357439646557618
0.08383737442802293
0.08436333035291643
0.08473149950034187
0.08520485983274602
0.08567822016515016
0.0863619628675117
0.08683532319991585
0.08746647030978803
0.08767685267974544
0.08799242623468154
0.08836059538210699
0.08883395571451112
0.08920212486193657
0.08946510282438332
0.08988586756429812
0.09025403671172355
0.0907273970441277
0.0914637353389786
0.0917793088939147
0.09230526481880819
0.09272602955872297
0.09309419870614842
0.09356755903855257
0.09388313259348867
0.09451427970336086
0.09504023562825435
0.09546100036816915
0.09582916951559459
0.096039551885552
0.09661810340293484
0.09682848577289223
0.09698627255036028
0.09735444169778573
0.09761741966023248
0.09777520643770052
0.09819597117761532
0.09840635354757271
0.0986167359175301
0.09872192710250881
0.0992478830274023
0.09972124335980645
0.0999842213222532
0.100404986062168
0.10066796402461474
0.10093094198706148
0.10156208909693368
0.10198285383684848
0.10224583179929522
0.10245621416925262
0.10261400094672067
0.1029821700941461
0.10319255246410351
0.1032977436490822
0.10356072161152895
0.10366591279650765
0.1038236995739757
0.1040340819439331
0.10429705990637984
0.10461263346131594
0.104770420238784
0.10524378057118813
0.10566454531110293
0.10576973649608162
0.10592752327354968
0.10592752327354968
0.10613790564350707
0.10650607479093252
0.10661126597591122
0.10682164834586862
0.10697943512333666
0.10718981749329407
0.10740019986325146
0.10745279545574081
0.10755798664071951
0.1077683690106769
0.10787356019565561
0.1079787513806343
0.1081891337505917
0.1082943249355704
0.10834692052805975
0.10855730289801714
0.10866249408299584
0.1087150896754852
0.10903066323042129
0.10913585441539998
0.10929364119286804
0.10934623678535739
0.10934623678535739
0.10945142797033608
0.10945142797033608
0.10955661915531478
0.10976700152527218
0.10987219271025088
0.11008257508020827
0.11013517067269762
0.11013517067269762
0.11034555304265503
0.11045074422763372
0.11060853100510178
0.11066112659759113
0.11076631778256982
0.11081891337505917
0.11097670015252722
0.11108189133750591
0.11113448692999527
0.11118708252248462
0.11129227370746332
0.11145006048493136
0.11166044285488876
0.11181822963235681
0.11197601640982485
0.11218639877978226
0.1122389943722716
0.11239678114973965
0.1125545679272077
0.1125545679272077
0.1126597591121864
0.1127649502971651
0.11281754588965445
0.11292273707463314
0.11302792825961185
0.1130805238521012
0.11323831062956924
0.1133960974070373
0.1133960974070373
0.11355388418450534
0.11360647977699469
0.11360647977699469
0.11371167096197339
0.11386945773944143
0.11386945773944143
0.11392205333193078
0.11397464892442014
0.11397464892442014
0.11397464892442014
0.11413243570188818
0.11429022247935623
0.11444800925682427
0.11455320044180298
0.11460579603429233
0.11465839162678168
0.11471098721927102
0.11481617840424972
0.11486877399673907
0.11497396518171778
0.11502656077420712
0.11507915636669647
0.11513175195918582
0.11513175195918582
0.11523694314416452
0.11523694314416452
0.11534213432914321
0.11539472992163256
0.11544732551412192
0.11549992110661127
0.11555251669910062
0.11555251669910062
0.11560511229158997
0.11560511229158997
0.11565770788407931
0.11581549466154736
0.11592068584652607
0.1159732814390154
0.11602587703150476
0.11613106821648346
0.1162888549939515
0.1162888549939515
0.1163940461789302
0.11644664177141956
0.11649923736390891
0.1166044285488876
0.1167096197338663
0.1167096197338663
0.116814810918845
0.1169200021038237
0.1169200021038237
0.11707778888129175
0.1171303844737811
0.11723557565875979
0.11723557565875979
0.1173407668437385
0.1174459580287172
0.11749855362120654
0.11760374480618524
0.11765634039867459
0.11770893599116394
0.11791931836112134
0.11797191395361069
0.11797191395361069
0.11802450954610004
0.11807710513858939
0.11818229632356808
0.11828748750854678
0.11834008310103614
0.11849786987850418
0.11849786987850418
0.11849786987850418
0.11855046547099353
0.11855046547099353
0.11865565665597223
0.11870825224846158
0.11881344343344027
0.11886603902592963
0.11891863461841898
0.11918161258086572
0.11923420817335507
0.11928680376584443
0.11939199495082312
0.11949718613580182
0.11960237732078052
0.11960237732078052
0.11965497291326987
0.11965497291326987
0.11965497291326987
0.11970756850575921
0.11976016409824856
0.11981275969073792
0.11991795087571662
0.12012833324567401
0.12012833324567401
0.12028612002314205
0.12039131120812076
0.12039131120812076
0.12039131120812076
0.12049650239309946
0.12054909798558881
0.12054909798558881
0.12054909798558881
0.12054909798558881
0.12060169357807815
0.1206542891705675
0.12070688476305685
0.1207594803555462
0.1207594803555462
0.1207594803555462
0.12086467154052491
0.12091726713301425
0.1210750539104823
0.12112764950297165
0.12123284068795034
0.1212854362804397
0.12133803187292905
0.1213906274654184
0.1214958186503971
0.12154841424288644
0.12160100983537579
0.12165360542786514
0.12165360542786514
0.1217062010203545
0.12175879661284385
0.1218113922053332
0.12191658339031189
0.12191658339031189
0.12196917898280124
0.12202177457529059
0.12202177457529059
0.12207437016777994
0.1221269657602693
0.1221269657602693
0.1221269657602693
0.1221269657602693
0.12223215694524799
0.12228475253773734
0.12228475253773734
0.12228475253773734
0.12233734813022669
0.12233734813022669
0.12233734813022669
0.12244253931520539
0.12249513490769473
0.12249513490769473
0.12249513490769473
0.12249513490769473
0.12249513490769473
0.12260032609267343
0.12265292168516279
0.12270551727765214
0.12270551727765214
0.12270551727765214
0.12275811287014148
0.12281070846263083
0.12281070846263083
0.12281070846263083
0.12291589964760953
0.12302109083258823
0.12302109083258823
0.12317887761005628
0.12323147320254563
0.12323147320254563
0.12328406879503498
0.12338925998001367
0.12349445116499237
0.12359964234997108
0.12359964234997108
0.12365223794246043
0.12370483353494977
0.12370483353494977
0.12375742912743912
0.12386262031241782
0.12396781149739652
0.12407300268237521
0.12407300268237521
0.12428338505233262
0.12428338505233262
0.12428338505233262
0.12444117182980066
0.12459895860726872
0.12459895860726872
0.12475674538473676
0.12475674538473676
0.12475674538473676
0.12491453216220481
0.12491453216220481
0.12496712775469415
0.12496712775469415
0.1250197233471835
0.1251249145321622
0.12517751012465156
0.12517751012465156
0.12517751012465156
0.1252301057171409
0.1252301057171409
0.12528270130963026
0.12528270130963026
0.12528270130963026
0.12528270130963026
0.12538789249460894
0.12538789249460894
0.1254404880870983
0.125545679272077
0.1256508704570557
0.1257560616420344
0.1257560616420344
0.1257560616420344
0.12591384841950246
0.12591384841950246
0.1259664440119918
0.1259664440119918
0.1259664440119918
0.1259664440119918
0.12607163519697048
0.12607163519697048
0.12612423078945983
0.1261768263819492
0.12622942197443854
0.12622942197443854
0.1262820175669279
0.1262820175669279
0.1262820175669279
0.1262820175669279
0.12633461315941724
0.12633461315941724
0.12633461315941724
0.12633461315941724
0.12633461315941724
0.12633461315941724
0.12643980434439595
0.1264923999368853
0.1264923999368853
0.1264923999368853
0.1264923999368853
0.12654499552937465
0.126597591121864
0.126597591121864
0.126597591121864
0.12665018671435332
0.12670278230684268
0.12680797349182138
0.12691316467680008
0.12691316467680008
0.12691316467680008
0.12691316467680008
0.12691316467680008
0.12696576026928943
0.1270183558617788
0.1270183558617788
0.12707095145426814
0.12707095145426814
0.12707095145426814
0.1271235470467575
0.1271235470467575
0.12717614263924684
0.1272287382317362
0.1272287382317362
0.12728133382422552
0.12728133382422552
0.12733392941671487
0.12743912060169357
0.12749171619418292
0.12749171619418292
0.12749171619418292
0.12749171619418292
0.12759690737916163
0.12764950297165098
0.12770209856414033
0.12775469415662968
0.12780728974911904
0.1278598853416084
0.1278598853416084
0.1279124809340977
0.12801767211907641
0.12801767211907641
0.12807026771156577
0.12807026771156577
0.12812286330405512
0.12812286330405512
0.12822805448903382
0.12828065008152317
0.12828065008152317
0.12833324567401252
0.12838584126650188
0.12838584126650188
0.12838584126650188
0.12843843685899123
0.12843843685899123
0.12843843685899123
0.12843843685899123
0.12843843685899123
0.12843843685899123
0.12849103245148055
0.12849103245148055
0.1285436280439699
0.12859622363645926
0.1286488192289486
0.1286488192289486
0.12870141482143796
0.12870141482143796
0.12870141482143796
0.12870141482143796
0.12870141482143796
0.12870141482143796
0.12870141482143796
0.12880660600641666
0.12901698837637407
0.12906958396886342
0.12906958396886342
0.12906958396886342
0.12912217956135275
0.12912217956135275
0.12912217956135275
0.12912217956135275
0.12912217956135275
0.1291747751538421
0.1291747751538421
0.1291747751538421
0.12922737074633145
0.1292799663388208
0.1292799663388208
0.12933256193131015
0.1293851575237995
0.1293851575237995
0.1294903487087782
0.1294903487087782
0.1295955398937569
0.1295955398937569
0.1295955398937569
0.12964813548624626
0.12964813548624626
0.12964813548624626
0.12964813548624626
0.12964813548624626
0.12964813548624626
0.1298059222637143
0.1298059222637143
0.1298059222637143
0.1298059222637143
0.1298059222637143
0.12985851785620364
0.12985851785620364
0.129911113448693
0.1300163046336717
0.1301214958186504
0.13017409141113975
0.1302266870036291
0.1302266870036291
0.1302266870036291
0.13027928259611846
0.1303318781886078
0.13038447378109713
0.13038447378109713
0.13038447378109713
0.13043706937358648
0.13043706937358648
0.1305422605585652
0.1305422605585652
0.1305422605585652
0.13059485615105454
0.1306474517435439
0.13070004733603324
0.13080523852101195
0.13091042970599065
0.13091042970599065
0.13096302529847997
0.13096302529847997
0.13106821648345868
0.13106821648345868
0.13106821648345868
0.13112081207594803
0.13112081207594803
0.13122600326092673
0.13122600326092673
0.13133119444590544
0.1314889812233735
0.1314889812233735
0.13154157681586284
0.13159417240835217
0.13159417240835217
0.13164676800084152
0.13169936359333087
0.13175195918582022
0.13175195918582022
0.13185715037079893
0.13185715037079893
0.13185715037079893
0.13185715037079893
0.13196234155577763
0.13196234155577763
0.13201493714826698
0.13201493714826698
0.13201493714826698
0.13206753274075633
0.13206753274075633
0.13212012833324568
0.13217272392573504
0.13217272392573504
0.1322779151107137
0.13233051070320306
0.13233051070320306
0.13233051070320306
0.13243570188818177
0.13243570188818177
0.13248829748067112
0.13254089307316047
0.13254089307316047
0.13254089307316047
0.13254089307316047
0.13264608425813917
0.13269867985062853
0.13275127544311788
0.13280387103560723
0.13285646662809655
0.13285646662809655
0.13285646662809655
0.13285646662809655
0.1330142534055646
0.13306684899805396
0.13306684899805396
0.13306684899805396
0.13306684899805396
0.13306684899805396
0.13306684899805396
0.13306684899805396
0.13306684899805396
0.13306684899805396
0.13306684899805396
0.1331194445905433
0.1331194445905433
0.1331194445905433
0.1331194445905433
0.13317204018303266
0.13317204018303266
0.13317204018303266
0.13332982696050072
0.13332982696050072
0.13332982696050072
0.13332982696050072
0.13338242255299007
0.13343501814547942
0.1335402093304581
0.1335402093304581
0.1335402093304581
0.13359280492294745
0.13359280492294745
0.13359280492294745
0.13369799610792615
0.1337505917004155
0.1337505917004155
0.1337505917004155
0.13380318729290486
0.13380318729290486
0.13380318729290486
0.13380318729290486
0.13380318729290486
0.1338557828853942
0.1338557828853942
0.13390837847788356
0.13390837847788356
0.1339609740703729
0.1339609740703729
0.1340661652553516
0.1340661652553516
0.1340661652553516
0.1341713564403303
0.1341713564403303
0.1341713564403303
0.1341713564403303
0.1341713564403303
0.1341713564403303
0.13422395203281964
0.134276547625309
0.134276547625309
0.13432914321779835
0.13432914321779835
0.1343817388102877
0.1343817388102877
0.13443433440277705
0.13443433440277705
0.13443433440277705
0.13443433440277705
0.1344869299952664
0.1344869299952664
0.13453952558775575
0.13453952558775575
0.13453952558775575
0.13453952558775575
0.13453952558775575
0.1345921211802451
0.1345921211802451
0.1345921211802451
0.1345921211802451
0.1345921211802451
0.13469731236522378
0.13469731236522378
0.13480250355020248
0.13480250355020248
0.13480250355020248
0.13480250355020248
0.13485509914269184
0.13485509914269184
0.13496029032767054
0.13496029032767054
0.1350128859201599
0.13506548151264924
0.13506548151264924
0.1351180771051386
0.13517067269762795
0.13517067269762795
0.13517067269762795
0.13517067269762795
0.1352232682901173
0.13527586388260665
0.13527586388260665
0.13527586388260665
0.13527586388260665
0.13532845947509597
0.13532845947509597
0.13538105506758533
0.13543365066007468
0.13543365066007468
0.13543365066007468
0.13543365066007468
0.13548624625256403
0.13548624625256403
0.13548624625256403
0.13548624625256403
0.13564403303003209
0.13564403303003209
0.13564403303003209
0.13564403303003209
0.13564403303003209
0.13569662862252144
0.13569662862252144
0.13569662862252144
0.13569662862252144
0.13569662862252144
0.13569662862252144
0.1357492242150108
0.1357492242150108
0.13580181980750014
0.1358544153999895
0.13590701099247884
0.13590701099247884
0.13590701099247884
0.13590701099247884
0.13595960658496817
0.13595960658496817
0.13595960658496817
0.13595960658496817
0.13595960658496817
0.13595960658496817
0.13595960658496817
0.13606479776994687
0.13606479776994687
0.13611739336243622
0.13616998895492557
0.13622258454741493
0.13622258454741493
0.13622258454741493
0.13622258454741493
0.13627518013990428
0.13632777573239363
0.13638037132488298
0.13638037132488298
0.13643296691737233
0.13643296691737233
0.13643296691737233
0.13643296691737233
0.13648556250986169
0.13648556250986169
0.13648556250986169
0.13648556250986169
0.13659075369484036
0.1366433492873297
0.1366433492873297
0.1366433492873297
0.1366433492873297
0.1366433492873297
0.1366433492873297
0.1366433492873297
0.1366433492873297
0.1366433492873297
0.1366433492873297
0.13669594487981906
0.13669594487981906
0.13669594487981906
0.13669594487981906
0.13669594487981906
0.13680113606479777
0.13685373165728712
0.13685373165728712
0.13685373165728712
0.13685373165728712
0.13690632724977647
0.13690632724977647
0.13690632724977647
0.13695892284226582
0.13701151843475518
0.13711670961973388
0.1371693052122232
0.1371693052122232
0.13722190080471255
0.1372744963972019
0.1372744963972019
0.1372744963972019
0.1373796875821806
0.1374848787671593
0.13753747435964866
0.13759006995213802
0.13764266554462737
0.13769526113711672
0.13769526113711672
0.13769526113711672
0.13769526113711672
0.13769526113711672
0.13769526113711672
0.13769526113711672
0.13774785672960607
0.13774785672960607
0.13774785672960607
0.13774785672960607
0.1378004523220954
0.1378004523220954
0.1378004523220954
0.13785304791458475
0.13785304791458475
0.1379056435070741
0.13795823909956345
0.13795823909956345
0.13795823909956345
0.13795823909956345
0.1380108346920528
0.1380108346920528
0.1380108346920528
0.1380108346920528
0.1380108346920528
0.13806343028454215
0.13806343028454215
0.13806343028454215
0.1381160258770315
0.13816862146952086
0.1382212170620102
0.13827381265449956
0.13827381265449956
0.1383264082469889
0.1383264082469889
0.1383264082469889
0.1383264082469889
0.13837900383947827
0.1384315994319676
0.1384315994319676
0.13848419502445694
0.13858938620943564
0.13858938620943564
0.13858938620943564
0.13858938620943564
0.138641981801925
0.138641981801925
0.138641981801925
0.138641981801925
0.1387471729869037
0.1387471729869037
0.13879976857939305
0.13879976857939305
0.13879976857939305
0.13879976857939305
0.13879976857939305
0.13879976857939305
0.13879976857939305
0.13879976857939305
0.13890495976437175
0.13890495976437175
0.13890495976437175
0.13890495976437175
0.1389575553568611
0.1389575553568611
0.13901015094935043
0.13901015094935043
0.13901015094935043
0.13901015094935043
0.13901015094935043
0.13901015094935043
0.13901015094935043
0.13901015094935043
0.13901015094935043
0.13906274654183978
0.13906274654183978
0.13906274654183978
0.13906274654183978
0.13906274654183978
0.13911534213432913
0.13916793772681849
0.13916793772681849
0.13916793772681849
0.13916793772681849
0.13916793772681849
0.13922053331930784
0.13922053331930784
0.13922053331930784
0.1392731289117972
0.13932572450428654
0.1393783200967759
0.1393783200967759
0.1393783200967759
0.1393783200967759
0.1393783200967759
0.1393783200967759
0.13943091568926524
0.1394835112817546
0.1395887024667333
0.1395887024667333
0.1395887024667333
0.1395887024667333
0.1395887024667333
0.1395887024667333
0.1395887024667333
0.1395887024667333
0.1395887024667333
0.1395887024667333
0.13974648924420133
0.13974648924420133
0.13974648924420133
0.13974648924420133
0.13974648924420133
0.13974648924420133
0.13974648924420133
0.13979908483669068
0.13979908483669068
0.13979908483669068
0.13979908483669068
0.13985168042918003
0.13985168042918003
0.13985168042918003
0.13990427602166938
0.13990427602166938
0.13990427602166938
0.13990427602166938
0.13995687161415873
0.14000946720664809
0.14000946720664809
0.14000946720664809
0.14000946720664809
0.14000946720664809
0.14000946720664809
0.14006206279913744
0.1401146583916268
0.1401146583916268
0.1401146583916268
0.1401146583916268
0.1402198495766055
0.14027244516909482
0.14027244516909482
0.14027244516909482
0.14027244516909482
0.14032504076158417
0.14032504076158417
0.14032504076158417
0.14037763635407352
0.14043023194656287
0.14043023194656287
0.14053542313154158
0.14053542313154158
0.14053542313154158
0.14064061431652028
0.14064061431652028
0.14069320990900963
0.14074580550149898
0.14079840109398833
0.14079840109398833
0.14079840109398833
0.14079840109398833
0.14079840109398833
0.1408509966864777
0.140903592278967
0.140903592278967
0.14095618787145636
0.1410087834639457
0.1410087834639457
0.1410087834639457
0.14106137905643507
0.14111397464892442
0.14111397464892442
0.14116657024141377
0.14116657024141377
0.14116657024141377
0.14116657024141377
0.14116657024141377
0.14121916583390312
0.14127176142639247
0.14127176142639247
0.14132435701888182
0.14132435701888182
0.14132435701888182
0.14132435701888182
0.14132435701888182
0.14137695261137118
0.14137695261137118
0.14137695261137118
0.14137695261137118
0.14142954820386053
0.14142954820386053
0.14142954820386053
0.14142954820386053
0.14142954820386053
0.14142954820386053
0.14142954820386053
0.14142954820386053
0.14148214379634988
0.14148214379634988
0.14148214379634988
0.14148214379634988
0.1415347393888392
0.1415347393888392
0.1416399305738179
0.1416399305738179
0.1416399305738179
0.1416399305738179
0.14169252616630726
0.14169252616630726
0.14169252616630726
0.14169252616630726
0.1417451217587966
0.1417451217587966
0.1417451217587966
0.1417451217587966
0.14185031294377531
0.14185031294377531
0.14185031294377531
0.14185031294377531
0.14185031294377531
0.14185031294377531
0.14185031294377531
0.14190290853626467
0.14195550412875402
0.14200809972124337
0.14200809972124337
0.14200809972124337
0.14206069531373272
0.14206069531373272
0.14206069531373272
0.1421658864987114
0.1421658864987114
0.1421658864987114
0.1421658864987114
0.1421658864987114
