0.0022090148845526746
0.0026297796244674695
0.0028927575869142166
0.003103139956871614
0.003366117919318361
0.003629095881765108
0.003734287066743807
0.003892073844211855
0.005101772471466891
0.0054699416188923366
0.005732919581339084
0.006153684321253879
0.007415978540998265
0.007415978540998265
0.007468574133487614
0.007468574133487614
0.007626360910955662
0.008415294798295904
0.00867827276074265
0.008836059538210699
0.008941250723189397
0.008941250723189397
0.009099037500657445
0.009256824278125493
0.009309419870614842
0.009362015463104192
0.00946720664808289
0.00946720664808289
0.009782780203018987
0.009782780203018987
0.009993162572976385
0.010203544942933782
0.010308736127912482
0.01046652290538053
0.010624309682848576
0.010729500867827277
0.010782096460316625
0.010834692052805975
0.010834692052805975
0.011150265607742071
0.011202861200231421
0.01130805238521012
0.011465839162678168
0.011465839162678168
0.011465839162678168
0.011465839162678168
0.011465839162678168
0.011518434755167516
0.011518434755167516
0.011571030347656866
0.011571030347656866
0.011571030347656866
0.011623625940146216
0.011623625940146216
0.011676221532635565
0.011728817125124915
0.011834008310103613
0.012044390680061011
0.01209698627255036
0.01209698627255036
0.01209698627255036
0.01209698627255036
0.01214958186503971
0.012412559827486456
0.012517751012465156
0.012517751012465156
0.012570346604954504
0.012570346604954504
0.012570346604954504
0.012728133382422553
0.012938515752379951
0.013201493714826698
0.013254089307316048
0.013254089307316048
0.013254089307316048
0.013254089307316048
0.013254089307316048
0.013254089307316048
0.013306684899805396
0.013464471677273444
0.013464471677273444
0.013464471677273444
0.013464471677273444
0.013464471677273444
0.013464471677273444
0.013517067269762794
0.013780045232209541
0.013832640824698891
0.013832640824698891
0.013832640824698891
0.014095618787145638
0.014148214379634986
0.014148214379634986
0.014148214379634986
0.014148214379634986
0.014148214379634986
0.014200809972124336
0.014253405564613686
0.014306001157103034
0.014306001157103034
0.014358596749592384
0.014358596749592384
0.014358596749592384
0.014463787934571082
0.014463787934571082
0.014463787934571082
0.014516383527060433
0.01467417030452848
0.01467417030452848
0.01467417030452848
0.014726765897017829
0.014779361489507179
0.014884552674485877
0.014989743859464577
0.015094935044443276
0.015147530636932626
0.015252721821911324
0.015252721821911324
0.015357913006890022
0.01546310419186872
0.01551569978435807
0.015620890969336769
0.015620890969336769
0.015620890969336769
0.015673486561826117
0.01572608215431547
0.01572608215431547
0.01572608215431547
0.015778677746804817
0.015778677746804817
0.015831273339294166
0.015989060116762214
0.015989060116762214
0.015989060116762214
0.016146846894230262
0.01640982485667701
0.01646242044916636
0.016620207226634407
0.016620207226634407
0.016620207226634407
0.016620207226634407
0.01667280281912376
0.016935780781570504
0.016935780781570504
0.016935780781570504
0.017040971966549204
0.017040971966549204
0.017093567559038552
0.0171461631515279
0.0171461631515279
0.01730394992899595
0.01730394992899595
0.01740914111397465
0.01740914111397465
0.01740914111397465
0.017461736706463997
0.017461736706463997
0.01751433229895335
0.017566927891442697
0.017566927891442697
0.017619523483932045
0.017619523483932045
0.017672119076421397
0.017672119076421397
0.017672119076421397
0.017672119076421397
0.017672119076421397
0.017672119076421397
0.017672119076421397
0.017672119076421397
0.017724714668910745
0.017777310261400094
0.017777310261400094
0.017777310261400094
0.017829905853889445
0.017882501446378794
0.017882501446378794
0.017882501446378794
0.017987692631357494
0.018040288223846842
0.01809288381633619
0.01819807500131489
0.01825067059380424
0.01830326618629359
0.01835586177878294
0.01835586177878294
0.01835586177878294
0.018461052963761635
0.018461052963761635
0.018566244148740335
0.018618839741229683
0.018618839741229683
0.018618839741229683
0.018671435333719035
0.018671435333719035
0.018671435333719035
0.018724030926208383
0.01877662651869773
0.018987008888655132
0.01903960448114448
0.01903960448114448
0.01903960448114448
0.01903960448114448
0.01903960448114448
0.01903960448114448
0.01909220007363383
0.01909220007363383
0.01914479566612318
0.01914479566612318
0.01914479566612318
0.01914479566612318
0.01919739125861253
0.01919739125861253
0.019249986851101877
0.019249986851101877
0.019355178036080577
0.019460369221059277
0.019460369221059277
0.019512964813548625
0.019565560406037973
0.019565560406037973
0.019618155998527325
0.019618155998527325
0.019670751591016673
0.019670751591016673
0.019670751591016673
0.019670751591016673
0.019670751591016673
0.019670751591016673
0.019670751591016673
0.019670751591016673
0.019670751591016673
0.019670751591016673
0.019670751591016673
0.019670751591016673
0.019670751591016673
0.01972334718350602
0.01982853836848472
0.01982853836848472
0.01988113396097407
0.01988113396097407
0.019933729553463418
0.020038920738442118
0.020091516330931466
0.020144111923420818
0.020196707515910167
0.020301898700888867
0.020407089885867563
0.020407089885867563
0.020407089885867563
0.020459685478356915
0.020459685478356915
0.020459685478356915
0.020459685478356915
0.020512281070846263
0.020617472255824963
0.020880450218271708
0.02093304581076106
0.021038236995739756
0.021090832588229108
0.021090832588229108
0.021090832588229108
0.021090832588229108
0.021090832588229108
0.021090832588229108
0.021090832588229108
0.021196023773207805
0.021301214958186505
0.021301214958186505
0.021353810550675853
0.021353810550675853
0.021353810550675853
0.021353810550675853
0.021459001735654553
0.0215115973281439
0.02156419292063325
0.02156419292063325
0.0216167885131226
0.0216167885131226
0.02166938410561195
0.02166938410561195
0.02166938410561195
0.021721979698101298
0.021721979698101298
0.02177457529059065
0.02177457529059065
0.02177457529059065
0.02177457529059065
0.021932362068058698
0.021984957660548046
0.022037553253037395
0.022037553253037395
0.022037553253037395
0.022090148845526746
0.022090148845526746
0.022195340030505443
0.022195340030505443
0.022195340030505443
0.022247935622994795
0.022247935622994795
0.02235312680797349
0.022405722400462843
0.02261610477042024
0.022826487140377636
0.022879082732866984
0.022931678325356336
0.022931678325356336
0.022931678325356336
0.022984273917845684
0.023089465102824384
0.023142060695313733
0.023142060695313733
0.023142060695313733
0.023142060695313733
0.023142060695313733
0.023247251880292433
0.02329984747278178
0.02335244306527113
0.02335244306527113
0.02340503865776048
0.02356282543522853
0.02356282543522853
0.02356282543522853
0.023615421027717878
0.023615421027717878
0.023615421027717878
0.023720612212696578
0.023720612212696578
0.023773207805185926
0.023773207805185926
0.023878398990164623
0.023930994582653974
0.023930994582653974
0.023983590175143323
0.02403618576763267
0.02403618576763267
0.02403618576763267
0.02403618576763267
0.02403618576763267
0.02403618576763267
0.02403618576763267
0.02403618576763267
0.02403618576763267
0.02403618576763267
0.02403618576763267
0.02403618576763267
0.02414137695261137
0.02414137695261137
0.02429916373007942
0.024351759322568767
0.024456950507547467
0.024456950507547467
0.024456950507547467
0.024456950507547467
0.024456950507547467
0.024456950507547467
0.024509546100036816
0.024509546100036816
0.024562141692526167
0.024562141692526167
0.024614737285015516
0.024667332877504864
0.024667332877504864
0.024667332877504864
0.024667332877504864
0.024719928469994216
0.024719928469994216
0.024772524062483564
0.024772524062483564
0.024772524062483564
0.024877715247462264
0.024877715247462264
0.02498290643244096
0.025035502024930312
0.025035502024930312
0.02508809761741966
0.02519328880239836
0.02519328880239836
0.02519328880239836
0.02519328880239836
0.025298479987377057
0.025351075579866406
0.025403671172355757
0.025403671172355757
0.025403671172355757
0.025403671172355757
0.025403671172355757
0.025403671172355757
0.025403671172355757
0.025403671172355757
0.025403671172355757
0.025456266764845106
0.025456266764845106
0.025456266764845106
0.025561457949823806
0.025666649134802502
0.025666649134802502
0.025666649134802502
0.025666649134802502
0.025771840319781202
0.025771840319781202
0.025771840319781202
0.025771840319781202
0.02582443591227055
0.02592962709724925
0.02592962709724925
0.0259822226897386
0.0259822226897386
0.0259822226897386
0.0259822226897386
0.0259822226897386
0.0259822226897386
0.0260874138747173
0.0260874138747173
0.026140009467206647
0.026192605059696
0.026192605059696
0.026192605059696
0.026245200652185347
0.026245200652185347
0.026245200652185347
0.026297796244674695
0.026350391837164047
0.026350391837164047
0.026560774207121444
0.026613369799610792
0.026613369799610792
0.026613369799610792
0.02666596539210014
0.02666596539210014
0.026718560984589492
0.02677115657707884
0.02677115657707884
0.02677115657707884
0.02677115657707884
0.02687634776205754
0.026981538947036237
0.02703413453952559
0.02703413453952559
0.027139325724504285
0.027244516909482985
0.027244516909482985
0.027349708094461685
0.027349708094461685
0.027349708094461685
0.027402303686951034
0.027402303686951034
0.027402303686951034
0.027402303686951034
0.027454899279440382
0.027507494871929734
0.027507494871929734
0.027507494871929734
0.027507494871929734
0.027507494871929734
0.027507494871929734
0.027560090464419082
0.027560090464419082
0.02761268605690843
0.02761268605690843
0.027665281649397782
0.027665281649397782
0.02787566401935518
0.02787566401935518
0.027928259611844527
0.027980855204333875
0.027980855204333875
0.027980855204333875
0.027980855204333875
0.028086046389312575
0.028086046389312575
0.028086046389312575
0.028138641981801923
0.028138641981801923
0.028138641981801923
0.028138641981801923
0.028138641981801923
0.028138641981801923
0.028138641981801923
0.028191237574291275
0.028243833166780623
0.028349024351759324
0.028401619944248672
0.028401619944248672
0.028401619944248672
0.028401619944248672
0.028401619944248672
0.028401619944248672
0.028401619944248672
0.02845421553673802
0.02855940672171672
0.02855940672171672
0.02855940672171672
0.02861200231420607
0.02866459790669542
0.02866459790669542
0.02866459790669542
0.02866459790669542
0.02866459790669542
0.02866459790669542
0.02866459790669542
0.02871719349918477
0.028769789091674117
0.028769789091674117
0.028769789091674117
0.028769789091674117
0.028769789091674117
0.028874980276652817
0.028874980276652817
0.028874980276652817
0.028874980276652817
0.028874980276652817
0.028927575869142165
0.028927575869142165
0.028927575869142165
0.028927575869142165
0.028927575869142165
0.028980171461631517
0.028980171461631517
0.028980171461631517
0.029085362646610213
0.029085362646610213
0.029085362646610213
0.029085362646610213
0.029085362646610213
0.029085362646610213
0.029085362646610213
0.029085362646610213
0.029085362646610213
0.029190553831588913
0.02924314942407826
0.02929574501656761
0.02929574501656761
0.02929574501656761
0.02929574501656761
0.02929574501656761
0.02934834060905696
0.02934834060905696
0.02934834060905696
0.02934834060905696
0.02934834060905696
0.029453531794035658
0.029558722979014358
0.029558722979014358
0.029558722979014358
0.029558722979014358
0.029611318571503707
0.02966391416399306
0.02966391416399306
0.02966391416399306
0.02966391416399306
0.02966391416399306
0.02966391416399306
0.02966391416399306
0.02966391416399306
0.029716509756482407
0.029716509756482407
0.029716509756482407
0.029716509756482407
0.029716509756482407
0.029716509756482407
0.029716509756482407
0.029769105348971755
0.029769105348971755
0.029769105348971755
0.029821700941461107
0.029821700941461107
0.029821700941461107
0.029874296533950455
0.029926892126439803
0.029979487718929155
0.029979487718929155
0.029979487718929155
0.029979487718929155
0.03008467890390785
0.03008467890390785
0.03008467890390785
0.03008467890390785
0.03008467890390785
0.03008467890390785
0.030137274496397203
0.03018987008888655
0.03018987008888655
0.03018987008888655
0.0302424656813759
0.0302424656813759
0.0302424656813759
0.0302424656813759
0.0303476568663546
0.0303476568663546
0.0304528480513333
0.0304528480513333
0.0304528480513333
0.0304528480513333
0.030505443643822648
0.030505443643822648
0.030505443643822648
0.030610634828801348
0.030663230421290696
0.030663230421290696
0.030663230421290696
0.030715826013780045
0.030768421606269393
0.030821017198758745
0.030873612791248093
0.030873612791248093
0.030873612791248093
0.030873612791248093
0.030873612791248093
0.030873612791248093
0.030873612791248093
0.030873612791248093
0.03092620838373744
0.03092620838373744
0.030978803976226793
0.030978803976226793
0.030978803976226793
0.03103139956871614
0.03113659075369484
0.03113659075369484
0.03113659075369484
0.03118918634618419
0.031241781938673538
0.031241781938673538
0.03129437753116289
0.03129437753116289
0.03129437753116289
0.03129437753116289
0.03129437753116289
0.031346973123652234
0.031399568716141586
0.03145216430863094
0.03145216430863094
0.03150475990112028
0.03150475990112028
0.031557355493609635
0.031609951086098986
0.031767737863567035
0.031767737863567035
0.03187292904854573
0.03187292904854573
0.03192552464103508
0.03192552464103508
0.03197812023352443
0.03208331141850313
0.032135907010992476
0.032135907010992476
0.032135907010992476
0.032135907010992476
0.03218850260348183
0.03218850260348183
0.03224109819597118
0.03224109819597118
0.03224109819597118
0.03224109819597118
0.03224109819597118
0.03224109819597118
0.03224109819597118
0.032346289380949876
0.03245148056592857
0.03245148056592857
0.032556671750907276
0.032556671750907276
0.03260926734339662
0.03260926734339662
0.03260926734339662
0.03260926734339662
0.03260926734339662
0.03266186293588597
0.03276705412086467
0.03276705412086467
0.03287224530584337
0.03292484089833272
0.03292484089833272
0.03292484089833272
0.03292484089833272
0.03297743649082207
0.03297743649082207
0.03303003208331142
0.033082627675800766
0.033082627675800766
0.033082627675800766
0.033082627675800766
0.033082627675800766
0.033082627675800766
0.033082627675800766
0.03313522326829012
0.03313522326829012
0.03318781886077947
0.03318781886077947
0.03318781886077947
0.033240414453268814
0.033240414453268814
0.033240414453268814
0.033293010045758166
0.033293010045758166
0.033293010045758166
0.033293010045758166
0.03334560563824752
0.03334560563824752
0.03334560563824752
0.03334560563824752
0.03334560563824752
0.03339820123073686
0.03339820123073686
0.033450796823226214
0.033450796823226214
0.033450796823226214
0.033450796823226214
0.033503392415715566
0.033503392415715566
0.03360858360069426
0.03371377478567296
0.03371377478567296
0.03371377478567296
0.03371377478567296
0.03371377478567296
0.03371377478567296
0.03371377478567296
0.03381896597065166
0.03387156156314101
0.03387156156314101
0.03392415715563036
0.03392415715563036
0.03392415715563036
0.03392415715563036
0.03392415715563036
0.03392415715563036
0.03392415715563036
0.03397675274811971
0.034029348340609056
0.034029348340609056
0.034029348340609056
0.034029348340609056
0.03408194393309841
0.03408194393309841
0.03408194393309841
0.03413453952558775
0.03413453952558775
0.03413453952558775
0.03413453952558775
0.03413453952558775
0.034187135118077104
0.034187135118077104
0.034187135118077104
0.034239730710566456
0.034239730710566456
0.034239730710566456
0.034239730710566456
0.0342923263030558
0.0342923263030558
0.0342923263030558
0.0342923263030558
0.0342923263030558
0.0342923263030558
0.03434492189554515
0.03434492189554515
0.03434492189554515
0.03445011308052385
0.03445011308052385
0.03445011308052385
0.03445011308052385
0.03445011308052385
0.0345027086730132
0.0345027086730132
0.0345027086730132
0.0345027086730132
0.0345027086730132
0.0345027086730132
0.0346078998579919
0.0346078998579919
0.03466049545048125
0.0347130910429706
0.0347130910429706
0.034765686635459946
0.0348182822279493
0.0348182822279493
0.0348182822279493
0.03487087782043865
0.03487087782043865
0.03487087782043865
0.034923473412927994
0.034923473412927994
0.034923473412927994
0.034923473412927994
0.034923473412927994
0.034923473412927994
0.034923473412927994
0.034923473412927994
0.034923473412927994
0.034923473412927994
0.034976069005417346
0.0350286645979067
0.03508126019039604
0.03508126019039604
0.03508126019039604
0.03508126019039604
0.03508126019039604
0.03508126019039604
0.03508126019039604
0.035133855782885394
0.035186451375374746
0.035186451375374746
0.035186451375374746
0.03523904696786409
0.03523904696786409
0.03523904696786409
0.03523904696786409
0.03523904696786409
0.03523904696786409
0.03523904696786409
0.03523904696786409
0.03529164256035344
0.03529164256035344
0.03529164256035344
0.035344238152842794
0.035344238152842794
0.03539683374533214
0.03539683374533214
0.03539683374533214
0.03539683374533214
0.03544942933782149
0.03544942933782149
0.03544942933782149
0.03550202493031084
0.03560721611528954
0.03560721611528954
0.03565981170777889
0.03565981170777889
0.03565981170777889
0.03565981170777889
0.035712407300268235
0.035712407300268235
0.03576500289275759
0.03576500289275759
0.03576500289275759
0.03576500289275759
0.03576500289275759
0.03581759848524694
0.03581759848524694
0.035922789670225636
0.035922789670225636
0.035922789670225636
0.03597538526271499
0.036133172040183036
0.036133172040183036
0.036133172040183036
0.036133172040183036
0.036133172040183036
0.036133172040183036
0.036133172040183036
0.036133172040183036
0.03618576763267238
0.03618576763267238
0.03623836322516173
0.036290958817651084
0.036290958817651084
0.036290958817651084
0.036290958817651084
0.036290958817651084
0.036290958817651084
0.036290958817651084
0.036290958817651084
0.036290958817651084
0.036290958817651084
0.036290958817651084
0.036290958817651084
0.03634355441014043
0.03634355441014043
0.03634355441014043
0.03639615000262978
0.03644874559511913
0.03644874559511913
0.03655393678009783
0.03655393678009783
0.03655393678009783
0.03655393678009783
0.03660653237258718
0.03660653237258718
0.036659127965076525
0.036659127965076525
0.036659127965076525
0.036659127965076525
0.036659127965076525
0.036659127965076525
0.036659127965076525
0.036659127965076525
0.036659127965076525
0.036659127965076525
0.036659127965076525
0.03671172355756588
0.03676431915005523
0.036816914742544574
0.036816914742544574
0.036816914742544574
0.036816914742544574
0.036869510335033925
0.03692210592752327
0.03697470152001262
0.03697470152001262
0.037027297112501974
0.03713248829748067
0.03713248829748067
0.03713248829748067
0.03713248829748067
0.03718508388997002
0.03723767948245937
0.03723767948245937
0.03723767948245937
0.03723767948245937
0.03723767948245937
0.03723767948245937
0.03723767948245937
0.03723767948245937
0.03723767948245937
0.03723767948245937
0.03723767948245937
0.03723767948245937
0.03723767948245937
0.03723767948245937
0.03723767948245937
0.03734287066743807
0.03734287066743807
0.037395466259927415
0.037395466259927415
0.03750065744490612
0.03750065744490612
0.03750065744490612
0.03750065744490612
0.03750065744490612
0.03750065744490612
0.03750065744490612
0.03750065744490612
0.03750065744490612
0.03750065744490612
0.03750065744490612
0.03750065744490612
0.03750065744490612
0.03755325303739546
0.03755325303739546
0.03755325303739546
0.03755325303739546
0.03755325303739546
0.03755325303739546
0.03755325303739546
0.03755325303739546
0.03755325303739546
0.03755325303739546
0.03755325303739546
0.03755325303739546
0.03755325303739546
0.03755325303739546
0.03765844422237417
0.03765844422237417
0.03765844422237417
0.03765844422237417
0.03765844422237417
0.03765844422237417
0.03771103981486351
0.03771103981486351
0.03771103981486351
0.037763635407352864
0.037763635407352864
0.037763635407352864
0.037763635407352864
0.037763635407352864
0.037763635407352864
0.037816230999842215
0.037816230999842215
0.037816230999842215
0.037816230999842215
0.03786882659233156
0.03786882659233156
0.037974017777310264
0.03807920896228896
0.03807920896228896
0.03807920896228896
0.03807920896228896
0.03807920896228896
0.03807920896228896
0.03807920896228896
0.03807920896228896
0.03813180455477831
0.03813180455477831
0.03818440014726766
0.03823699573975701
0.03823699573975701
0.03823699573975701
0.038342186924735705
0.038342186924735705
0.038342186924735705
0.038342186924735705
0.038342186924735705
0.038342186924735705
0.038342186924735705
0.03844737810971441
0.03844737810971441
0.03844737810971441
0.03849997370220375
0.038552569294693105
0.038552569294693105
