0.06216799032241098
0.0733708515226424
0.07962972702887498
0.08467890390785252
0.08772944827223479
0.09046441908168096
0.09272602955872297
0.094987640035765
0.09677589018040288
0.09845894914006206
0.10051017724714668
0.10224583179929522
0.1041392731289118
0.10555935412612423
0.10671645716088991
0.10771577341818755
0.10855730289801714
0.10913585441539998
0.11034555304265503
0.11181822963235681
0.11281754588965445
0.1133960974070373
0.11476358281176037
0.11565770788407931
0.11607847262399411
0.1170251932888024
0.11797191395361069
0.11828748750854678
0.11928680376584443
0.11991795087571662
0.12049650239309946
0.121180245095461
0.12165360542786514
0.12228475253773734
0.12286330405512018
0.12344185557250302
0.12365223794246043
0.12407300268237521
0.12438857623731131
0.12480934097722611
0.12533529690211961
0.1258612528270131
0.1263872087519066
0.12680797349182138
0.1272287382317362
0.12759690737916163
0.12796507652658706
0.12833324567401252
0.1287540104139273
0.1291747751538421
0.1294903487087782
0.12975332667122494
0.1301214958186504
0.13027928259611846
0.13059485615105454
0.13080523852101195
0.13117340766843738
0.13159417240835217
0.13201493714826698
0.13259348866564982
0.13327723136801137
0.1335402093304581
0.13380318729290486
0.134276547625309
0.13469731236522378
0.1349076947351812
0.13532845947509597
0.13553884184505338
0.13569662862252144
0.13606479776994687
0.13622258454741493
0.13648556250986169
0.13659075369484036
0.13680113606479777
0.13711670961973388
0.1373796875821806
0.13759006995213802
0.13785304791458475
0.13816862146952086
0.1385367906169463
0.13890495976437175
0.13916793772681849
0.1393783200967759
0.13974648924420133
0.13985168042918003
0.14027244516909482
0.14053542313154158
0.14064061431652028
0.1410087834639457
0.14111397464892442
0.14121916583390312
0.14148214379634988
0.1415347393888392
0.14169252616630726
0.14200809972124337
0.14221848209120075
0.1422710776836901
0.1424814600536475
0.1427970336085836
0.143007415978541
0.14316520275600905
0.1433229895334771
0.14348077631094514
0.1437437542733919
0.14390154105085995
0.14411192342081733
0.14432230579077474
0.1444800925682428
0.14458528375322147
0.14463787934571082
0.14490085730815758
0.14500604849313628
0.14521643086309366
0.14537421764056171
0.14542681323305107
0.14568979119549783
0.14579498238047653
0.1459001735654552
0.14605796034292326
0.1461105559354126
0.14616315152790196
0.14626834271288067
0.14642612949034872
0.1468468942302635
0.14689948982275286
0.14721506337768894
0.14732025456266765
0.14732025456266765
0.14742544574764635
0.14742544574764635
0.1474780413401357
0.1475832325251144
0.14763582811760376
0.14768842371009308
0.1478988060800505
0.14805659285751854
0.14816178404249725
0.1482143796349866
0.1482143796349866
0.14831957081996527
0.14831957081996527
0.14852995318992268
0.14852995318992268
0.14852995318992268
0.14868773996739074
0.1487403355598801
0.1487403355598801
0.1488455267448588
0.14905590911481617
0.14921369589228423
0.14926629148477358
0.14942407826224163
0.14947667385473098
0.149634460632199
0.14973965181717772
0.15000262977962447
0.1501604165570925
0.15021301214958185
0.15042339451953926
0.1504759901120286
0.15063377688949667
0.15063377688949667
0.15068637248198602
0.15073896807447537
0.1507915636669647
0.1508967548519434
0.15094935044443275
0.1510019460369221
0.1512123284068795
0.1513175195918582
0.15147530636932624
0.151738284331773
0.15179087992426235
0.1518434755167517
0.1518434755167517
0.1519486667017304
0.15205385788670908
0.15210645347919843
0.15215904907168779
0.15221164466417714
0.15242202703413454
0.15242202703413454
0.15252721821911325
0.1525798138116026
0.15273760058907063
0.15289538736653868
0.15289538736653868
0.15289538736653868
0.15294798295902803
0.1531057697364961
0.1531057697364961
0.15326355651396412
0.15331615210645347
0.15342134329143217
0.15342134329143217
0.15352653447641088
0.15368432125387893
0.15373691684636828
0.15384210803134699
0.1538947036238363
0.1538947036238363
0.153999894808815
0.153999894808815
0.153999894808815
0.153999894808815
0.15405249040130436
0.15410508599379372
0.15426287277126177
0.15431546836375112
0.15447325514121918
0.15457844632619785
0.1546310419186872
0.1547362331036659
0.15478882869615526
0.1548414242886446
0.1548414242886446
0.15494661547362332
0.15494661547362332
0.15499921106611267
0.15505180665860202
0.15510440225109137
0.15520959343607005
0.1552621890285594
0.15541997580602745
0.15552516699100616
0.15563035817598486
0.1556829537684742
0.15573554936096354
0.15584074054594224
0.15584074054594224
0.1558933361384316
0.1558933361384316
0.1559985273234103
0.15605112291589965
0.156103718508389
0.156103718508389
0.1562089096933677
0.1563141008783464
0.15647188765581443
0.1565244832483038
0.15657707884079314
0.15657707884079314
0.15657707884079314
0.1566296744332825
0.1567348656182612
0.1567348656182612
0.15689265239572925
0.15699784358070792
0.15699784358070792
0.15699784358070792
0.15699784358070792
0.15710303476568663
0.15715563035817598
0.15715563035817598
0.15715563035817598
0.15715563035817598
0.15720822595066533
0.15720822595066533
0.15731341713564403
0.15731341713564403
0.1573660127281334
0.1573660127281334
0.1573660127281334
0.1573660127281334
0.15741860832062274
0.15741860832062274
0.15752379950560144
0.1575763950980908
0.15762899069058012
0.15762899069058012
0.15768158628306947
0.15768158628306947
0.15773418187555882
0.15778677746804817
0.15783937306053752
0.15789196865302688
0.15794456424551623
0.15804975543049493
0.15810235102298428
0.15810235102298428
0.15815494661547363
0.15815494661547363
0.15820754220796296
0.15820754220796296
0.1582601378004523
0.1582601378004523
0.1582601378004523
0.1582601378004523
0.1582601378004523
0.1582601378004523
0.15831273339294166
0.15836532898543101
0.15836532898543101
0.15847052017040972
0.15847052017040972
0.15857571135538842
0.15862830694787777
0.15862830694787777
0.15862830694787777
0.15873349813285648
0.15878609372534583
0.1588912849103245
0.1588912849103245
0.15894388050281386
0.1589964760953032
0.1589964760953032
0.1589964760953032
0.1591016672802819
0.15920685846526061
0.15931204965023932
0.15931204965023932
0.15941724083521802
0.15941724083521802
0.15946983642770735
0.1595224320201967
0.15957502761268605
0.1596276232051754
0.15968021879766475
0.15968021879766475
0.15978540998264346
0.1598380055751328
0.1598380055751328
0.1598380055751328
0.1598380055751328
0.1598380055751328
0.1598380055751328
0.15989060116762216
0.15989060116762216
0.15989060116762216
0.1599431967601115
0.16004838794509021
0.16010098353757954
0.1601535791300689
0.1601535791300689
0.1601535791300689
0.1601535791300689
0.16020617472255824
0.1602587703150476
0.16031136590753695
0.16031136590753695
0.1603639615000263
0.16041655709251565
0.16041655709251565
0.16041655709251565
0.16041655709251565
0.160469152685005
0.16052174827749435
0.16052174827749435
0.16062693946247306
0.16062693946247306
0.16062693946247306
0.16062693946247306
0.16073213064745173
0.16078472623994108
0.16078472623994108
0.16078472623994108
0.16078472623994108
0.16083732183243044
0.16083732183243044
0.16083732183243044
0.16094251301740914
0.1609951086098985
0.1609951086098985
0.1609951086098985
0.1609951086098985
0.1609951086098985
0.1611002997948772
0.1611002997948772
0.16115289538736655
0.1612054909798559
0.1612054909798559
0.1612054909798559
0.1612054909798559
0.16136327775732393
0.16136327775732393
0.16141587334981328
0.16146846894230263
0.16146846894230263
0.16146846894230263
0.16146846894230263
0.16146846894230263
0.16146846894230263
0.16152106453479198
0.16162625571977068
0.16162625571977068
0.1617314469047494
0.1617314469047494
0.1617314469047494
0.16178404249723874
0.16188923368221744
0.16188923368221744
0.16188923368221744
0.16194182927470677
0.16199442486719612
0.16204702045968547
0.16209961605217482
0.16209961605217482
0.16209961605217482
0.16215221164466417
0.16215221164466417
0.16230999842213223
0.16230999842213223
0.16236259401462158
0.16241518960711093
0.16241518960711093
0.16252038079208964
0.16252038079208964
0.16257297638457896
0.16257297638457896
0.1626255719770683
0.1626255719770683
0.1626255719770683
0.16267816756955766
0.16267816756955766
0.16267816756955766
0.16278335875453637
0.16288854993951507
0.16288854993951507
0.16288854993951507
0.16294114553200442
0.16299374112449377
0.16299374112449377
0.16299374112449377
0.16299374112449377
0.16299374112449377
0.16299374112449377
0.16315152790196183
0.1632567190869405
0.16330931467942986
0.16330931467942986
0.16330931467942986
0.1633619102719192
0.1633619102719192
0.1634671014568979
0.16351969704938726
0.16357229264187662
0.16362488823436597
0.16362488823436597
0.16362488823436597
0.16362488823436597
0.16362488823436597
0.16362488823436597
0.16362488823436597
0.16362488823436597
0.16362488823436597
0.16362488823436597
0.16367748382685532
0.16367748382685532
0.16367748382685532
0.16373007941934467
0.1638878661968127
0.1638878661968127
0.1638878661968127
0.1638878661968127
0.1638878661968127
0.1638878661968127
0.1639930573817914
0.16404565297428075
0.16404565297428075
0.1640982485667701
0.1640982485667701
0.1640982485667701
0.1640982485667701
0.1640982485667701
0.16415084415925946
0.16415084415925946
0.1642034397517488
0.1642034397517488
0.1643086309367275
0.16436122652921686
0.1644138221217062
0.16446641771419554
0.16446641771419554
0.1645190133066849
0.1645190133066849
0.1645190133066849
0.1645190133066849
0.1645190133066849
0.16457160889917424
0.16457160889917424
0.16467680008415295
0.16467680008415295
0.16467680008415295
0.16478199126913165
0.16478199126913165
0.164834586861621
0.16488718245411035
0.16488718245411035
0.16488718245411035
0.1649397780465997
0.1649397780465997
0.16499237363908906
0.16499237363908906
0.16499237363908906
0.16499237363908906
0.16499237363908906
0.16504496923157838
0.16504496923157838
0.16515016041655708
0.16515016041655708
0.16520275600904644
0.1652553516015358
0.1652553516015358
0.1652553516015358
0.1652553516015358
0.1652553516015358
0.16530794719402514
0.16530794719402514
0.16530794719402514
0.16530794719402514
0.16530794719402514
0.1653605427865145
0.1653605427865145
0.1653605427865145
0.1653605427865145
0.1653605427865145
0.16541313837900384
0.16541313837900384
0.1654657339714932
0.16551832956398255
0.16551832956398255
0.16551832956398255
0.16551832956398255
0.16551832956398255
0.16551832956398255
0.16562352074896125
0.16572871193393993
0.16572871193393993
0.16572871193393993
0.16572871193393993
0.16572871193393993
0.16578130752642928
0.16588649871140798
0.16593909430389733
0.16593909430389733
0.16599168989638668
0.16599168989638668
0.16599168989638668
0.16604428548887604
0.16604428548887604
0.16614947667385474
0.16614947667385474
0.16614947667385474
0.16614947667385474
0.16614947667385474
0.1662020722663441
0.1662020722663441
0.16625466785883342
0.16630726345132277
0.16635985904381212
0.16635985904381212
0.16635985904381212
0.16635985904381212
0.16635985904381212
0.16641245463630147
0.16646505022879082
0.16651764582128017
0.16662283700625888
0.16667543259874823
0.16667543259874823
0.16667543259874823
0.16667543259874823
0.16672802819123758
0.16672802819123758
0.16672802819123758
0.16678062378372693
0.16683321937621629
0.16683321937621629
0.16683321937621629
0.1668858149687056
0.16693841056119496
0.16693841056119496
0.16693841056119496
0.16693841056119496
0.16693841056119496
0.16693841056119496
0.16693841056119496
0.16693841056119496
0.16693841056119496
0.16693841056119496
0.16693841056119496
0.1669910061536843
0.1669910061536843
0.16704360174617366
0.16704360174617366
0.16704360174617366
0.16704360174617366
0.16704360174617366
0.16704360174617366
0.16704360174617366
0.16704360174617366
0.16704360174617366
0.16704360174617366
0.16704360174617366
0.16704360174617366
0.16704360174617366
0.16704360174617366
0.16704360174617366
0.16704360174617366
0.16704360174617366
0.16709619733866302
0.16709619733866302
0.16709619733866302
0.16709619733866302
0.16709619733866302
0.16709619733866302
0.16709619733866302
0.16709619733866302
0.16714879293115237
0.16714879293115237
0.16720138852364172
0.16730657970862042
0.16730657970862042
0.16730657970862042
0.16735917530110977
0.16735917530110977
0.16741177089359913
0.16741177089359913
0.16746436648608848
0.16746436648608848
0.16746436648608848
0.16746436648608848
0.16746436648608848
0.16746436648608848
0.16746436648608848
0.16746436648608848
0.16746436648608848
0.16746436648608848
0.16746436648608848
0.16756955767106715
0.16756955767106715
0.16756955767106715
0.16756955767106715
0.16756955767106715
0.16756955767106715
0.16756955767106715
0.16756955767106715
0.16756955767106715
0.16756955767106715
0.16756955767106715
0.1676221532635565
0.1676221532635565
0.1676221532635565
0.16777994004102456
0.16777994004102456
0.16777994004102456
0.16777994004102456
0.16777994004102456
0.16793772681849262
0.16793772681849262
0.16793772681849262
0.16793772681849262
0.16793772681849262
0.16799032241098197
0.16799032241098197
0.16799032241098197
0.16799032241098197
0.16799032241098197
0.16804291800347132
0.16804291800347132
0.16809551359596067
0.16809551359596067
0.16814810918845
0.16814810918845
0.1682533003734287
0.1682533003734287
0.1682533003734287
0.16830589596591805
0.16830589596591805
0.1683584915584074
0.1683584915584074
0.16841108715089675
0.16841108715089675
0.16841108715089675
0.16841108715089675
0.16841108715089675
0.1684636827433861
0.1684636827433861
0.1684636827433861
0.16851627833587546
0.16851627833587546
0.1685688739283648
0.16862146952085416
0.16862146952085416
0.1687792562983222
0.1687792562983222
0.1687792562983222
0.1688844474833009
0.1688844474833009
0.1688844474833009
0.1688844474833009
0.16893704307579024
0.16893704307579024
0.16893704307579024
0.16893704307579024
0.16893704307579024
0.16893704307579024
0.16893704307579024
0.16893704307579024
0.16904223426076895
0.1690948298532583
0.1690948298532583
0.1690948298532583
0.1690948298532583
0.1690948298532583
0.16914742544574765
0.16914742544574765
0.16914742544574765
0.16914742544574765
0.16914742544574765
0.169200021038237
0.169200021038237
0.16925261663072635
0.16925261663072635
0.16925261663072635
0.16925261663072635
0.16925261663072635
0.16925261663072635
0.1693052122232157
0.1693052122232157
0.16935780781570503
0.16935780781570503
0.16935780781570503
0.16946299900068373
0.16946299900068373
0.16946299900068373
0.16946299900068373
0.16946299900068373
0.16946299900068373
0.16951559459317309
0.16951559459317309
0.16951559459317309
0.16951559459317309
0.16951559459317309
0.16951559459317309
0.16956819018566244
0.16956819018566244
0.16956819018566244
0.1696207857781518
0.16967338137064114
0.16967338137064114
0.16967338137064114
0.16967338137064114
0.16967338137064114
0.16967338137064114
0.1697259769631305
0.1697259769631305
0.1697259769631305
0.16977857255561984
0.16977857255561984
0.1698311681481092
0.16988376374059855
0.16988376374059855
0.1699363593330879
0.16998895492557722
0.16998895492557722
0.16998895492557722
0.16998895492557722
0.17004155051806658
0.17004155051806658
0.17004155051806658
0.17004155051806658
0.17004155051806658
0.17004155051806658
0.17014674170304528
0.17014674170304528
0.17014674170304528
0.17014674170304528
0.17014674170304528
0.17019933729553463
0.17019933729553463
0.17019933729553463
0.17019933729553463
0.17025193288802398
0.17025193288802398
0.17030452848051333
0.17030452848051333
0.17030452848051333
0.17030452848051333
0.17030452848051333
0.17030452848051333
0.17030452848051333
0.17035712407300269
0.17035712407300269
0.17040971966549204
0.1704623152579814
0.1704623152579814
0.1704623152579814
0.17051491085047074
0.1705675064429601
0.17062010203544942
0.17062010203544942
0.17062010203544942
0.17062010203544942
0.17062010203544942
0.17062010203544942
0.17062010203544942
0.17062010203544942
0.17062010203544942
0.17062010203544942
0.17062010203544942
0.17062010203544942
0.17062010203544942
0.17067269762793877
0.17067269762793877
0.17067269762793877
0.17067269762793877
0.17067269762793877
0.17067269762793877
0.17067269762793877
0.17072529322042812
0.17072529322042812
0.17072529322042812
0.17072529322042812
0.17072529322042812
0.17072529322042812
0.17072529322042812
0.17072529322042812
0.17072529322042812
0.17072529322042812
0.17072529322042812
0.17088307999789618
0.17093567559038553
0.17093567559038553
0.17093567559038553
0.17093567559038553
0.17093567559038553
0.17093567559038553
0.17093567559038553
0.17098827118287488
0.17098827118287488
0.17104086677536423
0.17104086677536423
0.17104086677536423
0.17104086677536423
0.17104086677536423
0.17109346236785358
0.17109346236785358
0.17109346236785358
0.17109346236785358
0.17109346236785358
0.17114605796034293
0.1711986535528323
0.1711986535528323
0.1711986535528323
0.1712512491453216
0.1712512491453216
0.1712512491453216
0.1712512491453216
0.1712512491453216
0.1712512491453216
0.1712512491453216
0.1712512491453216
0.1712512491453216
0.1712512491453216
0.1712512491453216
0.1712512491453216
0.1712512491453216
0.1712512491453216
0.1712512491453216
0.17130384473781096
0.1713564403303003
0.1713564403303003
0.17140903592278967
0.17140903592278967
0.17140903592278967
0.17146163151527902
0.17146163151527902
0.17146163151527902
0.17151422710776837
0.17151422710776837
0.17151422710776837
0.17151422710776837
0.17156682270025772
0.17156682270025772
0.17161941829274707
0.17161941829274707
0.17161941829274707
0.17161941829274707
0.17161941829274707
0.17161941829274707
0.17161941829274707
0.17161941829274707
0.17161941829274707
0.17161941829274707
0.17161941829274707
0.17161941829274707
0.17161941829274707
0.17161941829274707
0.17161941829274707
0.17161941829274707
0.17161941829274707
0.17161941829274707
0.17161941829274707
0.17161941829274707
0.17161941829274707
0.17161941829274707
0.17161941829274707
0.17161941829274707
0.17161941829274707
0.17161941829274707
0.17167201388523642
0.17167201388523642
0.17167201388523642
0.17167201388523642
0.17167201388523642
0.17167201388523642
0.17167201388523642
0.17167201388523642
0.17167201388523642
0.17167201388523642
0.17167201388523642
0.17167201388523642
0.17167201388523642
0.17167201388523642
0.17167201388523642
0.17167201388523642
0.17167201388523642
0.17167201388523642
0.17167201388523642
0.17167201388523642
0.17167201388523642
0.17167201388523642
0.17172460947772578
0.17172460947772578
0.17172460947772578
0.17172460947772578
0.17172460947772578
0.17172460947772578
0.17172460947772578
0.17177720507021513
0.17177720507021513
0.17177720507021513
0.17177720507021513
0.17177720507021513
0.17177720507021513
0.17177720507021513
0.17177720507021513
0.17177720507021513
0.17177720507021513
0.17177720507021513
0.17177720507021513
0.17177720507021513
0.17177720507021513
0.17177720507021513
0.17177720507021513
0.17177720507021513
0.17177720507021513
0.17177720507021513
0.17177720507021513
0.17182980066270445
0.17182980066270445
0.17182980066270445
0.17182980066270445
0.17182980066270445
0.17182980066270445
0.17182980066270445
0.17182980066270445
0.17182980066270445
0.17182980066270445
0.17182980066270445
0.17193499184768316
0.17193499184768316
0.1719875874401725
0.1719875874401725
0.1719875874401725
0.1719875874401725
0.1719875874401725
0.17204018303266186
0.1720927786251512
0.1720927786251512
0.17214537421764056
0.17214537421764056
0.17214537421764056
0.17214537421764056
0.17214537421764056
0.17214537421764056
0.17214537421764056
0.17214537421764056
0.17214537421764056
0.17214537421764056
0.17214537421764056
0.17219796981012991
0.17219796981012991
0.17219796981012991
0.17219796981012991
0.17219796981012991
0.17219796981012991
0.17219796981012991
0.17219796981012991
0.17219796981012991
0.17225056540261927
0.17225056540261927
0.17225056540261927
0.17225056540261927
0.17225056540261927
0.17225056540261927
0.17225056540261927
0.17225056540261927
0.17225056540261927
0.17225056540261927
