0.023330417031204434
0.029454651501895596
0.03805774278215223
0.04141149023038787
0.04607757363662875
0.04753572470107903
0.0500145815106445
0.051910177894429865
0.05380577427821522
0.05511811023622047
0.056722076407115775
0.05818022747156605
0.05905511811023622
0.060513269174686496
0.06153397491980169
0.06240886555847186
0.0637212015164771
0.06488772236803733
0.06605424321959755
0.0673665791776028
0.06911636045494313
0.07028288130650336
0.07174103237095363
0.07319918343540391
0.07407407407407407
0.0752405949256343
0.07669874599008457
0.07815689705453485
0.07830271216097988
0.07903178769320501
0.07961504811898512
0.08034412365121027
0.08092738407699038
0.08121901428988043
0.08180227471566054
0.08194808982210557
0.08194808982210557
0.08238553514144065
0.08238553514144065
0.08253135024788569
0.08253135024788569
0.0831146106736658
0.0831146106736658
0.08355205599300088
0.0836978710994459
0.08384368620589093
0.08398950131233596
0.08413531641878098
0.08428113152522601
0.08428113152522601
0.08428113152522601
0.08442694663167104
0.08457276173811606
0.08457276173811606
0.08486439195100612
0.08501020705745115
0.08559346748323127
0.08617672790901137
0.08661417322834646
0.08675998833479148
0.08690580344123651
0.08734324876057159
0.08763487897346164
0.08807232429279674
0.08821813939924177
0.08865558471857685
0.08880139982502187
0.0889472149314669
0.08923884514435695
0.08938466025080198
0.08938466025080198
0.08953047535724701
0.08996792067658209
0.09025955088947214
0.09040536599591718
0.09069699620880724
0.09128025663458735
0.09128025663458735
0.09142607174103237
0.09186351706036745
0.09200933216681248
0.09200933216681248
0.0921551472732575
0.09230096237970253
0.09259259259259259
0.09288422280548264
0.09288422280548264
0.09303003791192768
0.09317585301837271
0.09361329833770779
0.09390492855059784
0.09434237386993292
0.09448818897637795
0.09448818897637795
0.09492563429571303
0.09507144940215806
0.09507144940215806
0.09521726450860309
0.09536307961504811
0.09550889472149314
0.09550889472149314
0.09580052493438321
0.09580052493438321
0.09580052493438321
0.09609215514727326
0.09623797025371829
0.09623797025371829
0.09638378536016332
0.09667541557305337
0.0968212306794984
0.0968212306794984
0.09696704578594342
0.09725867599883348
0.09725867599883348
0.09755030621172353
0.09755030621172353
0.09755030621172353
0.09769612131816856
0.09784193642461358
0.09784193642461358
0.09798775153105861
0.09798775153105861
0.09798775153105861
0.09827938174394868
0.0984251968503937
0.09871682706328376
0.09886264216972879
0.09886264216972879
0.09886264216972879
0.09886264216972879
0.09900845727617381
0.09915427238261884
0.09930008748906387
0.0994459025955089
0.09959171770195392
0.09959171770195392
0.09988334791484398
0.09988334791484398
0.09988334791484398
0.100029163021289
0.10046660834062408
0.10061242344706911
0.10075823855351414
0.10075823855351414
0.10090405365995918
0.1010498687664042
0.1010498687664042
0.10119568387284923
0.10119568387284923
0.10119568387284923
0.10119568387284923
0.10119568387284923
0.10119568387284923
0.10119568387284923
0.10134149897929426
0.10134149897929426
0.10163312919218431
0.10177894429862934
0.10192475940507437
0.10192475940507437
0.1020705745115194
0.10221638961796442
0.10221638961796442
0.10221638961796442
0.10236220472440945
0.10250801983085447
0.1026538349372995
0.1026538349372995
0.1026538349372995
0.1026538349372995
0.10279965004374453
0.10309128025663458
0.10309128025663458
0.10323709536307961
0.10323709536307961
0.10323709536307961
0.10323709536307961
0.10323709536307961
0.10338291046952464
0.10352872557596968
0.10382035578885973
0.10396617089530476
0.10411198600174978
0.10411198600174978
0.10411198600174978
0.10425780110819481
0.10440361621463984
0.10454943132108487
0.10454943132108487
0.10454943132108487
0.10469524642752989
0.10469524642752989
0.10469524642752989
0.10498687664041995
0.10498687664041995
0.10498687664041995
0.10498687664041995
0.10513269174686497
0.10513269174686497
0.10513269174686497
0.10513269174686497
0.10513269174686497
0.10542432195975503
0.10557013706620005
0.10571595217264508
0.10571595217264508
0.10586176727909011
0.10586176727909011
0.10615339749198018
0.10615339749198018
0.10615339749198018
0.1062992125984252
0.1062992125984252
0.1062992125984252
0.1062992125984252
0.1062992125984252
0.1062992125984252
0.1062992125984252
0.10644502770487023
0.10673665791776028
0.10673665791776028
0.10673665791776028
0.10688247302420531
0.10688247302420531
0.10688247302420531
0.10702828813065034
0.10702828813065034
0.10702828813065034
0.10731991834354039
0.10731991834354039
0.10731991834354039
0.10731991834354039
0.10731991834354039
0.10731991834354039
0.10731991834354039
0.10731991834354039
0.10731991834354039
0.10731991834354039
0.10746573344998542
0.10746573344998542
0.10761154855643044
0.10775736366287547
0.10775736366287547
0.10775736366287547
0.10775736366287547
0.10775736366287547
0.1079031787693205
0.1079031787693205
0.1079031787693205
0.1079031787693205
0.1079031787693205
0.10819480898221055
0.10819480898221055
0.10819480898221055
0.10819480898221055
0.10819480898221055
0.10834062408865558
0.10834062408865558
0.10863225430154563
0.10863225430154563
0.10863225430154563
0.10863225430154563
0.10906969962088073
0.10906969962088073
0.10906969962088073
0.10906969962088073
0.10906969962088073
0.10906969962088073
0.10906969962088073
0.10921551472732575
0.10921551472732575
0.10921551472732575
0.10936132983377078
0.10950714494021581
0.10950714494021581
0.10965296004666084
0.10965296004666084
0.10965296004666084
0.10979877515310586
0.10979877515310586
0.10979877515310586
0.10994459025955089
0.10994459025955089
0.10994459025955089
0.10994459025955089
0.10994459025955089
0.10994459025955089
0.10994459025955089
0.10994459025955089
0.10994459025955089
0.10994459025955089
0.11023622047244094
0.11023622047244094
0.11038203557888597
0.11038203557888597
0.11038203557888597
0.11038203557888597
0.11038203557888597
0.11038203557888597
0.11038203557888597
0.11038203557888597
0.110527850685331
0.110527850685331
0.110527850685331
0.110527850685331
0.110527850685331
0.110527850685331
0.11067366579177602
0.11067366579177602
0.11067366579177602
0.11081948089822105
0.11096529600466608
0.11096529600466608
0.11096529600466608
0.1111111111111111
0.1111111111111111
0.1111111111111111
0.11125692621755615
0.11140274132400117
0.1115485564304462
0.1115485564304462
0.1115485564304462
0.11169437153689123
0.11184018664333625
0.11198600174978128
0.11198600174978128
0.11213181685622631
0.11213181685622631
0.11213181685622631
0.11213181685622631
0.11213181685622631
0.11213181685622631
0.11213181685622631
0.11213181685622631
0.11213181685622631
0.11227763196267133
0.11227763196267133
0.11227763196267133
0.11227763196267133
0.11242344706911636
0.11242344706911636
0.11242344706911636
0.11242344706911636
0.11242344706911636
0.11242344706911636
0.11242344706911636
0.11242344706911636
0.11242344706911636
0.11256926217556139
0.11256926217556139
0.11256926217556139
0.11256926217556139
0.11256926217556139
0.11256926217556139
0.11271507728200642
0.11271507728200642
0.11271507728200642
0.11271507728200642
0.11271507728200642
0.11271507728200642
0.11286089238845144
0.11300670749489647
0.11300670749489647
0.11300670749489647
0.11329833770778652
0.11329833770778652
0.11358996792067658
0.1137357830271216
0.1137357830271216
0.1137357830271216
0.1137357830271216
0.11388159813356664
0.11388159813356664
0.11388159813356664
0.11388159813356664
0.1141732283464567
0.11431904345290173
0.11431904345290173
0.11431904345290173
0.11431904345290173
0.11431904345290173
0.11461067366579178
0.11461067366579178
0.11461067366579178
0.11461067366579178
0.11461067366579178
0.1147564887722368
0.1147564887722368
0.11490230387868183
0.11504811898512686
0.11504811898512686
0.11504811898512686
0.11519393409157189
0.11519393409157189
0.11519393409157189
0.11519393409157189
0.11519393409157189
0.11533974919801691
0.11533974919801691
0.11533974919801691
0.11533974919801691
0.11533974919801691
0.11533974919801691
0.11533974919801691
0.11533974919801691
0.11533974919801691
0.11533974919801691
0.11548556430446194
0.11563137941090697
0.11563137941090697
0.11563137941090697
0.11563137941090697
0.115777194517352
0.11592300962379702
0.11592300962379702
0.11592300962379702
0.11592300962379702
0.11606882473024205
0.11606882473024205
0.11621463983668708
0.1163604549431321
0.11665208515602217
0.11665208515602217
0.1167979002624672
0.11694371536891222
0.11708953047535725
0.11708953047535725
0.11723534558180228
0.11723534558180228
0.11723534558180228
0.11723534558180228
0.11752697579469233
0.11752697579469233
0.11752697579469233
0.11767279090113736
0.11767279090113736
0.11767279090113736
0.11767279090113736
0.11767279090113736
0.11767279090113736
0.11767279090113736
0.11767279090113736
0.11767279090113736
0.11767279090113736
0.11767279090113736
0.11767279090113736
0.11767279090113736
0.11767279090113736
0.11767279090113736
0.11767279090113736
0.11767279090113736
0.11767279090113736
0.11767279090113736
0.11767279090113736
0.11781860600758239
0.11781860600758239
0.11796442111402741
0.11811023622047244
0.11811023622047244
0.11825605132691747
0.11825605132691747
0.11825605132691747
0.1184018664333625
0.1184018664333625
0.1184018664333625
0.1184018664333625
0.11869349664625255
0.11869349664625255
0.11869349664625255
0.11869349664625255
0.11869349664625255
0.11869349664625255
0.11869349664625255
0.11869349664625255
0.11869349664625255
0.11883931175269757
0.1189851268591426
0.1189851268591426
0.1189851268591426
0.1189851268591426
0.1189851268591426
0.1189851268591426
0.1189851268591426
0.11913094196558764
0.11913094196558764
0.11913094196558764
0.11913094196558764
0.11913094196558764
0.11913094196558764
0.11927675707203267
0.11927675707203267
0.11927675707203267
0.11927675707203267
0.11927675707203267
0.11927675707203267
0.11927675707203267
0.11927675707203267
0.11927675707203267
0.11927675707203267
0.11927675707203267
0.11927675707203267
0.11927675707203267
0.11927675707203267
0.11927675707203267
0.1194225721784777
0.1194225721784777
0.1194225721784777
0.1194225721784777
0.1194225721784777
0.1194225721784777
0.1194225721784777
0.1194225721784777
0.1194225721784777
0.1194225721784777
0.1194225721784777
0.11956838728492272
0.11956838728492272
0.11956838728492272
0.11956838728492272
0.11956838728492272
0.11956838728492272
0.11956838728492272
0.11956838728492272
0.11971420239136775
0.11971420239136775
0.11971420239136775
0.11986001749781278
0.11986001749781278
0.11986001749781278
0.11986001749781278
0.11986001749781278
0.11986001749781278
0.11986001749781278
0.11986001749781278
0.11986001749781278
0.1200058326042578
0.1200058326042578
0.1200058326042578
0.1200058326042578
0.1200058326042578
0.1200058326042578
0.1200058326042578
0.1200058326042578
0.1200058326042578
0.1200058326042578
0.1200058326042578
0.12015164771070283
0.12015164771070283
0.12029746281714786
0.12029746281714786
0.12029746281714786
0.12044327792359288
0.12044327792359288
0.12044327792359288
0.12044327792359288
0.12058909303003791
0.12058909303003791
0.12073490813648294
0.12073490813648294
0.12073490813648294
0.12073490813648294
0.12088072324292796
0.12088072324292796
0.12088072324292796
0.12088072324292796
0.12088072324292796
0.12088072324292796
0.12088072324292796
0.12088072324292796
0.12088072324292796
0.12088072324292796
0.12102653834937299
0.12102653834937299
0.12102653834937299
0.12102653834937299
0.12102653834937299
0.12117235345581802
0.12117235345581802
0.12131816856226305
0.12131816856226305
0.12146398366870807
0.12146398366870807
0.1216097987751531
0.1216097987751531
0.1216097987751531
0.1216097987751531
0.1216097987751531
0.1216097987751531
0.1216097987751531
0.1216097987751531
0.1216097987751531
0.1216097987751531
0.1216097987751531
0.1220472440944882
0.1220472440944882
0.1220472440944882
0.1220472440944882
0.1220472440944882
0.12233887430737825
0.12233887430737825
0.12233887430737825
0.12233887430737825
0.12233887430737825
0.12233887430737825
0.12233887430737825
0.12233887430737825
0.12233887430737825
0.12233887430737825
0.12233887430737825
0.12233887430737825
0.12233887430737825
0.12233887430737825
0.12233887430737825
0.12233887430737825
0.12233887430737825
0.12248468941382328
0.12248468941382328
0.12248468941382328
0.12248468941382328
0.12248468941382328
0.12248468941382328
0.12248468941382328
0.1226305045202683
0.1226305045202683
0.1226305045202683
0.12277631962671333
0.12277631962671333
0.12277631962671333
0.12277631962671333
0.12277631962671333
0.12277631962671333
0.12292213473315836
0.12292213473315836
0.12292213473315836
0.12292213473315836
0.12292213473315836
0.12292213473315836
0.12306794983960338
0.12306794983960338
0.12306794983960338
0.12306794983960338
0.12321376494604841
0.12321376494604841
0.12321376494604841
0.12335958005249344
0.12350539515893846
0.12350539515893846
0.12350539515893846
0.12350539515893846
0.12350539515893846
0.12350539515893846
0.12350539515893846
0.12350539515893846
0.12350539515893846
0.12350539515893846
0.12350539515893846
0.12350539515893846
0.12350539515893846
0.12350539515893846
0.12350539515893846
0.12350539515893846
0.12365121026538349
0.12365121026538349
0.12365121026538349
0.12365121026538349
0.12365121026538349
0.12365121026538349
0.12365121026538349
0.12365121026538349
0.12365121026538349
0.12365121026538349
0.12365121026538349
0.12365121026538349
0.12365121026538349
0.12365121026538349
0.12365121026538349
0.12365121026538349
0.12365121026538349
0.12365121026538349
0.12379702537182852
0.12379702537182852
0.12379702537182852
0.12379702537182852
0.12379702537182852
0.12379702537182852
0.12379702537182852
0.12379702537182852
0.12379702537182852
0.12379702537182852
0.12379702537182852
0.12379702537182852
0.12379702537182852
0.12379702537182852
0.12379702537182852
0.12379702537182852
0.12379702537182852
0.12379702537182852
0.12394284047827354
0.12394284047827354
0.12394284047827354
0.12394284047827354
0.12394284047827354
0.12394284047827354
0.12394284047827354
0.12394284047827354
0.12394284047827354
0.12394284047827354
0.12394284047827354
0.12394284047827354
0.12408865558471857
0.12408865558471857
0.12408865558471857
0.12408865558471857
0.12438028579760864
0.12438028579760864
0.12438028579760864
0.12438028579760864
0.12438028579760864
0.12438028579760864
0.12438028579760864
0.12438028579760864
0.12438028579760864
0.12452610090405367
0.12452610090405367
0.12452610090405367
0.12452610090405367
0.12452610090405367
0.12452610090405367
0.12452610090405367
0.12452610090405367
0.12452610090405367
0.12452610090405367
0.12452610090405367
0.12452610090405367
0.12452610090405367
0.12452610090405367
0.12452610090405367
0.12452610090405367
0.12452610090405367
0.12452610090405367
0.12452610090405367
0.12452610090405367
0.12452610090405367
0.12467191601049869
0.12467191601049869
0.12467191601049869
0.12467191601049869
0.12467191601049869
0.12467191601049869
0.12467191601049869
0.12467191601049869
0.12467191601049869
0.12467191601049869
0.12467191601049869
0.12467191601049869
0.12467191601049869
0.12467191601049869
0.12467191601049869
0.12467191601049869
0.12467191601049869
0.12467191601049869
0.12467191601049869
0.12467191601049869
0.12467191601049869
0.12467191601049869
0.12467191601049869
0.12467191601049869
0.12467191601049869
0.12467191601049869
0.12467191601049869
0.12467191601049869
0.12481773111694372
0.12481773111694372
0.12481773111694372
0.12481773111694372
0.12481773111694372
0.12481773111694372
0.12496354622338875
0.12496354622338875
0.12510936132983377
0.1252551764362788
0.12540099154272383
0.12540099154272383
0.12540099154272383
0.12540099154272383
0.12540099154272383
0.12540099154272383
0.12540099154272383
0.12540099154272383
0.12540099154272383
0.12540099154272383
0.12540099154272383
0.12540099154272383
0.12540099154272383
0.12554680664916884
0.12554680664916884
0.12554680664916884
0.12554680664916884
0.12554680664916884
0.12554680664916884
0.12554680664916884
0.12569262175561388
0.12569262175561388
0.12569262175561388
0.12569262175561388
0.12569262175561388
0.12569262175561388
0.12569262175561388
0.12569262175561388
0.12569262175561388
0.12569262175561388
0.12569262175561388
0.12569262175561388
0.12569262175561388
0.12569262175561388
0.12569262175561388
0.12569262175561388
0.12569262175561388
0.12569262175561388
0.12569262175561388
0.12569262175561388
0.12569262175561388
0.12569262175561388
0.12569262175561388
0.12569262175561388
0.12569262175561388
0.12569262175561388
0.12569262175561388
0.12569262175561388
0.12569262175561388
0.12569262175561388
0.12569262175561388
0.12569262175561388
0.12569262175561388
0.12569262175561388
0.12569262175561388
0.12569262175561388
0.12569262175561388
0.12569262175561388
0.12569262175561388
0.12569262175561388
0.12569262175561388
0.12569262175561388
0.12569262175561388
0.12569262175561388
0.12569262175561388
0.12569262175561388
0.12569262175561388
0.12598425196850394
0.12598425196850394
0.12598425196850394
0.12598425196850394
0.12598425196850394
0.12598425196850394
0.12598425196850394
0.12613006707494898
0.12613006707494898
0.12613006707494898
0.12613006707494898
0.12613006707494898
0.12613006707494898
0.12613006707494898
0.126275882181394
0.126275882181394
0.12642169728783903
0.12656751239428404
0.12656751239428404
0.12656751239428404
0.1268591426071741
0.1268591426071741
0.1268591426071741
0.1268591426071741
0.1268591426071741
0.1268591426071741
0.1268591426071741
0.1268591426071741
0.1268591426071741
0.1268591426071741
0.1268591426071741
0.1268591426071741
0.1268591426071741
0.12700495771361914
0.12700495771361914
0.12700495771361914
0.12700495771361914
0.12700495771361914
0.12700495771361914
0.1272965879265092
0.1272965879265092
0.1272965879265092
0.1272965879265092
0.1272965879265092
0.1272965879265092
0.1272965879265092
0.1272965879265092
0.1272965879265092
0.1272965879265092
0.1274424030329542
0.1274424030329542
0.1274424030329542
0.1274424030329542
0.1274424030329542
0.1274424030329542
0.1274424030329542
0.1274424030329542
0.1274424030329542
0.1274424030329542
0.1274424030329542
0.1274424030329542
0.1274424030329542
0.1274424030329542
0.1274424030329542
0.1274424030329542
0.1274424030329542
0.1274424030329542
0.1274424030329542
0.1274424030329542
0.1274424030329542
0.1274424030329542
0.1274424030329542
0.1274424030329542
0.1274424030329542
0.1274424030329542
0.1274424030329542
0.1274424030329542
0.1274424030329542
0.1274424030329542
0.12758821813939925
0.12758821813939925
0.12758821813939925
0.12758821813939925
0.12758821813939925
0.12758821813939925
0.12758821813939925
0.12758821813939925
0.12758821813939925
0.12758821813939925
0.12758821813939925
0.12758821813939925
0.12758821813939925
0.12758821813939925
0.12758821813939925
0.12758821813939925
0.12758821813939925
0.12758821813939925
0.12758821813939925
0.12758821813939925
0.12758821813939925
0.12758821813939925
0.12758821813939925
0.12758821813939925
0.12758821813939925
0.12758821813939925
0.12758821813939925
0.12758821813939925
0.12758821813939925
0.12758821813939925
0.12758821813939925
0.12758821813939925
0.12773403324584426
0.12773403324584426
0.12773403324584426
0.12773403324584426
0.12773403324584426
0.1278798483522893
0.1278798483522893
0.1278798483522893
0.1280256634587343
0.1280256634587343
0.1280256634587343
0.1280256634587343
0.1280256634587343
0.1280256634587343
0.1283172936716244
0.1284631087780694
0.1284631087780694
0.1284631087780694
0.1284631087780694
0.12860892388451445
0.12860892388451445
0.12860892388451445
0.12860892388451445
0.12860892388451445
0.12860892388451445
0.12860892388451445
0.12860892388451445
0.12860892388451445
0.12875473899095946
0.12875473899095946
0.12875473899095946
0.12875473899095946
0.12875473899095946
0.1289005540974045
0.12904636920384951
0.12904636920384951
0.12904636920384951
0.12904636920384951
0.12904636920384951
0.12904636920384951
0.12904636920384951
0.12904636920384951
