0.007290755322251386
0.008165645960921552
0.009332166812481774
0.010936132983377077
0.01268591426071741
0.01399825021872266
0.015748031496062992
0.01706036745406824
0.018081073199183437
0.01910177894429863
0.019976669582968797
0.021434820647419073
0.021872265966754154
0.022455526392534265
0.02289297171186935
0.0242053076698746
0.024496937882764653
0.02551764362787985
0.025663458734324875
0.02610090405365996
0.027267424905220182
0.02741324001166521
0.027704870224555263
0.02799650043744532
0.028871391076115485
0.028871391076115485
0.028871391076115485
0.029454651501895596
0.02989209682123068
0.030037911927675708
0.03032954214056576
0.03032954214056576
0.03032954214056576
0.030475357247010792
0.030912802566345873
0.0310586176727909
0.03120443277923593
0.031496062992125984
0.03164187809857101
0.03164187809857101
0.03178769320501604
0.032225138524351125
0.032225138524351125
0.032225138524351125
0.03251676873724118
0.03295421405657626
0.03339165937591135
0.03339165937591135
0.0336832895888014
0.0336832895888014
0.0336832895888014
0.0336832895888014
0.03382910469524643
0.03382910469524643
0.03382910469524643
0.03382910469524643
0.03382910469524643
0.03412073490813648
0.034412365121026536
0.034412365121026536
0.034412365121026536
0.034412365121026536
0.035287255759696705
0.03543307086614173
0.03543307086614173
0.03557888597258676
0.035724701079031786
0.03587051618547681
0.03616214639836687
0.03616214639836687
0.0363079615048119
0.0363079615048119
0.03645377661125693
0.036599591717701954
0.036599591717701954
0.03689122193059201
0.03689122193059201
0.03718285214348206
0.03718285214348206
0.037328667249927096
0.037328667249927096
0.037328667249927096
0.03747448235637212
0.03747448235637212
0.03776611256926218
0.03776611256926218
0.03776611256926218
0.03776611256926218
0.03776611256926218
0.037911927675707204
0.03805774278215223
0.03805774278215223
0.03805774278215223
0.03820355788859726
0.038349372995042284
0.038349372995042284
0.038349372995042284
0.038349372995042284
0.03849518810148731
0.038641003207932345
0.03878681831437737
0.03878681831437737
0.03878681831437737
0.03878681831437737
0.03878681831437737
0.0389326334208224
0.0389326334208224
0.0389326334208224
0.0389326334208224
0.0389326334208224
0.0389326334208224
0.039078448527267426
0.03937007874015748
0.039661708953047534
0.03980752405949256
0.04009915427238262
0.040390784485272675
0.0405365995917177
0.04068241469816273
0.040828229804607756
0.04111986001749781
0.04111986001749781
0.04111986001749781
0.041265675123942844
0.041265675123942844
0.041265675123942844
0.041265675123942844
0.04141149023038787
0.0415573053368329
0.041703120443277925
0.041703120443277925
0.041703120443277925
0.041703120443277925
0.041703120443277925
0.041703120443277925
0.04184893554972295
0.04184893554972295
0.04184893554972295
0.04184893554972295
0.04199475065616798
0.04199475065616798
0.042140565762613005
0.04228638086905803
0.04228638086905803
0.04228638086905803
0.04228638086905803
0.04228638086905803
0.04243219597550306
0.04243219597550306
0.04243219597550306
0.04272382618839312
0.04286964129483815
0.043015456401283174
0.043015456401283174
0.0431612715077282
0.0431612715077282
0.0431612715077282
0.0431612715077282
0.0431612715077282
0.0431612715077282
0.0431612715077282
0.0431612715077282
0.0431612715077282
0.04330708661417323
0.04330708661417323
0.04330708661417323
0.04330708661417323
0.04330708661417323
0.043452901720618255
0.043452901720618255
0.043452901720618255
0.043452901720618255
0.043452901720618255
0.043452901720618255
0.043452901720618255
0.043452901720618255
0.043452901720618255
0.043452901720618255
0.043452901720618255
0.043452901720618255
0.043452901720618255
0.043452901720618255
0.043452901720618255
0.043452901720618255
0.043452901720618255
0.043452901720618255
0.04359871682706328
0.04359871682706328
0.04359871682706328
0.04359871682706328
0.04359871682706328
0.04389034703995334
0.04403616214639837
0.04403616214639837
0.044181977252843396
0.04432779235928842
0.04432779235928842
0.04432779235928842
0.04432779235928842
0.04432779235928842
0.04461942257217848
0.044765237678623504
0.044765237678623504
0.044765237678623504
0.044765237678623504
0.044765237678623504
0.044765237678623504
0.044765237678623504
0.04505686789151356
0.04505686789151356
0.04505686789151356
0.04505686789151356
0.04505686789151356
0.04505686789151356
0.04505686789151356
0.04505686789151356
0.04505686789151356
0.04505686789151356
0.04534849810440362
0.04534849810440362
0.04534849810440362
0.04534849810440362
0.04534849810440362
0.04534849810440362
0.045494313210848646
0.045494313210848646
0.04564012831729367
0.04564012831729367
0.04564012831729367
0.04564012831729367
0.0457859434237387
0.0457859434237387
0.0457859434237387
0.0457859434237387
0.045931758530183726
0.045931758530183726
0.045931758530183726
0.045931758530183726
0.045931758530183726
0.045931758530183726
0.045931758530183726
0.045931758530183726
0.045931758530183726
0.045931758530183726
0.045931758530183726
0.045931758530183726
0.04607757363662875
0.04607757363662875
0.04607757363662875
0.04607757363662875
0.04607757363662875
0.04607757363662875
0.04607757363662875
0.04607757363662875
0.04607757363662875
0.04622338874307378
0.04622338874307378
0.04636920384951881
0.04636920384951881
0.04636920384951881
0.04636920384951881
0.04636920384951881
0.04636920384951881
0.04636920384951881
0.04636920384951881
0.04636920384951881
0.04636920384951881
0.04636920384951881
0.04636920384951881
0.04636920384951881
0.04636920384951881
0.04651501895596384
0.04651501895596384
0.04651501895596384
0.04651501895596384
0.04651501895596384
0.04651501895596384
0.04651501895596384
0.04651501895596384
0.04666083406240887
0.04666083406240887
0.04666083406240887
0.04666083406240887
0.04666083406240887
0.04666083406240887
0.04666083406240887
0.04666083406240887
0.04666083406240887
0.04695246427529892
0.04695246427529892
0.04695246427529892
0.04695246427529892
0.04695246427529892
0.04695246427529892
0.04695246427529892
0.04695246427529892
0.04695246427529892
0.04695246427529892
0.04695246427529892
0.04695246427529892
0.04695246427529892
0.04695246427529892
0.04695246427529892
0.04695246427529892
0.04709827938174395
0.04709827938174395
0.04709827938174395
0.04709827938174395
0.04709827938174395
0.047244094488188976
0.047389909594634
0.047389909594634
0.047389909594634
0.047389909594634
0.047389909594634
0.047389909594634
0.047389909594634
0.047389909594634
0.047389909594634
0.04753572470107903
0.04753572470107903
0.04753572470107903
0.04753572470107903
0.04753572470107903
0.04753572470107903
0.04753572470107903
0.04753572470107903
0.04753572470107903
0.04753572470107903
0.04753572470107903
0.04753572470107903
0.04753572470107903
0.04753572470107903
0.04753572470107903
0.04753572470107903
0.04753572470107903
0.04753572470107903
0.047681539807524057
0.047681539807524057
0.047681539807524057
0.047681539807524057
0.047681539807524057
0.047681539807524057
0.047681539807524057
0.047681539807524057
0.047681539807524057
0.047681539807524057
0.047681539807524057
0.04797317002041412
0.04797317002041412
0.04797317002041412
0.04797317002041412
0.04797317002041412
0.04797317002041412
0.04797317002041412
0.04797317002041412
0.04797317002041412
0.04797317002041412
0.04797317002041412
0.04797317002041412
0.04797317002041412
0.04797317002041412
0.04826480023330417
0.04826480023330417
0.0484106153397492
0.0484106153397492
0.0484106153397492
0.0484106153397492
0.0484106153397492
0.0484106153397492
0.048556430446194225
0.04870224555263925
0.04884806065908428
0.04884806065908428
0.04884806065908428
0.04884806065908428
0.048993875765529306
0.048993875765529306
0.048993875765529306
0.048993875765529306
0.048993875765529306
0.048993875765529306
0.048993875765529306
0.048993875765529306
0.048993875765529306
0.048993875765529306
0.048993875765529306
0.048993875765529306
0.048993875765529306
0.048993875765529306
0.048993875765529306
0.048993875765529306
0.04913969087197434
0.04913969087197434
0.04928550597841937
0.04928550597841937
0.04928550597841937
0.049431321084864394
0.049431321084864394
0.049431321084864394
0.049431321084864394
0.049431321084864394
0.049431321084864394
0.049431321084864394
0.049431321084864394
0.04957713619130942
0.04957713619130942
0.04957713619130942
0.04972295129775445
0.049868766404199474
0.049868766404199474
0.049868766404199474
0.049868766404199474
0.049868766404199474
0.049868766404199474
0.049868766404199474
0.049868766404199474
0.049868766404199474
0.049868766404199474
0.049868766404199474
0.049868766404199474
0.049868766404199474
0.049868766404199474
0.049868766404199474
0.049868766404199474
0.049868766404199474
0.049868766404199474
0.0500145815106445
0.0500145815106445
0.05016039661708953
0.05016039661708953
0.050306211723534555
0.050306211723534555
0.050306211723534555
0.050306211723534555
0.05045202682997959
0.05045202682997959
0.050597841936424616
0.05074365704286964
0.05074365704286964
0.05074365704286964
0.05074365704286964
0.05074365704286964
0.05074365704286964
0.05074365704286964
0.05074365704286964
0.05074365704286964
0.05088947214931467
0.05088947214931467
0.05088947214931467
0.05088947214931467
0.05088947214931467
0.05088947214931467
0.05088947214931467
0.05088947214931467
0.05088947214931467
0.05088947214931467
0.051181102362204724
0.051181102362204724
0.051181102362204724
0.051181102362204724
0.051181102362204724
0.051181102362204724
0.051181102362204724
0.051181102362204724
0.051181102362204724
0.051181102362204724
0.051181102362204724
0.051181102362204724
0.051181102362204724
0.051181102362204724
0.051181102362204724
0.051181102362204724
0.051181102362204724
0.051181102362204724
0.051181102362204724
0.051181102362204724
0.051181102362204724
0.051181102362204724
0.051181102362204724
0.051181102362204724
0.051181102362204724
0.051181102362204724
0.051181102362204724
0.051181102362204724
0.051181102362204724
0.051181102362204724
0.05132691746864975
0.05132691746864975
0.05132691746864975
0.05132691746864975
0.05132691746864975
0.05132691746864975
0.05132691746864975
0.05132691746864975
0.05132691746864975
0.05132691746864975
0.05132691746864975
0.05147273257509478
0.05147273257509478
0.05147273257509478
0.05147273257509478
0.05147273257509478
0.05147273257509478
0.05147273257509478
0.05147273257509478
0.05147273257509478
0.05147273257509478
0.05147273257509478
0.05147273257509478
0.05147273257509478
0.051618547681539804
0.051618547681539804
0.051618547681539804
0.051618547681539804
0.051618547681539804
0.051618547681539804
0.051618547681539804
0.051618547681539804
0.051618547681539804
0.051618547681539804
0.051618547681539804
0.051618547681539804
0.051618547681539804
0.051618547681539804
0.051618547681539804
0.051618547681539804
0.051618547681539804
0.051618547681539804
0.051618547681539804
0.051618547681539804
0.051618547681539804
0.051618547681539804
0.051618547681539804
0.051618547681539804
0.051618547681539804
0.051618547681539804
0.051618547681539804
0.051618547681539804
0.051618547681539804
0.051618547681539804
0.051618547681539804
0.051618547681539804
0.051618547681539804
0.051618547681539804
0.051618547681539804
0.051618547681539804
0.051618547681539804
0.051618547681539804
0.051618547681539804
0.05176436278798484
0.05176436278798484
0.05176436278798484
0.05176436278798484
0.05176436278798484
0.05176436278798484
0.05176436278798484
0.05176436278798484
0.05176436278798484
0.05176436278798484
0.05176436278798484
0.051910177894429865
0.051910177894429865
0.051910177894429865
0.051910177894429865
0.051910177894429865
0.051910177894429865
0.051910177894429865
0.051910177894429865
0.051910177894429865
0.051910177894429865
0.051910177894429865
0.051910177894429865
0.051910177894429865
0.051910177894429865
0.051910177894429865
0.051910177894429865
0.05205599300087489
0.05205599300087489
0.05205599300087489
0.05205599300087489
0.05205599300087489
0.05205599300087489
0.05205599300087489
0.05205599300087489
0.05205599300087489
0.05205599300087489
0.05205599300087489
0.05205599300087489
0.05205599300087489
0.05205599300087489
0.05205599300087489
0.05205599300087489
0.05205599300087489
0.05205599300087489
0.05205599300087489
0.05205599300087489
0.05205599300087489
0.05205599300087489
0.05205599300087489
0.05205599300087489
0.05205599300087489
0.05220180810731992
0.05220180810731992
0.05220180810731992
0.05220180810731992
0.05220180810731992
0.052347623213764946
0.052347623213764946
0.052347623213764946
0.052347623213764946
0.052347623213764946
0.052347623213764946
0.052347623213764946
0.052347623213764946
0.052347623213764946
0.052347623213764946
0.052347623213764946
0.052347623213764946
0.052347623213764946
0.052347623213764946
0.052347623213764946
0.052347623213764946
0.052347623213764946
0.05249343832020997
0.05249343832020997
0.05249343832020997
0.05249343832020997
0.05249343832020997
0.05249343832020997
0.05249343832020997
0.05249343832020997
0.05249343832020997
0.05249343832020997
0.05249343832020997
0.05249343832020997
0.05249343832020997
0.05249343832020997
0.05249343832020997
0.05249343832020997
0.05249343832020997
0.05249343832020997
0.05249343832020997
0.05249343832020997
0.05249343832020997
0.05249343832020997
0.05249343832020997
0.05249343832020997
0.05249343832020997
0.05249343832020997
0.05249343832020997
0.05249343832020997
0.052639253426655
0.052639253426655
0.052639253426655
0.052639253426655
0.052639253426655
0.052639253426655
0.052639253426655
0.052639253426655
0.052639253426655
0.052639253426655
0.052639253426655
0.052639253426655
0.052639253426655
0.052639253426655
0.052639253426655
0.052639253426655
0.052639253426655
0.052639253426655
0.052639253426655
0.052639253426655
0.052639253426655
0.052639253426655
0.052639253426655
0.052639253426655
0.052639253426655
0.052639253426655
0.052639253426655
0.052639253426655
0.052639253426655
0.052639253426655
0.052639253426655
0.052639253426655
0.052639253426655
0.052639253426655
0.052639253426655
0.052930883639545054
0.052930883639545054
0.052930883639545054
0.052930883639545054
0.052930883639545054
0.052930883639545054
0.052930883639545054
0.052930883639545054
0.052930883639545054
0.052930883639545054
0.052930883639545054
0.052930883639545054
0.052930883639545054
0.052930883639545054
0.052930883639545054
0.052930883639545054
0.052930883639545054
0.052930883639545054
0.052930883639545054
0.052930883639545054
0.052930883639545054
0.052930883639545054
0.052930883639545054
0.052930883639545054
0.052930883639545054
0.052930883639545054
0.052930883639545054
0.05307669874599009
0.05307669874599009
0.05307669874599009
0.05307669874599009
0.05307669874599009
0.05307669874599009
0.05307669874599009
0.053222513852435115
0.053222513852435115
0.053222513852435115
0.05336832895888014
0.05336832895888014
0.05336832895888014
0.05336832895888014
0.05336832895888014
0.05351414406532517
0.05351414406532517
0.05351414406532517
0.05351414406532517
0.05351414406532517
0.05351414406532517
0.05351414406532517
0.05351414406532517
0.05351414406532517
0.05351414406532517
0.053659959171770195
0.053659959171770195
0.053659959171770195
0.053659959171770195
0.053659959171770195
0.053659959171770195
0.053659959171770195
0.053659959171770195
0.053659959171770195
0.053659959171770195
0.053659959171770195
0.053659959171770195
0.053659959171770195
0.053659959171770195
0.053659959171770195
0.053659959171770195
0.05380577427821522
0.05380577427821522
0.05380577427821522
0.05380577427821522
0.05380577427821522
0.05380577427821522
0.05380577427821522
0.05380577427821522
0.05380577427821522
0.05380577427821522
0.05380577427821522
0.05395158938466025
0.05395158938466025
0.05395158938466025
0.05395158938466025
0.05395158938466025
0.05395158938466025
0.05395158938466025
0.05395158938466025
0.05395158938466025
0.05395158938466025
0.05395158938466025
0.05395158938466025
0.05395158938466025
0.05395158938466025
0.05395158938466025
0.05395158938466025
0.05395158938466025
0.05395158938466025
0.05395158938466025
0.05395158938466025
0.05395158938466025
0.05395158938466025
0.05395158938466025
0.05395158938466025
0.05395158938466025
0.05395158938466025
0.05395158938466025
0.054097404491105276
0.054097404491105276
0.054097404491105276
0.054097404491105276
0.054097404491105276
0.054097404491105276
0.054097404491105276
0.054097404491105276
0.054097404491105276
0.054097404491105276
0.054097404491105276
0.054097404491105276
0.054097404491105276
0.054097404491105276
0.054097404491105276
0.054097404491105276
0.054097404491105276
0.0542432195975503
0.0542432195975503
0.05438903470399534
0.05438903470399534
0.05438903470399534
0.054534849810440364
0.054534849810440364
0.054534849810440364
0.054534849810440364
0.054534849810440364
0.054534849810440364
0.054534849810440364
0.054534849810440364
0.05468066491688539
0.05468066491688539
0.05482648002333042
0.05482648002333042
0.05482648002333042
0.05482648002333042
0.05482648002333042
0.05482648002333042
0.05482648002333042
0.05482648002333042
0.05482648002333042
0.05482648002333042
0.05482648002333042
0.05482648002333042
0.05482648002333042
0.05482648002333042
0.05482648002333042
0.05482648002333042
0.05482648002333042
0.05482648002333042
0.05482648002333042
0.05482648002333042
0.05482648002333042
0.05482648002333042
0.05482648002333042
0.05482648002333042
0.05482648002333042
0.05482648002333042
0.05482648002333042
0.05482648002333042
0.05482648002333042
0.05482648002333042
0.05482648002333042
0.05482648002333042
0.054972295129775445
0.054972295129775445
0.054972295129775445
0.054972295129775445
0.054972295129775445
0.054972295129775445
0.054972295129775445
0.054972295129775445
0.054972295129775445
0.054972295129775445
0.054972295129775445
0.054972295129775445
0.05511811023622047
0.05511811023622047
0.05511811023622047
0.05511811023622047
0.05511811023622047
0.05511811023622047
0.05511811023622047
0.05511811023622047
0.05511811023622047
0.05511811023622047
0.0552639253426655
0.0552639253426655
0.055409740449110526
0.055409740449110526
0.055409740449110526
0.055409740449110526
0.055409740449110526
0.055409740449110526
0.055409740449110526
0.055409740449110526
0.055409740449110526
0.055409740449110526
0.055409740449110526
0.055409740449110526
0.05555555555555555
0.05555555555555555
0.05555555555555555
0.05555555555555555
0.05555555555555555
0.05555555555555555
0.05555555555555555
0.05555555555555555
0.05555555555555555
0.05555555555555555
0.05555555555555555
0.05555555555555555
0.05555555555555555
0.05555555555555555
0.05555555555555555
0.05555555555555555
0.05555555555555555
0.05555555555555555
0.05555555555555555
0.05555555555555555
0.05555555555555555
0.05555555555555555
0.05555555555555555
0.05555555555555555
0.055701370662000586
0.055701370662000586
0.055701370662000586
0.055701370662000586
0.055701370662000586
0.055701370662000586
0.055701370662000586
0.055701370662000586
0.055701370662000586
0.055701370662000586
0.055701370662000586
0.055701370662000586
0.055701370662000586
0.055701370662000586
0.055701370662000586
0.05584718576844561
0.05584718576844561
0.05584718576844561
0.05584718576844561
0.05584718576844561
0.05584718576844561
0.05584718576844561
0.05584718576844561
0.05584718576844561
0.05584718576844561
0.05584718576844561
0.05584718576844561
0.05584718576844561
0.05584718576844561
0.05584718576844561
0.05584718576844561
0.05584718576844561
0.05584718576844561
0.05584718576844561
0.05584718576844561
0.05584718576844561
0.05584718576844561
0.05584718576844561
0.05584718576844561
0.05584718576844561
0.05584718576844561
0.05584718576844561
0.05584718576844561
0.05584718576844561
0.05584718576844561
0.05584718576844561
0.05584718576844561
0.05584718576844561
0.05584718576844561
0.05584718576844561
0.05584718576844561
0.05584718576844561
0.05584718576844561
0.05584718576844561
0.05584718576844561
0.05584718576844561
0.05584718576844561
0.05584718576844561
0.05584718576844561
0.05584718576844561
0.05584718576844561
0.05584718576844561
0.05584718576844561
0.05584718576844561
0.05584718576844561
0.05584718576844561
0.05584718576844561
0.05584718576844561
0.05584718576844561
0.05584718576844561
0.05584718576844561
0.05584718576844561
0.05584718576844561
0.05584718576844561
0.05584718576844561
0.05584718576844561
0.05599300087489064
0.05599300087489064
0.05599300087489064
0.05599300087489064
0.05599300087489064
0.05599300087489064
0.05599300087489064
0.05847185768445611
