0.01399825021872266
0.016768737241178187
0.017935258092738406
0.019830854476523767
0.0215806357538641
0.022747156605424323
0.024496937882764653
0.026538349372995044
0.02799650043744532
0.02930883639545057
0.02989209682123068
0.030912802566345873
0.03135024788568096
0.03164187809857101
0.032225138524351125
0.03280839895013123
0.03339165937591135
0.0336832895888014
0.03412073490813648
0.03455818022747156
0.03514144065325168
0.03557888597258676
0.0363079615048119
0.03718285214348206
0.03820355788859726
0.03849518810148731
0.03937007874015748
0.03951589384660251
0.04024496937882765
0.04068241469816273
0.041265675123942844
0.04141149023038787
0.041703120443277925
0.041703120443277925
0.04184893554972295
0.04243219597550306
0.04257801108194809
0.043015456401283174
0.043452901720618255
0.04374453193350831
0.04432779235928842
0.04461942257217848
0.04461942257217848
0.04534849810440362
0.045494313210848646
0.0457859434237387
0.0457859434237387
0.0457859434237387
0.04622338874307378
0.04636920384951881
0.04636920384951881
0.04636920384951881
0.046806649168853895
0.046806649168853895
0.04695246427529892
0.04695246427529892
0.04695246427529892
0.04709827938174395
0.04709827938174395
0.047244094488188976
0.047244094488188976
0.047244094488188976
0.047389909594634
0.04782735491396909
0.04826480023330417
0.0484106153397492
0.0484106153397492
0.0484106153397492
0.0484106153397492
0.048556430446194225
0.048556430446194225
0.048556430446194225
0.04884806065908428
0.04884806065908428
0.04884806065908428
0.04913969087197434
0.04913969087197434
0.04913969087197434
0.04928550597841937
0.04928550597841937
0.04928550597841937
0.049431321084864394
0.04972295129775445
0.049868766404199474
0.049868766404199474
0.049868766404199474
0.0500145815106445
0.05016039661708953
0.050306211723534555
0.050306211723534555
0.050306211723534555
0.05045202682997959
0.05045202682997959
0.050597841936424616
0.050597841936424616
0.050597841936424616
0.05074365704286964
0.0510352872557597
0.051181102362204724
0.05132691746864975
0.05147273257509478
0.05147273257509478
0.05147273257509478
0.05147273257509478
0.051618547681539804
0.051618547681539804
0.051618547681539804
0.05176436278798484
0.05176436278798484
0.05220180810731992
0.05220180810731992
0.052347623213764946
0.052347623213764946
0.05249343832020997
0.05249343832020997
0.05249343832020997
0.05249343832020997
0.052639253426655
0.05278506853310003
0.05278506853310003
0.05278506853310003
0.05307669874599009
0.053222513852435115
0.053222513852435115
0.053222513852435115
0.053222513852435115
0.053222513852435115
0.053222513852435115
0.053222513852435115
0.053222513852435115
0.053222513852435115
0.05336832895888014
0.05351414406532517
0.05351414406532517
0.053659959171770195
0.053659959171770195
0.053659959171770195
0.053659959171770195
0.053659959171770195
0.05380577427821522
0.05380577427821522
0.05395158938466025
0.05395158938466025
0.0542432195975503
0.0542432195975503
0.0542432195975503
0.0542432195975503
0.05438903470399534
0.05438903470399534
0.05438903470399534
0.05438903470399534
0.05438903470399534
0.05438903470399534
0.05438903470399534
0.05438903470399534
0.05438903470399534
0.05438903470399534
0.05438903470399534
0.054534849810440364
0.054534849810440364
0.054534849810440364
0.05482648002333042
0.05482648002333042
0.05482648002333042
0.054972295129775445
0.054972295129775445
0.054972295129775445
0.054972295129775445
0.0552639253426655
0.0552639253426655
0.0552639253426655
0.055409740449110526
0.055409740449110526
0.055409740449110526
0.055409740449110526
0.055409740449110526
0.05555555555555555
0.055701370662000586
0.05599300087489064
0.05599300087489064
0.05599300087489064
0.05599300087489064
0.05599300087489064
0.056284631087780694
0.056284631087780694
0.056284631087780694
0.056284631087780694
0.05643044619422572
0.056722076407115775
0.056722076407115775
0.056722076407115775
0.056722076407115775
0.056722076407115775
0.056722076407115775
0.0568678915135608
0.057013706620005836
0.05715952172645086
0.05730533683289589
0.05730533683289589
0.057451151939340916
0.057451151939340916
0.057451151939340916
0.05759696704578594
0.05759696704578594
0.05759696704578594
0.05774278215223097
0.05774278215223097
0.05774278215223097
0.05774278215223097
0.05774278215223097
0.05774278215223097
0.05774278215223097
0.05774278215223097
0.05774278215223097
0.057888597258676
0.057888597258676
0.057888597258676
0.058034412365121024
0.05818022747156605
0.05847185768445611
0.05847185768445611
0.05847185768445611
0.05847185768445611
0.05861767279090114
0.05861767279090114
0.05861767279090114
0.05861767279090114
0.05861767279090114
0.05861767279090114
0.05861767279090114
0.05861767279090114
0.05861767279090114
0.05861767279090114
0.05861767279090114
0.05861767279090114
0.05861767279090114
0.05861767279090114
0.05861767279090114
0.05861767279090114
0.05861767279090114
0.05861767279090114
0.05861767279090114
0.05861767279090114
0.05861767279090114
0.058763487897346166
0.05890930300379119
0.05890930300379119
0.05890930300379119
0.05890930300379119
0.05920093321668125
0.05920093321668125
0.05920093321668125
0.05920093321668125
0.05920093321668125
0.05920093321668125
0.059346748323126274
0.059346748323126274
0.059346748323126274
0.0594925634295713
0.0594925634295713
0.05978419364246136
0.05978419364246136
0.05978419364246136
0.05978419364246136
0.05978419364246136
0.05978419364246136
0.05978419364246136
0.05993000874890639
0.05993000874890639
0.05993000874890639
0.05993000874890639
0.05993000874890639
0.05993000874890639
0.05993000874890639
0.060075823855351415
0.060075823855351415
0.06022163896179644
0.06022163896179644
0.06022163896179644
0.06036745406824147
0.060513269174686496
0.060513269174686496
0.060513269174686496
0.060513269174686496
0.060513269174686496
0.060513269174686496
0.060513269174686496
0.060513269174686496
0.060513269174686496
0.060513269174686496
0.060513269174686496
0.060513269174686496
0.06065908428113152
0.06065908428113152
0.06065908428113152
0.06080489938757655
0.060950714494021584
0.060950714494021584
0.060950714494021584
0.060950714494021584
0.060950714494021584
0.06109652960046661
0.06124234470691164
0.061388159813356664
0.06153397491980169
0.06153397491980169
0.06153397491980169
0.06153397491980169
0.06153397491980169
0.06153397491980169
0.06153397491980169
0.06153397491980169
0.06153397491980169
0.06167979002624672
0.061825605132691745
0.061825605132691745
0.061825605132691745
0.061825605132691745
0.061825605132691745
0.061825605132691745
0.061825605132691745
0.061825605132691745
0.061825605132691745
0.06226305045202683
0.06226305045202683
0.06226305045202683
0.06226305045202683
0.06226305045202683
0.06226305045202683
0.06226305045202683
0.06226305045202683
0.06226305045202683
0.06226305045202683
0.06226305045202683
0.06226305045202683
0.06240886555847186
0.06240886555847186
0.06240886555847186
0.06255468066491689
0.06270049577136191
0.06270049577136191
0.06270049577136191
0.06270049577136191
0.06270049577136191
0.06270049577136191
0.06270049577136191
0.06270049577136191
0.06270049577136191
0.06270049577136191
0.06270049577136191
0.06270049577136191
0.06270049577136191
0.06270049577136191
0.06270049577136191
0.06270049577136191
0.06270049577136191
0.06270049577136191
0.06270049577136191
0.06270049577136191
0.06284631087780694
0.06284631087780694
0.06299212598425197
0.06299212598425197
0.06299212598425197
0.06299212598425197
0.063137941090697
0.063137941090697
0.06328375619714202
0.06328375619714202
0.06328375619714202
0.06328375619714202
0.06328375619714202
0.06328375619714202
0.06328375619714202
0.06328375619714202
0.06342957130358705
0.06342957130358705
0.06342957130358705
0.06342957130358705
0.06342957130358705
0.06357538641003208
0.06357538641003208
0.06357538641003208
0.06357538641003208
0.0637212015164771
0.0637212015164771
0.0637212015164771
0.0637212015164771
0.06386701662292213
0.06386701662292213
0.06386701662292213
0.06386701662292213
0.06386701662292213
0.06386701662292213
0.06386701662292213
0.06386701662292213
0.06386701662292213
0.06386701662292213
0.06386701662292213
0.06386701662292213
0.06386701662292213
0.06401283172936716
0.06401283172936716
0.0641586468358122
0.0641586468358122
0.0641586468358122
0.0641586468358122
0.0641586468358122
0.0641586468358122
0.0641586468358122
0.0641586468358122
0.0641586468358122
0.0641586468358122
0.0641586468358122
0.0641586468358122
0.0641586468358122
0.0641586468358122
0.0641586468358122
0.0641586468358122
0.06430446194225722
0.06445027704870225
0.06445027704870225
0.06445027704870225
0.06445027704870225
0.06445027704870225
0.06445027704870225
0.06445027704870225
0.06445027704870225
0.06445027704870225
0.06445027704870225
0.06445027704870225
0.06445027704870225
0.06445027704870225
0.06445027704870225
0.06445027704870225
0.06445027704870225
0.06445027704870225
0.06445027704870225
0.06445027704870225
0.06445027704870225
0.06445027704870225
0.06445027704870225
0.06445027704870225
0.06445027704870225
0.06445027704870225
0.06445027704870225
0.06445027704870225
0.06445027704870225
0.06445027704870225
0.06445027704870225
0.06445027704870225
0.06445027704870225
0.06445027704870225
0.06445027704870225
0.06445027704870225
0.06445027704870225
0.06445027704870225
0.06445027704870225
0.06445027704870225
0.06445027704870225
0.06445027704870225
0.06445027704870225
0.06445027704870225
0.06445027704870225
0.06445027704870225
0.06445027704870225
0.06445027704870225
0.06445027704870225
0.06445027704870225
0.06445027704870225
0.06445027704870225
0.06445027704870225
0.06459609215514728
0.06459609215514728
0.06459609215514728
0.06459609215514728
0.06459609215514728
0.0647419072615923
0.0647419072615923
0.0647419072615923
0.0647419072615923
0.0647419072615923
0.0647419072615923
0.0647419072615923
0.0647419072615923
0.0647419072615923
0.0647419072615923
0.0647419072615923
0.0647419072615923
0.0647419072615923
0.0647419072615923
0.0647419072615923
0.0647419072615923
0.0647419072615923
0.0647419072615923
0.0647419072615923
0.0647419072615923
0.0647419072615923
0.0647419072615923
0.0647419072615923
0.0647419072615923
0.0647419072615923
0.0647419072615923
0.0647419072615923
0.0647419072615923
0.0647419072615923
0.0647419072615923
0.0647419072615923
0.0647419072615923
0.06488772236803733
0.06488772236803733
0.06488772236803733
0.06488772236803733
0.06488772236803733
0.06488772236803733
0.06488772236803733
0.06503353747448236
0.06503353747448236
0.06503353747448236
0.06503353747448236
0.06503353747448236
0.06503353747448236
0.06503353747448236
0.06503353747448236
0.06503353747448236
0.06503353747448236
0.06503353747448236
0.06503353747448236
0.06503353747448236
0.06503353747448236
0.06503353747448236
0.06503353747448236
0.06532516768737241
0.06532516768737241
0.06532516768737241
0.06532516768737241
0.06532516768737241
0.06532516768737241
0.06532516768737241
0.06532516768737241
0.06532516768737241
0.06532516768737241
0.06532516768737241
0.06532516768737241
0.06532516768737241
0.06532516768737241
0.06532516768737241
0.06532516768737241
0.06561679790026247
0.06561679790026247
0.0657626130067075
0.0657626130067075
0.0657626130067075
0.0657626130067075
0.0657626130067075
0.0657626130067075
0.0657626130067075
0.0657626130067075
0.06590842811315252
0.06590842811315252
0.06590842811315252
0.06590842811315252
0.06590842811315252
0.06590842811315252
0.06590842811315252
0.06590842811315252
0.06590842811315252
0.06590842811315252
0.06590842811315252
0.06590842811315252
0.06590842811315252
0.06590842811315252
0.06590842811315252
0.06590842811315252
0.06590842811315252
0.06590842811315252
0.06590842811315252
0.06590842811315252
0.06590842811315252
0.06590842811315252
0.06590842811315252
0.06590842811315252
0.06590842811315252
0.06590842811315252
0.06590842811315252
0.06590842811315252
0.06590842811315252
0.06590842811315252
0.06590842811315252
0.06590842811315252
0.06590842811315252
0.06590842811315252
0.06590842811315252
0.06590842811315252
0.06590842811315252
0.06590842811315252
0.06590842811315252
0.06590842811315252
0.06590842811315252
0.06590842811315252
0.06590842811315252
0.06590842811315252
0.06590842811315252
0.06590842811315252
0.06590842811315252
0.06590842811315252
0.06590842811315252
0.06590842811315252
0.06590842811315252
0.06590842811315252
0.06590842811315252
0.06590842811315252
0.06590842811315252
0.06590842811315252
0.06605424321959755
0.06605424321959755
0.06605424321959755
0.06620005832604257
0.06620005832604257
0.06620005832604257
0.06620005832604257
0.0663458734324876
0.0663458734324876
0.06649168853893263
0.06649168853893263
0.06649168853893263
0.06649168853893263
0.06649168853893263
0.06649168853893263
0.06649168853893263
0.06649168853893263
0.06663750364537765
0.06663750364537765
0.06663750364537765
0.06663750364537765
0.06663750364537765
0.06663750364537765
0.06663750364537765
0.06663750364537765
0.06663750364537765
0.06663750364537765
0.06663750364537765
0.06663750364537765
0.06663750364537765
0.06663750364537765
0.06663750364537765
0.06663750364537765
0.06663750364537765
0.06663750364537765
0.06663750364537765
0.06663750364537765
0.0667833187518227
0.0667833187518227
0.0667833187518227
0.0667833187518227
0.0667833187518227
0.0667833187518227
0.0667833187518227
0.0667833187518227
0.06707494896471275
0.06707494896471275
0.06707494896471275
0.06707494896471275
0.06707494896471275
0.06707494896471275
0.06707494896471275
0.06707494896471275
0.06707494896471275
0.06707494896471275
0.06707494896471275
0.06722076407115778
0.06722076407115778
0.06722076407115778
0.06722076407115778
0.06722076407115778
0.06722076407115778
0.06722076407115778
0.06722076407115778
0.06722076407115778
0.06722076407115778
0.06722076407115778
0.06722076407115778
0.0673665791776028
0.0673665791776028
0.0673665791776028
0.0673665791776028
0.0673665791776028
0.0673665791776028
0.0673665791776028
0.0673665791776028
0.06751239428404783
0.06765820939049286
0.06765820939049286
0.06765820939049286
0.06765820939049286
0.06765820939049286
0.06765820939049286
0.06765820939049286
0.06765820939049286
0.06765820939049286
0.06765820939049286
0.06765820939049286
0.06765820939049286
0.06765820939049286
0.06765820939049286
0.06765820939049286
0.06765820939049286
0.06765820939049286
0.06780402449693788
0.06780402449693788
0.06780402449693788
0.06780402449693788
0.06780402449693788
0.06780402449693788
0.06780402449693788
0.06780402449693788
0.06794983960338291
0.06794983960338291
0.06794983960338291
0.06794983960338291
0.06794983960338291
0.06794983960338291
0.06794983960338291
0.06794983960338291
0.06794983960338291
0.06794983960338291
0.06794983960338291
0.06794983960338291
0.06794983960338291
0.06794983960338291
0.06794983960338291
0.06794983960338291
0.06794983960338291
0.06794983960338291
0.06794983960338291
0.06794983960338291
0.06794983960338291
0.06794983960338291
0.06794983960338291
0.06794983960338291
0.06794983960338291
0.06794983960338291
0.06794983960338291
0.06794983960338291
0.06809565470982794
0.06824146981627296
0.06824146981627296
0.06824146981627296
0.06824146981627296
0.06824146981627296
0.06824146981627296
0.06824146981627296
0.06824146981627296
0.06824146981627296
0.06824146981627296
0.06838728492271799
0.06838728492271799
0.06838728492271799
0.06838728492271799
0.06838728492271799
0.06838728492271799
0.06838728492271799
0.06838728492271799
0.06838728492271799
0.06838728492271799
0.06853310002916302
0.06853310002916302
0.06853310002916302
0.06853310002916302
0.06853310002916302
0.06853310002916302
0.06853310002916302
0.06853310002916302
0.06853310002916302
0.06853310002916302
0.06853310002916302
0.06853310002916302
0.06853310002916302
0.06853310002916302
0.06853310002916302
0.06853310002916302
0.06853310002916302
0.06853310002916302
0.06853310002916302
0.06853310002916302
0.06853310002916302
0.06853310002916302
0.06853310002916302
0.06853310002916302
0.06853310002916302
0.06853310002916302
0.06853310002916302
0.06853310002916302
0.06853310002916302
0.06853310002916302
0.06853310002916302
0.06853310002916302
0.06853310002916302
0.06853310002916302
0.06853310002916302
0.06853310002916302
0.06853310002916302
0.06853310002916302
0.06853310002916302
0.06853310002916302
0.06853310002916302
0.06853310002916302
0.06853310002916302
0.06853310002916302
0.06853310002916302
0.06853310002916302
0.06853310002916302
0.06853310002916302
0.06853310002916302
0.06853310002916302
0.06853310002916302
0.06853310002916302
0.06853310002916302
0.06853310002916302
0.06853310002916302
0.06853310002916302
0.06853310002916302
0.06853310002916302
0.06853310002916302
0.06853310002916302
0.06853310002916302
0.06853310002916302
0.06853310002916302
0.06853310002916302
0.06853310002916302
0.06853310002916302
0.06853310002916302
0.06853310002916302
0.06867891513560805
0.06867891513560805
0.06867891513560805
0.06867891513560805
0.06867891513560805
0.06867891513560805
0.06867891513560805
0.06867891513560805
0.06867891513560805
0.06867891513560805
0.06867891513560805
0.06867891513560805
0.06867891513560805
0.06867891513560805
0.06867891513560805
0.06867891513560805
0.06867891513560805
0.06867891513560805
0.06867891513560805
0.06867891513560805
0.06867891513560805
0.06867891513560805
0.06867891513560805
0.06867891513560805
0.06867891513560805
0.06867891513560805
0.06867891513560805
0.06867891513560805
0.06867891513560805
0.06867891513560805
0.06882473024205307
0.06882473024205307
0.0689705453484981
0.0689705453484981
0.0689705453484981
0.0689705453484981
0.0689705453484981
0.0689705453484981
0.0689705453484981
0.0689705453484981
0.0689705453484981
0.0689705453484981
0.0689705453484981
0.0689705453484981
0.0689705453484981
0.0689705453484981
0.0689705453484981
0.0689705453484981
0.0689705453484981
0.0689705453484981
0.0689705453484981
0.0689705453484981
0.06911636045494313
0.06911636045494313
0.06911636045494313
0.06911636045494313
0.06911636045494313
0.06911636045494313
0.06911636045494313
0.06911636045494313
0.06911636045494313
0.06926217556138815
0.06926217556138815
0.06926217556138815
0.06926217556138815
0.0694079906678332
0.0694079906678332
0.0694079906678332
0.0694079906678332
0.0694079906678332
0.0694079906678332
0.0694079906678332
0.0694079906678332
0.0694079906678332
0.0694079906678332
0.0694079906678332
0.0694079906678332
0.0694079906678332
0.0694079906678332
0.0694079906678332
0.0694079906678332
0.0694079906678332
0.0694079906678332
0.0694079906678332
0.0694079906678332
0.0694079906678332
0.0694079906678332
0.0694079906678332
0.06955380577427822
0.06955380577427822
0.06955380577427822
0.06955380577427822
0.06955380577427822
0.06969962088072325
0.06969962088072325
0.06969962088072325
0.06969962088072325
0.06969962088072325
0.06969962088072325
0.06969962088072325
0.06969962088072325
0.06969962088072325
0.06969962088072325
0.06969962088072325
0.06969962088072325
0.06969962088072325
0.06984543598716828
0.06984543598716828
0.06984543598716828
0.06984543598716828
0.07013706620005833
0.07013706620005833
0.07013706620005833
0.07013706620005833
0.07028288130650336
0.07028288130650336
0.07028288130650336
0.07028288130650336
0.07042869641294838
0.07042869641294838
0.07042869641294838
0.07042869641294838
0.07042869641294838
0.07042869641294838
0.07042869641294838
0.07042869641294838
0.07042869641294838
0.07057451151939341
0.07057451151939341
0.07057451151939341
0.07057451151939341
0.07057451151939341
0.07057451151939341
0.07072032662583844
0.07072032662583844
0.07072032662583844
0.07072032662583844
0.07072032662583844
0.07072032662583844
0.07072032662583844
0.07072032662583844
0.07072032662583844
0.07072032662583844
0.07086614173228346
0.07086614173228346
0.07086614173228346
0.07086614173228346
0.07086614173228346
0.07086614173228346
0.07086614173228346
0.07086614173228346
0.07086614173228346
0.07086614173228346
0.07086614173228346
0.07086614173228346
0.07086614173228346
0.07101195683872849
0.07101195683872849
0.07101195683872849
0.07101195683872849
0.07101195683872849
0.07101195683872849
0.07101195683872849
0.07101195683872849
0.07101195683872849
0.07101195683872849
0.07101195683872849
