0.012977544473607466
0.018081073199183437
0.023622047244094488
0.02712160979877515
0.03032954214056576
0.03310002916302129
0.03499562554680665
0.03776611256926218
0.04009915427238262
0.04228638086905803
0.04374453193350831
0.04607757363662875
0.048993875765529306
0.05045202682997959
0.05307669874599009
0.05482648002333042
0.056284631087780694
0.05774278215223097
0.059346748323126274
0.06109652960046661
0.06270049577136191
0.06430446194225722
0.06605424321959755
0.06765820939049286
0.0689705453484981
0.06984543598716828
0.07086614173228346
0.07232429279673375
0.07290755322251385
0.07378244386118402
0.07436570428696412
0.07553222513852435
0.07640711577719451
0.07742782152230972
0.0778652668416448
0.07830271216097988
0.07917760279965004
0.07932341790609507
0.0794692330125401
0.08063575386410032
0.08063575386410032
0.0810731991834354
0.08136482939632546
0.08165645960921551
0.08165645960921551
0.08194808982210557
0.08223972003499562
0.08282298046077574
0.08282298046077574
0.0831146106736658
0.0836978710994459
0.08398950131233596
0.08442694663167104
0.08457276173811606
0.08501020705745115
0.08559346748323127
0.0857392825896763
0.0857392825896763
0.0857392825896763
0.0857392825896763
0.08588509769612132
0.08603091280256635
0.0863225430154564
0.08661417322834646
0.08675998833479148
0.08719743365412656
0.08748906386701662
0.08763487897346164
0.08778069407990668
0.08792650918635171
0.08836395450568679
0.08836395450568679
0.08880139982502187
0.0889472149314669
0.08923884514435695
0.08953047535724701
0.08967629046369203
0.08967629046369203
0.08967629046369203
0.08967629046369203
0.09011373578302712
0.09040536599591718
0.09055118110236221
0.09055118110236221
0.09069699620880724
0.09084281131525226
0.09084281131525226
0.09084281131525226
0.09098862642169729
0.09113444152814232
0.09171770195392243
0.09186351706036745
0.0921551472732575
0.09244677748614756
0.09244677748614756
0.09244677748614756
0.09273840769903761
0.09273840769903761
0.09273840769903761
0.09303003791192768
0.09317585301837271
0.09317585301837271
0.09332166812481774
0.09332166812481774
0.09332166812481774
0.09332166812481774
0.09332166812481774
0.09332166812481774
0.09361329833770779
0.09361329833770779
0.09361329833770779
0.09405074365704287
0.09405074365704287
0.09405074365704287
0.09434237386993292
0.09448818897637795
0.09448818897637795
0.09448818897637795
0.094779819189268
0.09492563429571303
0.09492563429571303
0.09507144940215806
0.09521726450860309
0.09521726450860309
0.09521726450860309
0.09565470982793818
0.09565470982793818
0.09594634004082823
0.09594634004082823
0.09594634004082823
0.09594634004082823
0.09609215514727326
0.09609215514727326
0.09609215514727326
0.09609215514727326
0.09609215514727326
0.09609215514727326
0.09609215514727326
0.09623797025371829
0.09638378536016332
0.09638378536016332
0.09638378536016332
0.09638378536016332
0.09638378536016332
0.09652960046660834
0.09652960046660834
0.0968212306794984
0.09696704578594342
0.09696704578594342
0.09711286089238845
0.09725867599883348
0.09725867599883348
0.09725867599883348
0.09725867599883348
0.09725867599883348
0.09725867599883348
0.0974044911052785
0.0974044911052785
0.0974044911052785
0.0974044911052785
0.09755030621172353
0.09755030621172353
0.09769612131816856
0.09784193642461358
0.09798775153105861
0.09798775153105861
0.09798775153105861
0.09798775153105861
0.09798775153105861
0.09827938174394868
0.09827938174394868
0.0984251968503937
0.0984251968503937
0.09857101195683873
0.09857101195683873
0.09871682706328376
0.09871682706328376
0.09886264216972879
0.09886264216972879
0.09886264216972879
0.09886264216972879
0.09886264216972879
0.09886264216972879
0.09886264216972879
0.09915427238261884
0.09930008748906387
0.09930008748906387
0.09930008748906387
0.09930008748906387
0.09930008748906387
0.09930008748906387
0.09930008748906387
0.09930008748906387
0.09930008748906387
0.0994459025955089
0.0994459025955089
0.09959171770195392
0.09973753280839895
0.09973753280839895
0.09973753280839895
0.09973753280839895
0.09973753280839895
0.09988334791484398
0.100029163021289
0.100029163021289
0.100029163021289
0.10032079323417906
0.10046660834062408
0.10046660834062408
0.10046660834062408
0.10046660834062408
0.10046660834062408
0.10046660834062408
0.10046660834062408
0.10046660834062408
0.10046660834062408
0.10046660834062408
0.10046660834062408
0.10046660834062408
0.10061242344706911
0.10061242344706911
0.10061242344706911
0.10061242344706911
0.10061242344706911
0.10061242344706911
0.10075823855351414
0.1010498687664042
0.10134149897929426
0.10163312919218431
0.10163312919218431
0.10177894429862934
0.10177894429862934
0.10177894429862934
0.10177894429862934
0.10177894429862934
0.10192475940507437
0.1020705745115194
0.1020705745115194
0.1020705745115194
0.1020705745115194
0.10221638961796442
0.10221638961796442
0.10221638961796442
0.10221638961796442
0.10221638961796442
0.10250801983085447
0.10250801983085447
0.10250801983085447
0.10250801983085447
0.1026538349372995
0.1026538349372995
0.10279965004374453
0.10279965004374453
0.10279965004374453
0.10279965004374453
0.10294546515018956
0.10294546515018956
0.10294546515018956
0.10294546515018956
0.10309128025663458
0.10309128025663458
0.10309128025663458
0.10323709536307961
0.10323709536307961
0.10338291046952464
0.10352872557596968
0.10352872557596968
0.10352872557596968
0.10352872557596968
0.10352872557596968
0.10352872557596968
0.10352872557596968
0.10352872557596968
0.10352872557596968
0.10352872557596968
0.10352872557596968
0.1036745406824147
0.1036745406824147
0.1036745406824147
0.1036745406824147
0.1036745406824147
0.10382035578885973
0.10382035578885973
0.10382035578885973
0.10396617089530476
0.10396617089530476
0.10396617089530476
0.10396617089530476
0.10396617089530476
0.10396617089530476
0.10396617089530476
0.10396617089530476
0.10411198600174978
0.10425780110819481
0.10425780110819481
0.10440361621463984
0.10440361621463984
0.10440361621463984
0.10440361621463984
0.10440361621463984
0.10440361621463984
0.10440361621463984
0.10440361621463984
0.10440361621463984
0.10440361621463984
0.10440361621463984
0.10440361621463984
0.10440361621463984
0.10440361621463984
0.10440361621463984
0.10454943132108487
0.10469524642752989
0.10469524642752989
0.10469524642752989
0.10484106153397492
0.10484106153397492
0.10484106153397492
0.10484106153397492
0.10484106153397492
0.10484106153397492
0.10484106153397492
0.10498687664041995
0.10498687664041995
0.10513269174686497
0.10513269174686497
0.10513269174686497
0.10513269174686497
0.10513269174686497
0.10513269174686497
0.10527850685331
0.10527850685331
0.10527850685331
0.10527850685331
0.10527850685331
0.10527850685331
0.10527850685331
0.10527850685331
0.10527850685331
0.10527850685331
0.10527850685331
0.10527850685331
0.10542432195975503
0.10542432195975503
0.10542432195975503
0.10557013706620005
0.10571595217264508
0.10571595217264508
0.10571595217264508
0.10586176727909011
0.10586176727909011
0.10586176727909011
0.10600758238553513
0.10600758238553513
0.10600758238553513
0.10600758238553513
0.10600758238553513
0.10600758238553513
0.10600758238553513
0.10600758238553513
0.10600758238553513
0.10615339749198018
0.10615339749198018
0.10615339749198018
0.10615339749198018
0.10615339749198018
0.10615339749198018
0.1062992125984252
0.10644502770487023
0.10659084281131526
0.10659084281131526
0.10659084281131526
0.10659084281131526
0.10659084281131526
0.10673665791776028
0.10673665791776028
0.10673665791776028
0.10673665791776028
0.10717410323709536
0.10717410323709536
0.10717410323709536
0.10717410323709536
0.10717410323709536
0.10717410323709536
0.10717410323709536
0.10717410323709536
0.10717410323709536
0.10717410323709536
0.10717410323709536
0.10717410323709536
0.10717410323709536
0.10717410323709536
0.10731991834354039
0.10746573344998542
0.10746573344998542
0.10761154855643044
0.10775736366287547
0.1079031787693205
0.1079031787693205
0.1079031787693205
0.1079031787693205
0.1079031787693205
0.1079031787693205
0.10804899387576553
0.10804899387576553
0.10819480898221055
0.10819480898221055
0.10819480898221055
0.10819480898221055
0.10819480898221055
0.10819480898221055
0.10819480898221055
0.10819480898221055
0.10819480898221055
0.10819480898221055
0.1084864391951006
0.1084864391951006
0.10863225430154563
0.10863225430154563
0.10863225430154563
0.10863225430154563
0.10863225430154563
0.10863225430154563
0.10877806940799067
0.10877806940799067
0.1089238845144357
0.1089238845144357
0.1089238845144357
0.1089238845144357
0.1089238845144357
0.1089238845144357
0.1089238845144357
0.1089238845144357
0.1089238845144357
0.10906969962088073
0.10906969962088073
0.10906969962088073
0.10906969962088073
0.10936132983377078
0.10936132983377078
0.10950714494021581
0.10950714494021581
0.10965296004666084
0.10979877515310586
0.10979877515310586
0.10994459025955089
0.10994459025955089
0.10994459025955089
0.10994459025955089
0.10994459025955089
0.10994459025955089
0.10994459025955089
0.10994459025955089
0.10994459025955089
0.10994459025955089
0.10994459025955089
0.10994459025955089
0.10994459025955089
0.10994459025955089
0.10994459025955089
0.10994459025955089
0.10994459025955089
0.10994459025955089
0.10994459025955089
0.10994459025955089
0.10994459025955089
0.10994459025955089
0.11009040536599592
0.11009040536599592
0.11023622047244094
0.11023622047244094
0.11023622047244094
0.11038203557888597
0.11038203557888597
0.110527850685331
0.110527850685331
0.110527850685331
0.110527850685331
0.110527850685331
0.110527850685331
0.110527850685331
0.110527850685331
0.11067366579177602
0.11067366579177602
0.11081948089822105
0.11081948089822105
0.11081948089822105
0.11096529600466608
0.11096529600466608
0.11096529600466608
0.11096529600466608
0.11096529600466608
0.11096529600466608
0.11096529600466608
0.11096529600466608
0.1111111111111111
0.1111111111111111
0.1111111111111111
0.11125692621755615
0.11125692621755615
0.11125692621755615
0.11125692621755615
0.11140274132400117
0.11140274132400117
0.1115485564304462
0.11169437153689123
0.11169437153689123
0.11169437153689123
0.11184018664333625
0.11184018664333625
0.11184018664333625
0.11198600174978128
0.11198600174978128
0.11198600174978128
0.11198600174978128
0.11213181685622631
0.11227763196267133
0.11227763196267133
0.11227763196267133
0.11227763196267133
0.11242344706911636
0.11242344706911636
0.11256926217556139
0.11256926217556139
0.11256926217556139
0.11256926217556139
0.11256926217556139
0.11256926217556139
0.11256926217556139
0.11256926217556139
0.11256926217556139
0.11256926217556139
0.11256926217556139
0.11256926217556139
0.11256926217556139
0.11271507728200642
0.11271507728200642
0.11271507728200642
0.11271507728200642
0.11271507728200642
0.11271507728200642
0.11271507728200642
0.11271507728200642
0.11271507728200642
0.11271507728200642
0.11286089238845144
0.11286089238845144
0.11286089238845144
0.11286089238845144
0.11286089238845144
0.11286089238845144
0.11286089238845144
0.11286089238845144
0.11286089238845144
0.11286089238845144
0.11286089238845144
0.11286089238845144
0.11300670749489647
0.1131525226013415
0.11344415281423155
0.11344415281423155
0.11344415281423155
0.11344415281423155
0.11344415281423155
0.11344415281423155
0.11358996792067658
0.11388159813356664
0.11388159813356664
0.11388159813356664
0.11388159813356664
0.11388159813356664
0.11402741324001167
0.11402741324001167
0.11402741324001167
0.1141732283464567
0.1141732283464567
0.1141732283464567
0.1141732283464567
0.1141732283464567
0.11431904345290173
0.11446485855934675
0.11446485855934675
0.11461067366579178
0.11461067366579178
0.11461067366579178
0.11461067366579178
0.11461067366579178
0.11461067366579178
0.11461067366579178
0.11461067366579178
0.11461067366579178
0.11461067366579178
0.1147564887722368
0.1147564887722368
0.1147564887722368
0.1147564887722368
0.1147564887722368
0.1147564887722368
0.1147564887722368
0.1147564887722368
0.1147564887722368
0.11490230387868183
0.11490230387868183
0.11490230387868183
0.11504811898512686
0.11504811898512686
0.11519393409157189
0.11519393409157189
0.11519393409157189
0.11519393409157189
0.11519393409157189
0.11519393409157189
0.11519393409157189
0.11519393409157189
0.11519393409157189
0.11519393409157189
0.11533974919801691
0.11533974919801691
0.11533974919801691
0.11533974919801691
0.11533974919801691
0.11533974919801691
0.11533974919801691
0.11533974919801691
0.11533974919801691
0.11533974919801691
0.11533974919801691
0.11533974919801691
0.11548556430446194
0.11548556430446194
0.11548556430446194
0.11548556430446194
0.11548556430446194
0.11563137941090697
0.115777194517352
0.115777194517352
0.11606882473024205
0.11606882473024205
0.11606882473024205
0.11621463983668708
0.11621463983668708
0.11621463983668708
0.11621463983668708
0.11621463983668708
0.1163604549431321
0.1163604549431321
0.1163604549431321
0.1163604549431321
0.1163604549431321
0.1163604549431321
0.11650627004957714
0.11650627004957714
0.11650627004957714
0.11650627004957714
0.11665208515602217
0.11665208515602217
0.11665208515602217
0.11665208515602217
0.11665208515602217
0.11665208515602217
0.11665208515602217
0.11665208515602217
0.1167979002624672
0.1167979002624672
0.1167979002624672
0.1167979002624672
0.1167979002624672
0.11694371536891222
0.11694371536891222
0.11694371536891222
0.11694371536891222
0.11694371536891222
0.11694371536891222
0.11694371536891222
0.11694371536891222
0.11694371536891222
0.11694371536891222
0.11694371536891222
0.11694371536891222
0.11694371536891222
0.11694371536891222
0.11708953047535725
0.11708953047535725
0.11708953047535725
0.11708953047535725
0.11708953047535725
0.11708953047535725
0.11723534558180228
0.11723534558180228
0.1173811606882473
0.1173811606882473
0.1173811606882473
0.1173811606882473
0.11752697579469233
0.11752697579469233
0.11752697579469233
0.11752697579469233
0.11752697579469233
0.11752697579469233
0.11752697579469233
0.11752697579469233
0.11781860600758239
0.11781860600758239
0.11781860600758239
0.11781860600758239
0.11781860600758239
0.11781860600758239
0.11781860600758239
0.11781860600758239
0.11781860600758239
0.11781860600758239
0.11781860600758239
0.11781860600758239
0.11781860600758239
0.11781860600758239
0.11781860600758239
0.11781860600758239
0.11781860600758239
0.11781860600758239
0.11781860600758239
0.11781860600758239
0.11781860600758239
0.11781860600758239
0.11781860600758239
0.11781860600758239
0.11781860600758239
0.11781860600758239
0.11781860600758239
0.11781860600758239
0.11781860600758239
0.11781860600758239
0.11781860600758239
0.11781860600758239
0.11781860600758239
0.11781860600758239
0.11781860600758239
0.11781860600758239
0.11781860600758239
0.11781860600758239
0.11781860600758239
0.11781860600758239
0.11796442111402741
0.11796442111402741
0.11796442111402741
0.11796442111402741
0.11811023622047244
0.11811023622047244
0.11811023622047244
0.11811023622047244
0.11811023622047244
0.11811023622047244
0.11811023622047244
0.11825605132691747
0.11825605132691747
0.11825605132691747
0.11825605132691747
0.11825605132691747
0.11825605132691747
0.11825605132691747
0.11825605132691747
0.11825605132691747
0.11825605132691747
0.11825605132691747
0.11825605132691747
0.11825605132691747
0.11825605132691747
0.11825605132691747
0.1184018664333625
0.1184018664333625
0.11854768153980752
0.11854768153980752
0.11854768153980752
0.11854768153980752
0.11854768153980752
0.11854768153980752
0.11854768153980752
0.11854768153980752
0.11854768153980752
0.11854768153980752
0.11854768153980752
0.11854768153980752
0.11854768153980752
0.11854768153980752
0.11869349664625255
0.11869349664625255
0.11869349664625255
0.11869349664625255
0.11869349664625255
0.11869349664625255
0.11869349664625255
0.11869349664625255
0.11869349664625255
0.11869349664625255
0.11869349664625255
0.11869349664625255
0.11883931175269757
0.11883931175269757
0.11883931175269757
0.11883931175269757
0.11883931175269757
0.11883931175269757
0.11883931175269757
0.11883931175269757
0.11883931175269757
0.1189851268591426
0.1189851268591426
0.1189851268591426
0.1189851268591426
0.1189851268591426
0.1189851268591426
0.1189851268591426
0.1189851268591426
0.1189851268591426
0.11913094196558764
0.11913094196558764
0.11913094196558764
0.11913094196558764
0.11913094196558764
0.11913094196558764
0.1194225721784777
0.1194225721784777
0.11956838728492272
0.11956838728492272
0.11956838728492272
0.11956838728492272
0.11956838728492272
0.11956838728492272
0.11956838728492272
0.11956838728492272
0.11956838728492272
0.11956838728492272
0.11956838728492272
0.11956838728492272
0.11956838728492272
0.11956838728492272
0.11956838728492272
0.11956838728492272
0.11956838728492272
0.11956838728492272
0.11956838728492272
0.11986001749781278
0.11986001749781278
0.11986001749781278
0.11986001749781278
0.11986001749781278
0.11986001749781278
0.11986001749781278
0.11986001749781278
0.11986001749781278
0.11986001749781278
0.11986001749781278
0.11986001749781278
0.11986001749781278
0.11986001749781278
0.11986001749781278
0.11986001749781278
0.11986001749781278
0.11986001749781278
0.11986001749781278
0.11986001749781278
0.11986001749781278
0.11986001749781278
0.11986001749781278
0.11986001749781278
0.11986001749781278
0.11986001749781278
0.11986001749781278
0.11986001749781278
0.11986001749781278
0.11986001749781278
0.11986001749781278
0.11986001749781278
0.11986001749781278
0.11986001749781278
0.11986001749781278
0.11986001749781278
0.11986001749781278
0.11986001749781278
0.11986001749781278
0.11986001749781278
0.11986001749781278
0.11986001749781278
0.11986001749781278
0.11986001749781278
0.1200058326042578
0.1200058326042578
0.1200058326042578
0.12015164771070283
0.12015164771070283
0.12015164771070283
0.12015164771070283
0.12015164771070283
0.12015164771070283
0.12015164771070283
0.12015164771070283
0.12015164771070283
0.12015164771070283
0.12015164771070283
0.12015164771070283
0.12015164771070283
0.12015164771070283
0.12029746281714786
0.12029746281714786
0.12029746281714786
0.12029746281714786
0.12044327792359288
0.12044327792359288
0.12044327792359288
0.12044327792359288
0.12044327792359288
0.12044327792359288
0.12044327792359288
0.12044327792359288
0.12044327792359288
0.12044327792359288
0.12044327792359288
0.12044327792359288
0.12044327792359288
0.12044327792359288
0.12044327792359288
0.12044327792359288
0.12044327792359288
0.12044327792359288
0.12044327792359288
0.12044327792359288
0.12044327792359288
0.12044327792359288
0.12044327792359288
0.12044327792359288
0.12044327792359288
0.12044327792359288
0.12044327792359288
0.12044327792359288
0.12044327792359288
0.12044327792359288
0.12044327792359288
0.12044327792359288
0.12044327792359288
0.12044327792359288
0.12044327792359288
0.12044327792359288
0.12044327792359288
0.12044327792359288
0.12044327792359288
0.12044327792359288
0.12044327792359288
0.12044327792359288
0.12044327792359288
0.12044327792359288
0.12044327792359288
0.12044327792359288
0.12044327792359288
0.12044327792359288
0.12044327792359288
0.12044327792359288
0.12044327792359288
0.12044327792359288
0.12044327792359288
0.12044327792359288
0.12058909303003791
0.12058909303003791
0.12058909303003791
0.12058909303003791
0.12058909303003791
0.12058909303003791
0.12058909303003791
0.12058909303003791
0.12058909303003791
0.12058909303003791
0.12058909303003791
0.12058909303003791
0.12058909303003791
0.12058909303003791
0.12073490813648294
0.12073490813648294
0.12073490813648294
0.12073490813648294
0.12073490813648294
0.12073490813648294
0.12073490813648294
0.12088072324292796
0.12088072324292796
0.12088072324292796
0.12088072324292796
0.12102653834937299
0.12102653834937299
0.12102653834937299
0.12102653834937299
0.12102653834937299
0.12102653834937299
0.12102653834937299
0.12102653834937299
0.12102653834937299
0.12102653834937299
0.12102653834937299
0.12102653834937299
0.12102653834937299
0.12102653834937299
0.12102653834937299
0.12117235345581802
0.12117235345581802
