0.0029163021289005542
0.006270049577136191
0.009040536599591718
0.012977544473607466
0.016768737241178187
0.01910177894429863
0.020705745115193935
0.022455526392534265
0.023767862350539515
0.024642752989209683
0.025663458734324875
0.02668416447944007
0.02712160979877515
0.027704870224555263
0.028288130650335374
0.029017206182560512
0.029600466608340623
0.030183727034120734
0.03032954214056576
0.030475357247010792
0.030766987459900846
0.03120443277923593
0.03135024788568096
0.031496062992125984
0.03178769320501604
0.032225138524351125
0.032225138524351125
0.03251676873724118
0.032662583843686206
0.033245844269466314
0.033245844269466314
0.033537474482356375
0.0336832895888014
0.03382910469524643
0.03412073490813648
0.03412073490813648
0.034412365121026536
0.0347039953339166
0.034849810440361624
0.03499562554680665
0.03543307086614173
0.03557888597258676
0.03587051618547681
0.03616214639836687
0.0363079615048119
0.03674540682414698
0.037037037037037035
0.037328667249927096
0.037328667249927096
0.03762029746281715
0.03762029746281715
0.03762029746281715
0.03762029746281715
0.037911927675707204
0.03805774278215223
0.03820355788859726
0.03820355788859726
0.03820355788859726
0.03849518810148731
0.03849518810148731
0.03849518810148731
0.03849518810148731
0.03849518810148731
0.03849518810148731
0.038641003207932345
0.03878681831437737
0.0389326334208224
0.039078448527267426
0.03937007874015748
0.039661708953047534
0.039661708953047534
0.039953339165937594
0.04024496937882765
0.040390784485272675
0.04068241469816273
0.04068241469816273
0.040828229804607756
0.04097404491105278
0.04097404491105278
0.04097404491105278
0.04111986001749781
0.041265675123942844
0.04141149023038787
0.0415573053368329
0.041703120443277925
0.04184893554972295
0.04199475065616798
0.042140565762613005
0.04228638086905803
0.04257801108194809
0.04272382618839312
0.043015456401283174
0.043015456401283174
0.0431612715077282
0.04359871682706328
0.04359871682706328
0.04359871682706328
0.04359871682706328
0.04403616214639837
0.04403616214639837
0.044181977252843396
0.044181977252843396
0.044181977252843396
0.044181977252843396
0.04432779235928842
0.04447360746573345
0.044765237678623504
0.044765237678623504
0.044765237678623504
0.04491105278506853
0.04491105278506853
0.04491105278506853
0.04505686789151356
0.04520268299795859
0.04520268299795859
0.04564012831729367
0.0457859434237387
0.0457859434237387
0.045931758530183726
0.045931758530183726
0.045931758530183726
0.045931758530183726
0.045931758530183726
0.045931758530183726
0.045931758530183726
0.045931758530183726
0.04607757363662875
0.04636920384951881
0.04636920384951881
0.04636920384951881
0.04651501895596384
0.04666083406240887
0.04666083406240887
0.04666083406240887
0.046806649168853895
0.046806649168853895
0.046806649168853895
0.046806649168853895
0.04709827938174395
0.047244094488188976
0.04753572470107903
0.04797317002041412
0.048118985126859144
0.048118985126859144
0.048118985126859144
0.048118985126859144
0.048118985126859144
0.04826480023330417
0.04826480023330417
0.0484106153397492
0.048556430446194225
0.04870224555263925
0.04884806065908428
0.04884806065908428
0.04928550597841937
0.04928550597841937
0.049431321084864394
0.049431321084864394
0.049431321084864394
0.049431321084864394
0.049431321084864394
0.049431321084864394
0.049431321084864394
0.049431321084864394
0.04957713619130942
0.04957713619130942
0.049868766404199474
0.049868766404199474
0.049868766404199474
0.049868766404199474
0.05016039661708953
0.05016039661708953
0.05016039661708953
0.05045202682997959
0.05045202682997959
0.05074365704286964
0.05088947214931467
0.05088947214931467
0.05088947214931467
0.051181102362204724
0.051181102362204724
0.05132691746864975
0.05132691746864975
0.05132691746864975
0.05132691746864975
0.05132691746864975
0.05132691746864975
0.05147273257509478
0.051618547681539804
0.05176436278798484
0.051910177894429865
0.051910177894429865
0.051910177894429865
0.051910177894429865
0.05205599300087489
0.05205599300087489
0.05205599300087489
0.05205599300087489
0.05220180810731992
0.05220180810731992
0.05220180810731992
0.05220180810731992
0.052347623213764946
0.052347623213764946
0.05249343832020997
0.05278506853310003
0.052930883639545054
0.052930883639545054
0.052930883639545054
0.05307669874599009
0.053222513852435115
0.053222513852435115
0.053222513852435115
0.053222513852435115
0.05336832895888014
0.05336832895888014
0.05336832895888014
0.05336832895888014
0.05336832895888014
0.05336832895888014
0.05336832895888014
0.053659959171770195
0.053659959171770195
0.05395158938466025
0.05395158938466025
0.054097404491105276
0.0542432195975503
0.054534849810440364
0.054534849810440364
0.05468066491688539
0.05482648002333042
0.05482648002333042
0.05482648002333042
0.054972295129775445
0.05511811023622047
0.055409740449110526
0.055701370662000586
0.05584718576844561
0.05613881598133567
0.05613881598133567
0.05613881598133567
0.056284631087780694
0.056284631087780694
0.056284631087780694
0.056284631087780694
0.056284631087780694
0.056284631087780694
0.05643044619422572
0.05643044619422572
0.05643044619422572
0.05643044619422572
0.05657626130067075
0.05657626130067075
0.05657626130067075
0.05657626130067075
0.05657626130067075
0.056722076407115775
0.056722076407115775
0.056722076407115775
0.056722076407115775
0.056722076407115775
0.056722076407115775
0.056722076407115775
0.057013706620005836
0.05715952172645086
0.05715952172645086
0.05715952172645086
0.05715952172645086
0.05759696704578594
0.05759696704578594
0.05759696704578594
0.05774278215223097
0.05774278215223097
0.057888597258676
0.057888597258676
0.057888597258676
0.058034412365121024
0.058034412365121024
0.058034412365121024
0.05818022747156605
0.058326042578011085
0.058326042578011085
0.058326042578011085
0.05847185768445611
0.05847185768445611
0.05847185768445611
0.05847185768445611
0.05847185768445611
0.05847185768445611
0.05861767279090114
0.05861767279090114
0.05861767279090114
0.058763487897346166
0.05890930300379119
0.05905511811023622
0.05905511811023622
0.05920093321668125
0.05920093321668125
0.05920093321668125
0.05920093321668125
0.05920093321668125
0.059346748323126274
0.059346748323126274
0.059346748323126274
0.059346748323126274
0.0594925634295713
0.0594925634295713
0.059638378536016334
0.059638378536016334
0.059638378536016334
0.05978419364246136
0.05978419364246136
0.05978419364246136
0.05978419364246136
0.05978419364246136
0.05978419364246136
0.05978419364246136
0.05993000874890639
0.05993000874890639
0.060075823855351415
0.060075823855351415
0.060075823855351415
0.06022163896179644
0.06036745406824147
0.06036745406824147
0.06036745406824147
0.060513269174686496
0.06065908428113152
0.06065908428113152
0.06065908428113152
0.06080489938757655
0.06080489938757655
0.06080489938757655
0.06080489938757655
0.060950714494021584
0.060950714494021584
0.060950714494021584
0.060950714494021584
0.060950714494021584
0.060950714494021584
0.060950714494021584
0.060950714494021584
0.06109652960046661
0.06109652960046661
0.06109652960046661
0.06109652960046661
0.06109652960046661
0.06124234470691164
0.06124234470691164
0.06124234470691164
0.06124234470691164
0.06153397491980169
0.06167979002624672
0.06167979002624672
0.06167979002624672
0.06167979002624672
0.06167979002624672
0.06167979002624672
0.061825605132691745
0.061825605132691745
0.06197142023913677
0.06197142023913677
0.06197142023913677
0.06197142023913677
0.06197142023913677
0.06197142023913677
0.06197142023913677
0.06197142023913677
0.0621172353455818
0.06240886555847186
0.06240886555847186
0.06240886555847186
0.06240886555847186
0.06240886555847186
0.06240886555847186
0.06270049577136191
0.06270049577136191
0.06270049577136191
0.06284631087780694
0.06284631087780694
0.06284631087780694
0.06284631087780694
0.06284631087780694
0.06299212598425197
0.06299212598425197
0.06299212598425197
0.063137941090697
0.06342957130358705
0.06342957130358705
0.06357538641003208
0.06357538641003208
0.0637212015164771
0.0637212015164771
0.0637212015164771
0.0637212015164771
0.0637212015164771
0.0637212015164771
0.0637212015164771
0.0637212015164771
0.06386701662292213
0.06386701662292213
0.06386701662292213
0.06401283172936716
0.06401283172936716
0.06401283172936716
0.0641586468358122
0.0641586468358122
0.0641586468358122
0.0641586468358122
0.06430446194225722
0.06430446194225722
0.06430446194225722
0.06445027704870225
0.06445027704870225
0.06445027704870225
0.06459609215514728
0.06459609215514728
0.06459609215514728
0.0647419072615923
0.06488772236803733
0.06488772236803733
0.06488772236803733
0.06488772236803733
0.06488772236803733
0.06503353747448236
0.06503353747448236
0.06517935258092739
0.06517935258092739
0.06517935258092739
0.06532516768737241
0.06532516768737241
0.06532516768737241
0.06532516768737241
0.06547098279381744
0.06547098279381744
0.06547098279381744
0.06547098279381744
0.06547098279381744
0.06547098279381744
0.06547098279381744
0.06547098279381744
0.06547098279381744
0.06547098279381744
0.06561679790026247
0.06561679790026247
0.0657626130067075
0.06590842811315252
0.06590842811315252
0.06605424321959755
0.06605424321959755
0.06649168853893263
0.06649168853893263
0.06649168853893263
0.06649168853893263
0.06649168853893263
0.06649168853893263
0.06663750364537765
0.06663750364537765
0.06663750364537765
0.0667833187518227
0.06692913385826772
0.06707494896471275
0.06707494896471275
0.06707494896471275
0.06707494896471275
0.06707494896471275
0.06722076407115778
0.06722076407115778
0.0673665791776028
0.0673665791776028
0.0673665791776028
0.0673665791776028
0.0673665791776028
0.0673665791776028
0.0673665791776028
0.06751239428404783
0.06751239428404783
0.06751239428404783
0.06751239428404783
0.06751239428404783
0.06765820939049286
0.06765820939049286
0.06765820939049286
0.06780402449693788
0.06794983960338291
0.06794983960338291
0.06794983960338291
0.06794983960338291
0.06794983960338291
0.06794983960338291
0.06794983960338291
0.06824146981627296
0.06824146981627296
0.06824146981627296
0.06824146981627296
0.06824146981627296
0.06824146981627296
0.06824146981627296
0.06824146981627296
0.06824146981627296
0.06824146981627296
0.06824146981627296
0.06824146981627296
0.06824146981627296
0.06824146981627296
0.06824146981627296
0.06838728492271799
0.06838728492271799
0.06838728492271799
0.06838728492271799
0.06838728492271799
0.06838728492271799
0.06838728492271799
0.06838728492271799
0.06853310002916302
0.06853310002916302
0.06853310002916302
0.06853310002916302
0.06853310002916302
0.06853310002916302
0.06853310002916302
0.06882473024205307
0.06882473024205307
0.06882473024205307
0.06882473024205307
0.06882473024205307
0.06882473024205307
0.0689705453484981
0.0689705453484981
0.0689705453484981
0.0689705453484981
0.0689705453484981
0.06911636045494313
0.06911636045494313
0.06911636045494313
0.06911636045494313
0.06911636045494313
0.06926217556138815
0.06926217556138815
0.06926217556138815
0.06926217556138815
0.06926217556138815
0.0694079906678332
0.0694079906678332
0.0694079906678332
0.0694079906678332
0.0694079906678332
0.06955380577427822
0.06955380577427822
0.06955380577427822
0.06955380577427822
0.06955380577427822
0.06955380577427822
0.06955380577427822
0.06955380577427822
0.06955380577427822
0.06955380577427822
0.06955380577427822
0.06955380577427822
0.06955380577427822
0.06955380577427822
0.06969962088072325
0.06969962088072325
0.06984543598716828
0.06984543598716828
0.06984543598716828
0.06984543598716828
0.06984543598716828
0.06984543598716828
0.06984543598716828
0.0699912510936133
0.0699912510936133
0.07013706620005833
0.07028288130650336
0.07042869641294838
0.07042869641294838
0.07042869641294838
0.07042869641294838
0.07042869641294838
0.07042869641294838
0.07042869641294838
0.07042869641294838
0.07042869641294838
0.07057451151939341
0.07057451151939341
0.07057451151939341
0.07072032662583844
0.07072032662583844
0.07072032662583844
0.07086614173228346
0.07086614173228346
0.07086614173228346
0.07086614173228346
0.07086614173228346
0.07086614173228346
0.07086614173228346
0.07086614173228346
0.07086614173228346
0.07086614173228346
0.07086614173228346
0.07101195683872849
0.07101195683872849
0.07101195683872849
0.07101195683872849
0.07101195683872849
0.07101195683872849
0.07115777194517352
0.07144940215806357
0.07144940215806357
0.07144940215806357
0.07144940215806357
0.07144940215806357
0.0715952172645086
0.0715952172645086
0.0715952172645086
0.0715952172645086
0.07174103237095363
0.07174103237095363
0.07188684747739865
0.07188684747739865
0.07203266258384369
0.07203266258384369
0.07217847769028872
0.07217847769028872
0.07217847769028872
0.07217847769028872
0.07217847769028872
0.07217847769028872
0.07217847769028872
0.07217847769028872
0.07217847769028872
0.07217847769028872
0.07217847769028872
0.07217847769028872
0.07217847769028872
0.07217847769028872
0.07217847769028872
0.07217847769028872
0.07217847769028872
0.07217847769028872
0.07217847769028872
0.07247010790317877
0.07247010790317877
0.07247010790317877
0.0726159230096238
0.07276173811606883
0.07276173811606883
0.07276173811606883
0.07276173811606883
0.07276173811606883
0.07276173811606883
0.07276173811606883
0.07276173811606883
0.07276173811606883
0.07290755322251385
0.07290755322251385
0.07290755322251385
0.07290755322251385
0.07290755322251385
0.07290755322251385
0.07290755322251385
0.07290755322251385
0.07290755322251385
0.07290755322251385
0.07305336832895888
0.07305336832895888
0.07305336832895888
0.07305336832895888
0.07305336832895888
0.07305336832895888
0.07305336832895888
0.07305336832895888
0.07305336832895888
0.07319918343540391
0.07319918343540391
0.07319918343540391
0.07319918343540391
0.07319918343540391
0.07319918343540391
0.07334499854184894
0.07349081364829396
0.07349081364829396
0.07349081364829396
0.07349081364829396
0.07349081364829396
0.07349081364829396
0.07349081364829396
0.07349081364829396
0.07349081364829396
0.07349081364829396
0.07392825896762904
0.07392825896762904
0.07392825896762904
0.07392825896762904
0.07392825896762904
0.07392825896762904
0.07392825896762904
0.07392825896762904
0.07407407407407407
0.07407407407407407
0.07407407407407407
0.07436570428696412
0.07451151939340915
0.07451151939340915
0.07451151939340915
0.07451151939340915
0.07465733449985419
0.07465733449985419
0.07465733449985419
0.07465733449985419
0.07465733449985419
0.07465733449985419
0.07465733449985419
0.07465733449985419
0.07480314960629922
0.07480314960629922
0.07480314960629922
0.07480314960629922
0.07494896471274425
0.07494896471274425
0.07494896471274425
0.07494896471274425
0.07494896471274425
0.07509477981918927
0.07509477981918927
0.07509477981918927
0.07509477981918927
0.07509477981918927
0.07509477981918927
0.07509477981918927
0.07509477981918927
0.07509477981918927
0.07509477981918927
0.07509477981918927
0.07509477981918927
0.07509477981918927
0.07509477981918927
0.0752405949256343
0.07538641003207933
0.07538641003207933
0.07538641003207933
0.07538641003207933
0.07538641003207933
0.07538641003207933
0.07538641003207933
0.07538641003207933
0.07538641003207933
0.07538641003207933
0.07538641003207933
0.07538641003207933
0.07538641003207933
0.07538641003207933
0.07553222513852435
0.07553222513852435
0.07553222513852435
0.07553222513852435
0.07553222513852435
0.07553222513852435
0.07553222513852435
0.07553222513852435
0.07553222513852435
0.07553222513852435
0.07553222513852435
0.07567804024496938
0.07567804024496938
0.07582385535141441
0.07582385535141441
0.07582385535141441
0.07582385535141441
0.07596967045785943
0.07596967045785943
0.07596967045785943
0.07611548556430446
0.07611548556430446
0.07626130067074949
0.07626130067074949
0.07626130067074949
0.07626130067074949
0.07626130067074949
0.07626130067074949
0.07626130067074949
0.07626130067074949
0.07626130067074949
0.07626130067074949
0.07626130067074949
0.07626130067074949
0.07626130067074949
0.07626130067074949
0.07626130067074949
0.07626130067074949
0.07626130067074949
0.07626130067074949
0.07626130067074949
0.07626130067074949
0.07626130067074949
0.07626130067074949
0.07626130067074949
0.07626130067074949
0.07626130067074949
0.07626130067074949
0.07626130067074949
0.07626130067074949
0.07626130067074949
0.07640711577719451
0.07640711577719451
0.07640711577719451
0.07640711577719451
0.07640711577719451
0.07640711577719451
0.07640711577719451
0.07640711577719451
0.07640711577719451
0.07640711577719451
0.07640711577719451
0.07640711577719451
0.07640711577719451
0.07640711577719451
0.07640711577719451
0.07655293088363954
0.07655293088363954
0.07655293088363954
0.07655293088363954
0.07655293088363954
0.07655293088363954
0.07669874599008457
0.07669874599008457
0.07669874599008457
0.07669874599008457
0.0768445610965296
0.07699037620297462
0.07699037620297462
0.07699037620297462
0.07699037620297462
0.07699037620297462
0.07713619130941965
0.07713619130941965
0.07713619130941965
0.07713619130941965
0.07713619130941965
0.07713619130941965
0.07713619130941965
0.07713619130941965
0.07713619130941965
0.07728200641586469
0.07728200641586469
0.07728200641586469
0.07728200641586469
0.07728200641586469
0.07742782152230972
0.07742782152230972
0.07757363662875474
0.07757363662875474
0.07757363662875474
0.07757363662875474
0.07757363662875474
0.07757363662875474
0.07757363662875474
0.07757363662875474
0.07757363662875474
0.07757363662875474
0.07757363662875474
0.07757363662875474
0.07757363662875474
0.07757363662875474
0.07757363662875474
0.07771945173519977
0.07771945173519977
0.0778652668416448
0.0778652668416448
0.0778652668416448
0.0778652668416448
0.0778652668416448
0.0778652668416448
0.0778652668416448
0.0778652668416448
0.07801108194808982
0.07801108194808982
0.07801108194808982
0.07801108194808982
0.07801108194808982
0.07801108194808982
0.07801108194808982
0.07801108194808982
0.07801108194808982
0.07801108194808982
0.07801108194808982
0.07801108194808982
0.07801108194808982
0.07801108194808982
0.07801108194808982
0.07801108194808982
0.07801108194808982
0.07801108194808982
0.07801108194808982
0.07801108194808982
0.07815689705453485
0.07815689705453485
0.07815689705453485
0.07815689705453485
0.07815689705453485
0.07815689705453485
0.07815689705453485
0.07815689705453485
0.07815689705453485
0.07815689705453485
0.07815689705453485
0.07815689705453485
0.07815689705453485
0.07815689705453485
0.07815689705453485
0.07830271216097988
0.0784485272674249
0.0784485272674249
0.0784485272674249
0.0784485272674249
0.0784485272674249
0.0784485272674249
0.0784485272674249
0.07859434237386993
0.07859434237386993
0.07859434237386993
0.07859434237386993
0.07859434237386993
0.07859434237386993
0.07859434237386993
0.07859434237386993
0.07859434237386993
0.07859434237386993
0.07859434237386993
0.07859434237386993
0.07859434237386993
0.07859434237386993
0.07859434237386993
0.07859434237386993
0.07859434237386993
0.07874015748031496
0.07874015748031496
0.07874015748031496
0.07874015748031496
0.07874015748031496
0.07874015748031496
0.07874015748031496
0.07874015748031496
0.07874015748031496
0.07874015748031496
0.07874015748031496
0.07874015748031496
0.07874015748031496
0.07874015748031496
0.07874015748031496
0.07874015748031496
0.07888597258675999
0.07888597258675999
0.07888597258675999
0.07888597258675999
0.07888597258675999
0.07888597258675999
0.07888597258675999
0.07888597258675999
0.07888597258675999
0.07888597258675999
0.07888597258675999
0.07888597258675999
0.07888597258675999
0.07888597258675999
0.07888597258675999
0.07888597258675999
0.07888597258675999
0.07888597258675999
0.07888597258675999
0.07888597258675999
0.07888597258675999
0.07888597258675999
0.07888597258675999
0.07888597258675999
0.07888597258675999
0.07903178769320501
0.07903178769320501
0.07903178769320501
0.07903178769320501
0.07903178769320501
0.07903178769320501
0.07903178769320501
0.07903178769320501
0.07903178769320501
0.07903178769320501
0.07903178769320501
0.07903178769320501
0.07903178769320501
0.07903178769320501
0.07903178769320501
0.07903178769320501
0.07903178769320501
0.07903178769320501
0.07903178769320501
0.07903178769320501
0.07903178769320501
0.07903178769320501
0.07903178769320501
0.07903178769320501
0.07903178769320501
