0.007144940215806358
0.014289880431612716
0.0242053076698746
0.032225138524351125
0.03616214639836687
0.039953339165937594
0.0457859434237387
0.04913969087197434
0.051181102362204724
0.05249343832020997
0.05351414406532517
0.05438903470399534
0.05511811023622047
0.05643044619422572
0.05759696704578594
0.05978419364246136
0.06167979002624672
0.0647419072615923
0.06692913385826772
0.06926217556138815
0.07057451151939341
0.07217847769028872
0.07363662875473899
0.07465733449985419
0.07509477981918927
0.07567804024496938
0.07640711577719451
0.07655293088363954
0.0768445610965296
0.07713619130941965
0.07728200641586469
0.07728200641586469
0.07742782152230972
0.0778652668416448
0.07830271216097988
0.07830271216097988
0.07874015748031496
0.07888597258675999
0.07903178769320501
0.07917760279965004
0.07932341790609507
0.07976086322543015
0.07990667833187519
0.07990667833187519
0.08005249343832022
0.08019830854476524
0.08019830854476524
0.0804899387576553
0.08063575386410032
0.08092738407699038
0.0810731991834354
0.08151064450277049
0.08165645960921551
0.08165645960921551
0.08194808982210557
0.08194808982210557
0.08209390492855059
0.08223972003499562
0.08238553514144065
0.08238553514144065
0.08238553514144065
0.08253135024788569
0.08253135024788569
0.08253135024788569
0.08253135024788569
0.08253135024788569
0.08267716535433071
0.08267716535433071
0.08296879556722077
0.08296879556722077
0.08296879556722077
0.0831146106736658
0.08340624088655585
0.08340624088655585
0.08340624088655585
0.08340624088655585
0.08340624088655585
0.08340624088655585
0.08355205599300088
0.0836978710994459
0.08384368620589093
0.08398950131233596
0.08413531641878098
0.08413531641878098
0.08413531641878098
0.08413531641878098
0.08413531641878098
0.08413531641878098
0.08413531641878098
0.08457276173811606
0.08457276173811606
0.08471857684456109
0.08471857684456109
0.08486439195100612
0.08486439195100612
0.08501020705745115
0.08501020705745115
0.08501020705745115
0.08515602216389619
0.08515602216389619
0.08515602216389619
0.08515602216389619
0.08515602216389619
0.08515602216389619
0.08515602216389619
0.08530183727034121
0.08530183727034121
0.08530183727034121
0.08530183727034121
0.08544765237678624
0.08544765237678624
0.08603091280256635
0.08603091280256635
0.08603091280256635
0.08603091280256635
0.08603091280256635
0.08603091280256635
0.08617672790901137
0.0863225430154564
0.0863225430154564
0.0863225430154564
0.0863225430154564
0.0863225430154564
0.08646835812190143
0.08646835812190143
0.08646835812190143
0.08661417322834646
0.08661417322834646
0.08661417322834646
0.08661417322834646
0.08675998833479148
0.08675998833479148
0.08675998833479148
0.08675998833479148
0.08675998833479148
0.08690580344123651
0.08690580344123651
0.08690580344123651
0.08690580344123651
0.08690580344123651
0.08690580344123651
0.08719743365412656
0.08719743365412656
0.08734324876057159
0.08734324876057159
0.08748906386701662
0.08748906386701662
0.08748906386701662
0.08748906386701662
0.08748906386701662
0.08763487897346164
0.08763487897346164
0.08763487897346164
0.08763487897346164
0.08763487897346164
0.08763487897346164
0.08763487897346164
0.08763487897346164
0.08763487897346164
0.08763487897346164
0.08763487897346164
0.08778069407990668
0.08778069407990668
0.08792650918635171
0.08807232429279674
0.08821813939924177
0.08836395450568679
0.08836395450568679
0.08836395450568679
0.08836395450568679
0.08836395450568679
0.08836395450568679
0.08836395450568679
0.08850976961213182
0.08850976961213182
0.08850976961213182
0.08850976961213182
0.08850976961213182
0.08850976961213182
0.08850976961213182
0.08850976961213182
0.08850976961213182
0.08865558471857685
0.08865558471857685
0.08880139982502187
0.08880139982502187
0.0889472149314669
0.08909303003791193
0.08909303003791193
0.08909303003791193
0.08923884514435695
0.08923884514435695
0.08923884514435695
0.08938466025080198
0.08938466025080198
0.08953047535724701
0.08953047535724701
0.08953047535724701
0.08953047535724701
0.08953047535724701
0.08953047535724701
0.08953047535724701
0.08953047535724701
0.08953047535724701
0.08953047535724701
0.08953047535724701
0.08967629046369203
0.08982210557013706
0.08996792067658209
0.09011373578302712
0.09011373578302712
0.09011373578302712
0.09025955088947214
0.09025955088947214
0.09025955088947214
0.09025955088947214
0.09040536599591718
0.09040536599591718
0.09040536599591718
0.09040536599591718
0.09055118110236221
0.09055118110236221
0.09055118110236221
0.09055118110236221
0.09069699620880724
0.09069699620880724
0.09069699620880724
0.09084281131525226
0.09084281131525226
0.09098862642169729
0.09098862642169729
0.09113444152814232
0.09128025663458735
0.09128025663458735
0.09128025663458735
0.09128025663458735
0.09128025663458735
0.09128025663458735
0.09128025663458735
0.09128025663458735
0.09142607174103237
0.09142607174103237
0.09142607174103237
0.09142607174103237
0.09142607174103237
0.09142607174103237
0.09142607174103237
0.0915718868474774
0.0915718868474774
0.0915718868474774
0.0915718868474774
0.0915718868474774
0.0915718868474774
0.0915718868474774
0.0915718868474774
0.0915718868474774
0.0915718868474774
0.0915718868474774
0.0915718868474774
0.09171770195392243
0.09186351706036745
0.09186351706036745
0.09186351706036745
0.09186351706036745
0.09200933216681248
0.09200933216681248
0.09200933216681248
0.09200933216681248
0.0921551472732575
0.0921551472732575
0.0921551472732575
0.09244677748614756
0.09244677748614756
0.09259259259259259
0.09273840769903761
0.09273840769903761
0.09288422280548264
0.09288422280548264
0.09303003791192768
0.09317585301837271
0.09317585301837271
0.09317585301837271
0.09317585301837271
0.09317585301837271
0.09317585301837271
0.09317585301837271
0.09317585301837271
0.09317585301837271
0.09317585301837271
0.09317585301837271
0.09317585301837271
0.09317585301837271
0.09317585301837271
0.09346748323126276
0.09346748323126276
0.09346748323126276
0.09346748323126276
0.09346748323126276
0.09346748323126276
0.09346748323126276
0.09346748323126276
0.09346748323126276
0.09346748323126276
0.09346748323126276
0.09346748323126276
0.09346748323126276
0.09361329833770779
0.09361329833770779
0.09361329833770779
0.09361329833770779
0.09361329833770779
0.09361329833770779
0.09361329833770779
0.09361329833770779
0.09361329833770779
0.09361329833770779
0.09361329833770779
0.09361329833770779
0.09361329833770779
0.09361329833770779
0.09361329833770779
0.09361329833770779
0.09361329833770779
0.09361329833770779
0.09361329833770779
0.09375911344415282
0.09375911344415282
0.09375911344415282
0.09375911344415282
0.09375911344415282
0.09375911344415282
0.09375911344415282
0.09375911344415282
0.09375911344415282
0.09375911344415282
0.09375911344415282
0.09375911344415282
0.09375911344415282
0.09375911344415282
0.09375911344415282
0.09375911344415282
0.09375911344415282
0.09375911344415282
0.09375911344415282
0.09375911344415282
0.09375911344415282
0.09375911344415282
0.09375911344415282
0.09375911344415282
0.09375911344415282
0.09375911344415282
0.09375911344415282
0.09375911344415282
0.09375911344415282
0.09375911344415282
0.09375911344415282
0.09390492855059784
0.09390492855059784
0.09390492855059784
0.09390492855059784
0.0941965587634879
0.0941965587634879
0.0941965587634879
0.0941965587634879
0.0941965587634879
0.0941965587634879
0.09434237386993292
0.09434237386993292
0.09434237386993292
0.09434237386993292
0.09434237386993292
0.09434237386993292
0.09434237386993292
0.09434237386993292
0.09434237386993292
0.09434237386993292
0.09448818897637795
0.09448818897637795
0.09448818897637795
0.09448818897637795
0.09448818897637795
0.09448818897637795
0.09448818897637795
0.09448818897637795
0.09448818897637795
0.09448818897637795
0.09448818897637795
0.09463400408282298
0.094779819189268
0.094779819189268
0.094779819189268
0.09492563429571303
0.09492563429571303
0.09507144940215806
0.09507144940215806
0.09507144940215806
0.09507144940215806
0.09507144940215806
0.09521726450860309
0.09521726450860309
0.09521726450860309
0.09521726450860309
0.09521726450860309
0.09521726450860309
0.09521726450860309
0.09521726450860309
0.09521726450860309
0.09521726450860309
0.09521726450860309
0.09521726450860309
0.09521726450860309
0.09521726450860309
0.09521726450860309
0.09521726450860309
0.09536307961504811
0.09536307961504811
0.09536307961504811
0.09550889472149314
0.09565470982793818
0.09565470982793818
0.09565470982793818
0.09565470982793818
0.09565470982793818
0.09580052493438321
0.09594634004082823
0.09594634004082823
0.09594634004082823
0.09594634004082823
0.09594634004082823
0.09594634004082823
0.09594634004082823
0.09623797025371829
0.09623797025371829
0.09623797025371829
0.09623797025371829
0.09638378536016332
0.09638378536016332
0.09638378536016332
0.09638378536016332
0.09638378536016332
0.09638378536016332
0.09638378536016332
0.09652960046660834
0.09652960046660834
0.09652960046660834
0.09667541557305337
0.09667541557305337
0.09667541557305337
0.0968212306794984
0.0968212306794984
0.0968212306794984
0.0968212306794984
0.0968212306794984
0.0968212306794984
0.0968212306794984
0.0968212306794984
0.09696704578594342
0.09696704578594342
0.09696704578594342
0.09711286089238845
0.09711286089238845
0.09711286089238845
0.09711286089238845
0.09725867599883348
0.09725867599883348
0.09725867599883348
0.09725867599883348
0.0974044911052785
0.0974044911052785
0.09755030621172353
0.09755030621172353
0.09769612131816856
0.09769612131816856
0.09769612131816856
0.09784193642461358
0.09784193642461358
0.09784193642461358
0.09798775153105861
0.09798775153105861
0.09798775153105861
0.09798775153105861
0.09813356663750364
0.09813356663750364
0.09813356663750364
0.09813356663750364
0.09813356663750364
0.09813356663750364
0.09813356663750364
0.09813356663750364
0.09813356663750364
0.09813356663750364
0.09813356663750364
0.09827938174394868
0.09827938174394868
0.09827938174394868
0.09827938174394868
0.09827938174394868
0.09827938174394868
0.09827938174394868
0.09827938174394868
0.09827938174394868
0.09827938174394868
0.09827938174394868
0.09827938174394868
0.0984251968503937
0.0984251968503937
0.0984251968503937
0.09857101195683873
0.09871682706328376
0.09871682706328376
0.09871682706328376
0.09871682706328376
0.09871682706328376
0.09871682706328376
0.09871682706328376
0.09871682706328376
0.09871682706328376
0.09871682706328376
0.09871682706328376
0.09886264216972879
0.09886264216972879
0.09886264216972879
0.09900845727617381
0.09915427238261884
0.09915427238261884
0.09915427238261884
0.09915427238261884
0.09915427238261884
0.09915427238261884
0.09915427238261884
0.09930008748906387
0.09930008748906387
0.09930008748906387
0.09930008748906387
0.09930008748906387
0.0994459025955089
0.0994459025955089
0.0994459025955089
0.0994459025955089
0.0994459025955089
0.0994459025955089
0.0994459025955089
0.0994459025955089
0.0994459025955089
0.0994459025955089
0.0994459025955089
0.0994459025955089
0.0994459025955089
0.0994459025955089
0.0994459025955089
0.0994459025955089
0.0994459025955089
0.0994459025955089
0.0994459025955089
0.0994459025955089
0.09959171770195392
0.09973753280839895
0.09973753280839895
0.09973753280839895
0.09988334791484398
0.09988334791484398
0.100029163021289
0.100029163021289
0.100029163021289
0.100029163021289
0.100029163021289
0.100029163021289
0.100029163021289
0.100029163021289
0.100029163021289
0.100029163021289
0.100029163021289
0.100029163021289
0.100029163021289
0.100029163021289
0.10017497812773403
0.10032079323417906
0.10032079323417906
0.10032079323417906
0.10032079323417906
0.10032079323417906
0.10032079323417906
0.10032079323417906
0.10032079323417906
0.10032079323417906
0.10032079323417906
0.10032079323417906
0.10046660834062408
0.10046660834062408
0.10046660834062408
0.10046660834062408
0.10046660834062408
0.10046660834062408
0.10046660834062408
0.10046660834062408
0.10046660834062408
0.10046660834062408
0.10046660834062408
0.10046660834062408
0.10046660834062408
0.10046660834062408
0.10046660834062408
0.10046660834062408
0.10046660834062408
0.10046660834062408
0.10061242344706911
0.10061242344706911
0.10061242344706911
0.10061242344706911
0.10061242344706911
0.10061242344706911
0.10061242344706911
0.10061242344706911
0.10061242344706911
0.10061242344706911
0.10061242344706911
0.10061242344706911
0.10061242344706911
0.10075823855351414
0.10075823855351414
0.10075823855351414
0.10075823855351414
0.10075823855351414
0.10075823855351414
0.10075823855351414
0.10075823855351414
0.10090405365995918
0.10090405365995918
0.1010498687664042
0.1010498687664042
0.1010498687664042
0.10119568387284923
0.10119568387284923
0.10119568387284923
0.10134149897929426
0.10134149897929426
0.10134149897929426
0.10134149897929426
0.10134149897929426
0.10134149897929426
0.10134149897929426
0.10134149897929426
0.10134149897929426
0.10148731408573929
0.10148731408573929
0.10148731408573929
0.10148731408573929
0.10148731408573929
0.10148731408573929
0.10148731408573929
0.10148731408573929
0.10148731408573929
0.10148731408573929
0.10148731408573929
0.10148731408573929
0.10148731408573929
0.10148731408573929
0.10148731408573929
0.10148731408573929
0.10148731408573929
0.10163312919218431
0.10163312919218431
0.10177894429862934
0.10177894429862934
0.10177894429862934
0.10177894429862934
0.10177894429862934
0.10177894429862934
0.10177894429862934
0.10177894429862934
0.10177894429862934
0.10177894429862934
0.10177894429862934
0.10177894429862934
0.10177894429862934
0.10177894429862934
0.10177894429862934
0.10177894429862934
0.10177894429862934
0.10192475940507437
0.10192475940507437
0.10192475940507437
0.10192475940507437
0.10192475940507437
0.10192475940507437
0.10192475940507437
0.10192475940507437
0.10192475940507437
0.10192475940507437
0.10192475940507437
0.10192475940507437
0.10192475940507437
0.10192475940507437
0.1020705745115194
0.1020705745115194
0.1020705745115194
0.1020705745115194
0.1020705745115194
0.1020705745115194
0.1020705745115194
0.1020705745115194
0.1020705745115194
0.1020705745115194
0.1020705745115194
0.1020705745115194
0.1020705745115194
0.1020705745115194
0.1020705745115194
0.1020705745115194
0.1020705745115194
0.1020705745115194
0.1020705745115194
0.1020705745115194
0.1020705745115194
0.1020705745115194
0.1020705745115194
0.1020705745115194
0.1020705745115194
0.1020705745115194
0.1020705745115194
0.1020705745115194
0.1020705745115194
0.1020705745115194
0.1020705745115194
0.1020705745115194
0.1020705745115194
0.1020705745115194
0.1020705745115194
0.1020705745115194
0.1020705745115194
0.1020705745115194
0.10221638961796442
0.10221638961796442
0.10221638961796442
0.10221638961796442
0.10221638961796442
0.10221638961796442
0.10221638961796442
0.10221638961796442
0.10221638961796442
0.10221638961796442
0.10221638961796442
0.10221638961796442
0.10236220472440945
0.10236220472440945
0.10236220472440945
0.10236220472440945
0.10236220472440945
0.10236220472440945
0.10236220472440945
0.10236220472440945
0.10236220472440945
0.10236220472440945
0.10236220472440945
0.10236220472440945
0.10250801983085447
0.10250801983085447
0.10250801983085447
0.1026538349372995
0.1026538349372995
0.1026538349372995
0.1026538349372995
0.1026538349372995
0.1026538349372995
0.1026538349372995
0.10279965004374453
0.10279965004374453
0.10279965004374453
0.10279965004374453
0.10279965004374453
0.10279965004374453
0.10279965004374453
0.10279965004374453
0.10279965004374453
0.10279965004374453
0.10279965004374453
0.10279965004374453
0.10279965004374453
0.10279965004374453
0.10294546515018956
0.10294546515018956
0.10294546515018956
0.10294546515018956
0.10294546515018956
0.10294546515018956
0.10294546515018956
0.10294546515018956
0.10294546515018956
0.10294546515018956
0.10294546515018956
0.10309128025663458
0.10309128025663458
0.10309128025663458
0.10309128025663458
0.10309128025663458
0.10309128025663458
0.10309128025663458
0.10309128025663458
0.10309128025663458
0.10309128025663458
0.10323709536307961
0.10323709536307961
0.10323709536307961
0.10323709536307961
0.10323709536307961
0.10338291046952464
0.10338291046952464
0.10338291046952464
0.10338291046952464
0.10338291046952464
0.10338291046952464
0.10338291046952464
0.10338291046952464
0.10338291046952464
0.10338291046952464
0.10338291046952464
0.10338291046952464
0.10338291046952464
0.10338291046952464
0.10352872557596968
0.10352872557596968
0.10352872557596968
0.10352872557596968
0.10352872557596968
0.10352872557596968
0.10352872557596968
0.10352872557596968
0.10352872557596968
0.10352872557596968
0.1036745406824147
0.1036745406824147
0.1036745406824147
0.1036745406824147
0.1036745406824147
0.1036745406824147
0.1036745406824147
0.1036745406824147
0.1036745406824147
0.1036745406824147
0.1036745406824147
0.1036745406824147
0.1036745406824147
0.1036745406824147
0.1036745406824147
0.10382035578885973
0.10396617089530476
0.10396617089530476
0.10396617089530476
0.10411198600174978
0.10411198600174978
0.10411198600174978
0.10411198600174978
0.10411198600174978
0.10411198600174978
0.10411198600174978
0.10425780110819481
0.10425780110819481
0.10425780110819481
0.10425780110819481
0.10425780110819481
0.10425780110819481
0.10425780110819481
0.10425780110819481
0.10425780110819481
0.10425780110819481
0.10425780110819481
0.10425780110819481
0.10425780110819481
0.10425780110819481
0.10425780110819481
0.10425780110819481
0.10425780110819481
0.10425780110819481
0.10425780110819481
0.10425780110819481
0.10425780110819481
0.10425780110819481
0.10425780110819481
0.10425780110819481
0.10425780110819481
0.10425780110819481
0.10425780110819481
0.10425780110819481
0.10425780110819481
0.10425780110819481
0.10425780110819481
0.10440361621463984
0.10440361621463984
0.10440361621463984
0.10440361621463984
0.10440361621463984
0.10440361621463984
0.10440361621463984
0.10440361621463984
0.10440361621463984
0.10440361621463984
0.10440361621463984
0.10440361621463984
0.10440361621463984
0.10440361621463984
0.10440361621463984
0.10440361621463984
0.10440361621463984
0.10454943132108487
0.10454943132108487
0.10454943132108487
0.10454943132108487
0.10469524642752989
0.10469524642752989
0.10469524642752989
0.10469524642752989
0.10469524642752989
0.10469524642752989
0.10469524642752989
0.10469524642752989
0.10469524642752989
0.10469524642752989
0.10469524642752989
0.10469524642752989
0.10469524642752989
0.10469524642752989
0.10469524642752989
0.10469524642752989
0.10469524642752989
0.10469524642752989
0.10469524642752989
0.10469524642752989
0.10469524642752989
0.10469524642752989
0.10469524642752989
0.10484106153397492
0.10484106153397492
0.10484106153397492
0.10484106153397492
0.10484106153397492
0.10484106153397492
0.10484106153397492
0.10484106153397492
0.10484106153397492
0.10484106153397492
0.10484106153397492
0.10484106153397492
0.10484106153397492
0.10484106153397492
0.10484106153397492
0.10484106153397492
0.10484106153397492
0.10484106153397492
0.10484106153397492
0.10484106153397492
0.10484106153397492
0.10484106153397492
0.10484106153397492
0.10498687664041995
0.10498687664041995
0.10498687664041995
0.10498687664041995
0.10498687664041995
0.10498687664041995
0.10498687664041995
0.10498687664041995
0.10498687664041995
0.10498687664041995
0.10498687664041995
0.10498687664041995
0.10498687664041995
0.10498687664041995
0.10498687664041995
0.10498687664041995
0.10498687664041995
0.10498687664041995
0.10498687664041995
0.10498687664041995
0.10498687664041995
0.10498687664041995
0.10498687664041995
0.10498687664041995
0.10498687664041995
0.10513269174686497
0.10513269174686497
0.10513269174686497
0.10513269174686497
0.10513269174686497
0.10513269174686497
0.10513269174686497
0.10513269174686497
0.10513269174686497
0.10513269174686497
0.10513269174686497
0.10527850685331
0.10527850685331
0.10527850685331
0.10527850685331
0.10542432195975503
0.10542432195975503
0.10542432195975503
0.10542432195975503
0.10542432195975503
0.10542432195975503
0.10542432195975503
