0.0032079323417906094
0.01531058617672791
0.01603966170895305
0.018810148731408575
0.020705745115193935
0.02216389617964421
0.022747156605424323
0.02289297171186935
0.02289297171186935
0.024496937882764653
0.024496937882764653
0.025080198308544764
0.025080198308544764
0.025080198308544764
0.025080198308544764
0.025080198308544764
0.025080198308544764
0.025080198308544764
0.025080198308544764
0.025809273840769902
0.025955088947214933
0.025955088947214933
0.026392534266550013
0.026392534266550013
0.026392534266550013
0.026392534266550013
0.026392534266550013
0.026392534266550013
0.026392534266550013
0.026392534266550013
0.026392534266550013
0.026392534266550013
0.026392534266550013
0.026538349372995044
0.026538349372995044
0.02668416447944007
0.02668416447944007
0.02668416447944007
0.026975794692330125
0.026975794692330125
0.026975794692330125
0.026975794692330125
0.026975794692330125
0.026975794692330125
0.026975794692330125
0.026975794692330125
0.026975794692330125
0.02712160979877515
0.02741324001166521
0.02741324001166521
0.02741324001166521
0.02741324001166521
0.02741324001166521
0.027559055118110236
0.027559055118110236
0.027559055118110236
0.027559055118110236
0.027559055118110236
0.027559055118110236
0.027559055118110236
0.027559055118110236
0.027559055118110236
0.027559055118110236
0.027559055118110236
0.027559055118110236
0.027559055118110236
0.027704870224555263
0.027704870224555263
0.027704870224555263
0.0284339457567804
0.0284339457567804
0.0284339457567804
0.0284339457567804
0.02857976086322543
0.028725575969670458
0.028725575969670458
0.028725575969670458
0.028725575969670458
0.028725575969670458
0.028725575969670458
0.028871391076115485
0.028871391076115485
0.028871391076115485
0.028871391076115485
0.028871391076115485
0.028871391076115485
0.028871391076115485
0.028871391076115485
0.028871391076115485
0.028871391076115485
0.028871391076115485
0.028871391076115485
0.028871391076115485
0.029017206182560512
0.029017206182560512
0.029017206182560512
0.029017206182560512
0.029017206182560512
0.029017206182560512
0.029017206182560512
0.029017206182560512
0.029017206182560512
0.029017206182560512
0.029017206182560512
0.029017206182560512
0.029017206182560512
0.029017206182560512
0.029017206182560512
0.029600466608340623
0.029600466608340623
0.029600466608340623
0.029600466608340623
0.029600466608340623
0.02974628171478565
0.02974628171478565
0.02974628171478565
0.03164187809857101
0.03164187809857101
0.03178769320501604
0.03178769320501604
0.03178769320501604
0.03178769320501604
0.03178769320501604
0.031933508311461065
0.031933508311461065
0.031933508311461065
0.031933508311461065
0.031933508311461065
0.031933508311461065
0.031933508311461065
0.031933508311461065
0.0320793234179061
0.0320793234179061
0.0320793234179061
0.0320793234179061
0.03237095363079615
0.03237095363079615
0.03237095363079615
0.03237095363079615
0.03237095363079615
0.03237095363079615
0.03237095363079615
0.03237095363079615
0.03237095363079615
0.03237095363079615
0.03237095363079615
0.03237095363079615
0.03237095363079615
0.03237095363079615
0.03237095363079615
0.03237095363079615
0.03237095363079615
0.03237095363079615
0.03237095363079615
0.03237095363079615
0.03237095363079615
0.03237095363079615
0.03237095363079615
0.03237095363079615
0.03237095363079615
0.03237095363079615
0.03237095363079615
0.03237095363079615
0.03237095363079615
0.03310002916302129
0.03310002916302129
0.03310002916302129
0.03310002916302129
0.03310002916302129
0.033245844269466314
0.033245844269466314
0.033245844269466314
0.033245844269466314
0.033245844269466314
0.033245844269466314
0.033245844269466314
0.03339165937591135
0.03339165937591135
0.03339165937591135
0.03339165937591135
0.03339165937591135
0.03339165937591135
0.03339165937591135
0.03339165937591135
0.03339165937591135
0.03339165937591135
0.03339165937591135
0.03339165937591135
0.03339165937591135
0.03339165937591135
0.03339165937591135
0.03339165937591135
0.033537474482356375
0.033537474482356375
0.033537474482356375
0.033537474482356375
0.033537474482356375
0.033537474482356375
0.033537474482356375
0.033537474482356375
0.033537474482356375
0.033537474482356375
0.033537474482356375
0.033537474482356375
0.033537474482356375
0.033537474482356375
0.033537474482356375
0.033537474482356375
0.033537474482356375
0.033537474482356375
0.033537474482356375
0.033537474482356375
0.033537474482356375
0.033537474482356375
0.033537474482356375
0.033537474482356375
0.033537474482356375
0.033537474482356375
0.033537474482356375
0.033537474482356375
0.033537474482356375
0.0336832895888014
0.0336832895888014
0.0336832895888014
0.0336832895888014
0.0336832895888014
0.0336832895888014
0.0336832895888014
0.0336832895888014
0.0336832895888014
0.0336832895888014
0.03382910469524643
0.03382910469524643
0.03412073490813648
0.03412073490813648
0.03412073490813648
0.03412073490813648
0.03412073490813648
0.03412073490813648
0.03412073490813648
0.03412073490813648
0.03412073490813648
0.03412073490813648
0.03412073490813648
0.03412073490813648
0.03426655001458151
0.03426655001458151
0.03426655001458151
0.034412365121026536
0.034412365121026536
0.034412365121026536
0.034849810440361624
0.034849810440361624
0.034849810440361624
0.034849810440361624
0.034849810440361624
0.034849810440361624
0.034849810440361624
0.034849810440361624
0.034849810440361624
0.034849810440361624
0.034849810440361624
0.034849810440361624
0.034849810440361624
0.034849810440361624
0.034849810440361624
0.034849810440361624
0.034849810440361624
0.034849810440361624
0.034849810440361624
0.034849810440361624
0.034849810440361624
0.034849810440361624
0.034849810440361624
0.034849810440361624
0.034849810440361624
0.034849810440361624
0.034849810440361624
0.034849810440361624
0.034849810440361624
0.03514144065325168
0.03514144065325168
0.03514144065325168
0.03514144065325168
0.03514144065325168
0.03514144065325168
0.03514144065325168
0.03514144065325168
0.03514144065325168
0.03514144065325168
0.03514144065325168
0.03514144065325168
0.03514144065325168
0.03514144065325168
0.03514144065325168
0.03514144065325168
0.03514144065325168
0.03514144065325168
0.036016331291921846
0.036016331291921846
0.036016331291921846
0.036016331291921846
0.036016331291921846
0.036016331291921846
0.036016331291921846
0.036016331291921846
0.03616214639836687
0.03616214639836687
0.03645377661125693
0.037037037037037035
0.037037037037037035
0.037037037037037035
0.037037037037037035
0.037037037037037035
0.037328667249927096
0.037328667249927096
0.037328667249927096
0.037328667249927096
0.037328667249927096
0.037328667249927096
0.037328667249927096
0.037328667249927096
0.037328667249927096
0.037328667249927096
0.037328667249927096
0.03747448235637212
0.03776611256926218
0.03776611256926218
0.03776611256926218
0.03776611256926218
0.03776611256926218
0.03776611256926218
0.03776611256926218
0.03776611256926218
0.03776611256926218
0.037911927675707204
0.037911927675707204
0.037911927675707204
0.037911927675707204
0.037911927675707204
0.037911927675707204
0.037911927675707204
0.037911927675707204
0.037911927675707204
0.037911927675707204
0.037911927675707204
0.037911927675707204
0.037911927675707204
0.037911927675707204
0.037911927675707204
0.037911927675707204
0.037911927675707204
0.037911927675707204
0.037911927675707204
0.037911927675707204
0.037911927675707204
0.037911927675707204
0.037911927675707204
0.037911927675707204
0.037911927675707204
0.037911927675707204
0.03805774278215223
0.03805774278215223
0.03805774278215223
0.03805774278215223
0.03805774278215223
0.03805774278215223
0.03805774278215223
0.03805774278215223
0.03805774278215223
0.038349372995042284
0.038349372995042284
0.03849518810148731
0.03849518810148731
0.03849518810148731
0.03849518810148731
0.03849518810148731
0.03849518810148731
0.03849518810148731
0.038641003207932345
0.038641003207932345
0.03878681831437737
0.03878681831437737
0.03878681831437737
0.0389326334208224
0.0389326334208224
0.0389326334208224
0.0389326334208224
0.0389326334208224
0.0389326334208224
0.039078448527267426
0.039078448527267426
0.039078448527267426
0.039078448527267426
0.039078448527267426
0.039078448527267426
0.039078448527267426
0.039078448527267426
0.039078448527267426
0.039078448527267426
0.039078448527267426
0.039078448527267426
0.039078448527267426
0.039078448527267426
0.039078448527267426
0.039078448527267426
0.039078448527267426
0.039078448527267426
0.039078448527267426
0.039078448527267426
0.039078448527267426
0.039078448527267426
0.039078448527267426
0.039078448527267426
0.039078448527267426
0.039078448527267426
0.039078448527267426
0.039953339165937594
0.039953339165937594
0.039953339165937594
0.039953339165937594
0.04009915427238262
0.04009915427238262
0.04009915427238262
0.04009915427238262
0.04009915427238262
0.04009915427238262
0.04009915427238262
0.04009915427238262
0.04009915427238262
0.04009915427238262
0.04009915427238262
0.04024496937882765
0.04024496937882765
0.04024496937882765
0.04024496937882765
0.0405365995917177
0.0405365995917177
0.0405365995917177
0.0405365995917177
0.0405365995917177
0.04068241469816273
0.04068241469816273
0.04068241469816273
0.04068241469816273
0.04068241469816273
0.04068241469816273
0.04068241469816273
0.04068241469816273
0.04068241469816273
0.04068241469816273
0.04068241469816273
0.04068241469816273
0.04068241469816273
0.04068241469816273
0.04068241469816273
0.04068241469816273
0.04068241469816273
0.04068241469816273
0.04068241469816273
0.04068241469816273
0.04068241469816273
0.04068241469816273
0.04097404491105278
0.04097404491105278
0.04097404491105278
0.04097404491105278
0.04097404491105278
0.04097404491105278
0.04097404491105278
0.04111986001749781
0.04111986001749781
0.04111986001749781
0.04111986001749781
0.04111986001749781
0.04111986001749781
0.04111986001749781
0.04111986001749781
0.04111986001749781
0.04111986001749781
0.04111986001749781
0.04111986001749781
0.04111986001749781
0.04111986001749781
0.04111986001749781
0.04111986001749781
0.04111986001749781
0.04111986001749781
0.04111986001749781
0.04111986001749781
0.04111986001749781
0.04111986001749781
0.04111986001749781
0.04111986001749781
0.04111986001749781
0.04111986001749781
0.04111986001749781
0.041265675123942844
0.041265675123942844
0.041265675123942844
0.041265675123942844
0.041265675123942844
0.041265675123942844
0.041265675123942844
0.041265675123942844
0.041265675123942844
0.041265675123942844
0.041265675123942844
0.041265675123942844
0.041265675123942844
0.041265675123942844
0.041265675123942844
0.041265675123942844
0.041265675123942844
0.041265675123942844
0.041265675123942844
0.041265675123942844
0.04184893554972295
0.04184893554972295
0.04184893554972295
0.04184893554972295
0.04184893554972295
0.04184893554972295
0.04184893554972295
0.04184893554972295
0.04184893554972295
0.04184893554972295
0.04184893554972295
0.04184893554972295
0.04184893554972295
0.04184893554972295
0.04184893554972295
0.04199475065616798
0.04199475065616798
0.042140565762613005
0.042140565762613005
0.042140565762613005
0.042140565762613005
0.042140565762613005
0.042140565762613005
0.042140565762613005
0.042140565762613005
0.042140565762613005
0.042140565762613005
0.042140565762613005
0.042140565762613005
0.042140565762613005
0.042140565762613005
0.042140565762613005
0.042140565762613005
0.042140565762613005
0.042140565762613005
0.042140565762613005
0.042140565762613005
0.042140565762613005
0.042140565762613005
0.042140565762613005
0.042140565762613005
0.042140565762613005
0.042140565762613005
0.042140565762613005
0.042140565762613005
0.042140565762613005
0.042140565762613005
0.042140565762613005
0.04228638086905803
0.04228638086905803
0.04228638086905803
0.04228638086905803
0.04228638086905803
0.04228638086905803
0.04228638086905803
0.04228638086905803
0.04228638086905803
0.04228638086905803
0.04228638086905803
0.04228638086905803
0.04228638086905803
0.04228638086905803
0.04228638086905803
0.04228638086905803
0.04228638086905803
0.04228638086905803
0.04228638086905803
0.04228638086905803
0.04228638086905803
0.04228638086905803
0.04228638086905803
0.04228638086905803
0.04228638086905803
0.04228638086905803
0.04228638086905803
0.04228638086905803
0.04228638086905803
0.04228638086905803
0.04228638086905803
0.04228638086905803
0.04228638086905803
0.04228638086905803
0.04228638086905803
0.04228638086905803
0.04228638086905803
0.04228638086905803
0.04228638086905803
0.04228638086905803
0.04228638086905803
0.04228638086905803
0.04228638086905803
0.04228638086905803
0.04228638086905803
0.04228638086905803
0.04228638086905803
0.04228638086905803
0.04228638086905803
0.04228638086905803
0.04228638086905803
0.04228638086905803
0.04257801108194809
0.04257801108194809
0.04257801108194809
0.04257801108194809
0.04257801108194809
0.04257801108194809
0.04257801108194809
0.04257801108194809
0.04257801108194809
0.04257801108194809
0.04257801108194809
0.04257801108194809
0.04257801108194809
0.04257801108194809
0.04257801108194809
0.04257801108194809
0.04257801108194809
0.04257801108194809
0.04257801108194809
0.04257801108194809
0.04257801108194809
0.04257801108194809
0.04257801108194809
0.04257801108194809
0.04257801108194809
0.04257801108194809
0.04257801108194809
0.04257801108194809
0.04257801108194809
0.04257801108194809
0.04257801108194809
0.04257801108194809
0.04257801108194809
0.04257801108194809
0.04257801108194809
0.04257801108194809
0.04257801108194809
0.04257801108194809
0.04257801108194809
0.04257801108194809
0.04257801108194809
0.04257801108194809
0.04257801108194809
0.04257801108194809
0.04257801108194809
0.04257801108194809
0.04257801108194809
0.04257801108194809
0.04257801108194809
0.04257801108194809
0.04257801108194809
0.04257801108194809
0.04257801108194809
0.04257801108194809
0.04257801108194809
0.04257801108194809
0.04257801108194809
0.04257801108194809
0.04257801108194809
0.04257801108194809
0.04257801108194809
0.04330708661417323
0.04330708661417323
0.04330708661417323
0.04330708661417323
0.04330708661417323
0.04330708661417323
0.04330708661417323
0.04330708661417323
0.04359871682706328
0.04359871682706328
0.04359871682706328
0.04359871682706328
0.04359871682706328
0.04359871682706328
0.04359871682706328
0.04389034703995334
0.04389034703995334
0.04389034703995334
0.04389034703995334
0.04389034703995334
0.04389034703995334
0.04389034703995334
0.04389034703995334
0.04389034703995334
0.04389034703995334
0.04389034703995334
0.04389034703995334
0.04389034703995334
0.04389034703995334
0.04389034703995334
0.04389034703995334
0.04389034703995334
0.04389034703995334
0.04403616214639837
0.04403616214639837
0.04403616214639837
0.04403616214639837
0.04403616214639837
0.04403616214639837
0.04403616214639837
0.04403616214639837
0.04403616214639837
0.04403616214639837
0.04403616214639837
0.04403616214639837
0.04403616214639837
0.04403616214639837
0.04403616214639837
0.04403616214639837
0.04403616214639837
0.04403616214639837
0.04403616214639837
0.04403616214639837
0.04403616214639837
0.04403616214639837
0.04403616214639837
0.04403616214639837
0.04403616214639837
0.04403616214639837
0.04403616214639837
0.04403616214639837
0.04403616214639837
0.04403616214639837
0.04403616214639837
0.04403616214639837
0.04403616214639837
0.04403616214639837
0.04403616214639837
0.04403616214639837
0.04403616214639837
0.04403616214639837
0.04403616214639837
0.04403616214639837
0.04403616214639837
0.044181977252843396
0.044181977252843396
0.044181977252843396
0.044181977252843396
0.044181977252843396
0.044181977252843396
0.044181977252843396
0.044181977252843396
0.044181977252843396
0.044181977252843396
0.044181977252843396
0.044181977252843396
0.044181977252843396
0.044181977252843396
0.044181977252843396
0.04432779235928842
0.04432779235928842
0.04432779235928842
0.04432779235928842
0.04432779235928842
0.04432779235928842
0.04432779235928842
0.04432779235928842
0.04432779235928842
0.04432779235928842
0.04432779235928842
0.04432779235928842
0.04432779235928842
0.04432779235928842
0.04432779235928842
0.04432779235928842
0.04432779235928842
0.04432779235928842
0.04432779235928842
0.04461942257217848
0.04461942257217848
0.04461942257217848
0.04461942257217848
0.04461942257217848
0.04461942257217848
0.04461942257217848
0.04461942257217848
0.04461942257217848
0.04461942257217848
0.04461942257217848
0.04461942257217848
0.04461942257217848
0.04461942257217848
0.04461942257217848
0.04461942257217848
0.04461942257217848
0.04461942257217848
0.04461942257217848
0.04461942257217848
0.04461942257217848
0.04461942257217848
0.04461942257217848
0.04461942257217848
0.04461942257217848
0.04461942257217848
0.04461942257217848
0.04461942257217848
0.04461942257217848
0.04461942257217848
0.04461942257217848
0.04461942257217848
0.04461942257217848
0.04461942257217848
0.04461942257217848
0.04461942257217848
0.04461942257217848
0.04461942257217848
0.04461942257217848
0.04461942257217848
0.04461942257217848
0.04461942257217848
0.04461942257217848
0.04461942257217848
0.04461942257217848
0.04461942257217848
0.04461942257217848
0.04461942257217848
0.04461942257217848
0.04461942257217848
0.04461942257217848
0.04534849810440362
0.04534849810440362
0.04534849810440362
0.04534849810440362
0.04534849810440362
0.04534849810440362
0.04534849810440362
0.04534849810440362
0.04534849810440362
0.04534849810440362
0.04534849810440362
0.04534849810440362
0.04534849810440362
0.04534849810440362
0.04534849810440362
0.04534849810440362
0.04534849810440362
0.04534849810440362
0.04534849810440362
0.04534849810440362
0.04534849810440362
0.04534849810440362
0.04534849810440362
0.04534849810440362
0.04534849810440362
0.04534849810440362
0.04534849810440362
0.04534849810440362
0.04534849810440362
0.04534849810440362
0.04534849810440362
0.04534849810440362
0.04534849810440362
0.04534849810440362
0.04534849810440362
0.04564012831729367
0.04564012831729367
0.04564012831729367
0.0457859434237387
0.0457859434237387
0.0457859434237387
0.0457859434237387
0.0457859434237387
0.0457859434237387
0.0457859434237387
0.0457859434237387
0.0457859434237387
0.0457859434237387
0.0457859434237387
0.0457859434237387
0.0457859434237387
0.0457859434237387
0.0457859434237387
0.0457859434237387
0.0457859434237387
0.0457859434237387
0.0457859434237387
0.0457859434237387
0.0457859434237387
0.045931758530183726
0.045931758530183726
0.045931758530183726
0.045931758530183726
0.045931758530183726
0.045931758530183726
0.045931758530183726
0.045931758530183726
0.045931758530183726
0.045931758530183726
0.045931758530183726
0.045931758530183726
0.045931758530183726
0.045931758530183726
0.045931758530183726
0.04607757363662875
0.04607757363662875
0.04607757363662875
0.04607757363662875
0.04607757363662875
0.04607757363662875
0.04607757363662875
0.04607757363662875
0.04607757363662875
0.04607757363662875
0.04607757363662875
0.04607757363662875
0.04607757363662875
0.04607757363662875
0.04607757363662875
0.04607757363662875
0.04607757363662875
0.04607757363662875
0.04607757363662875
0.04607757363662875
0.04607757363662875
0.04636920384951881
0.04636920384951881
0.04636920384951881
0.04636920384951881
0.04636920384951881
0.04636920384951881
0.04636920384951881
0.04636920384951881
0.04636920384951881
0.04636920384951881
0.04636920384951881
0.04636920384951881
0.04636920384951881
0.04636920384951881
0.04636920384951881
0.04636920384951881
0.04636920384951881
0.04636920384951881
0.04636920384951881
0.04636920384951881
0.04636920384951881
0.04636920384951881
0.04636920384951881
0.04636920384951881
0.04636920384951881
0.04636920384951881
0.04636920384951881
0.04636920384951881
0.04636920384951881
0.04636920384951881
0.04636920384951881
0.04636920384951881
0.04636920384951881
0.04636920384951881
0.04636920384951881
0.04636920384951881
0.04636920384951881
0.04636920384951881
0.04636920384951881
0.04636920384951881
0.04636920384951881
0.04636920384951881
0.04636920384951881
0.04636920384951881
0.04636920384951881
0.04636920384951881
0.04636920384951881
0.04636920384951881
0.04651501895596384
0.04651501895596384
0.04651501895596384
0.04651501895596384
0.04651501895596384
0.04651501895596384
0.04651501895596384
0.04651501895596384
0.04651501895596384
0.04651501895596384
0.04651501895596384
0.04651501895596384
0.04651501895596384
0.04651501895596384
0.04651501895596384
0.04651501895596384
0.04651501895596384
0.04651501895596384
0.04651501895596384
0.05278506853310003
