0.005249343832020997
0.009769612131816856
0.014435695538057743
0.017497812773403325
0.019539224263633713
0.021289005540974047
0.023622047244094488
0.02537182852143482
0.02712160979877515
0.02857976086322543
0.029454651501895596
0.030037911927675708
0.03062117235345582
0.031933508311461065
0.03295421405657626
0.03339165937591135
0.03499562554680665
0.03557888597258676
0.036016331291921846
0.036599591717701954
0.03689122193059201
0.03776611256926218
0.038641003207932345
0.03937007874015748
0.03980752405949256
0.04097404491105278
0.041265675123942844
0.041703120443277925
0.04228638086905803
0.04243219597550306
0.0431612715077282
0.04330708661417323
0.043452901720618255
0.04432779235928842
0.04461942257217848
0.04520268299795859
0.045494313210848646
0.04622338874307378
0.04636920384951881
0.046806649168853895
0.04709827938174395
0.04709827938174395
0.04753572470107903
0.04797317002041412
0.0484106153397492
0.048556430446194225
0.04870224555263925
0.04884806065908428
0.04913969087197434
0.04972295129775445
0.04972295129775445
0.05045202682997959
0.050597841936424616
0.050597841936424616
0.0510352872557597
0.0510352872557597
0.051181102362204724
0.05132691746864975
0.05176436278798484
0.05205599300087489
0.05220180810731992
0.052930883639545054
0.053222513852435115
0.053222513852435115
0.053222513852435115
0.053222513852435115
0.053222513852435115
0.05351414406532517
0.05380577427821522
0.05380577427821522
0.05380577427821522
0.05395158938466025
0.054097404491105276
0.05438903470399534
0.05438903470399534
0.05482648002333042
0.0552639253426655
0.055409740449110526
0.05555555555555555
0.05599300087489064
0.05613881598133567
0.05613881598133567
0.05657626130067075
0.056722076407115775
0.0568678915135608
0.057013706620005836
0.057013706620005836
0.05730533683289589
0.05730533683289589
0.057451151939340916
0.05774278215223097
0.057888597258676
0.058326042578011085
0.058326042578011085
0.058326042578011085
0.058326042578011085
0.05847185768445611
0.05861767279090114
0.058763487897346166
0.05905511811023622
0.0594925634295713
0.0594925634295713
0.05978419364246136
0.060075823855351415
0.06022163896179644
0.06036745406824147
0.06065908428113152
0.06065908428113152
0.060950714494021584
0.06124234470691164
0.06124234470691164
0.061388159813356664
0.061388159813356664
0.061388159813356664
0.06153397491980169
0.06167979002624672
0.06167979002624672
0.061825605132691745
0.061825605132691745
0.061825605132691745
0.06197142023913677
0.0621172353455818
0.0621172353455818
0.06226305045202683
0.06226305045202683
0.06240886555847186
0.06240886555847186
0.06299212598425197
0.06299212598425197
0.06299212598425197
0.063137941090697
0.06328375619714202
0.06342957130358705
0.06342957130358705
0.0637212015164771
0.06386701662292213
0.06401283172936716
0.06401283172936716
0.0641586468358122
0.0641586468358122
0.0641586468358122
0.0641586468358122
0.0641586468358122
0.0641586468358122
0.06430446194225722
0.06459609215514728
0.06517935258092739
0.06547098279381744
0.06547098279381744
0.06547098279381744
0.0657626130067075
0.0657626130067075
0.06590842811315252
0.06590842811315252
0.06590842811315252
0.06590842811315252
0.06620005832604257
0.0663458734324876
0.0663458734324876
0.0663458734324876
0.06663750364537765
0.06663750364537765
0.06692913385826772
0.06692913385826772
0.06692913385826772
0.06692913385826772
0.06707494896471275
0.06707494896471275
0.06722076407115778
0.0673665791776028
0.0673665791776028
0.0673665791776028
0.0673665791776028
0.0673665791776028
0.0673665791776028
0.06751239428404783
0.06751239428404783
0.06751239428404783
0.06751239428404783
0.06751239428404783
0.06751239428404783
0.06765820939049286
0.06794983960338291
0.06809565470982794
0.06809565470982794
0.06809565470982794
0.06809565470982794
0.06824146981627296
0.06824146981627296
0.06838728492271799
0.06838728492271799
0.06867891513560805
0.06882473024205307
0.06882473024205307
0.0689705453484981
0.0689705453484981
0.0689705453484981
0.0689705453484981
0.0689705453484981
0.0689705453484981
0.0689705453484981
0.0689705453484981
0.0689705453484981
0.0689705453484981
0.0689705453484981
0.0689705453484981
0.0689705453484981
0.0689705453484981
0.0689705453484981
0.0689705453484981
0.06911636045494313
0.06911636045494313
0.06911636045494313
0.06911636045494313
0.06911636045494313
0.06911636045494313
0.06926217556138815
0.0694079906678332
0.06955380577427822
0.06984543598716828
0.0699912510936133
0.07028288130650336
0.07028288130650336
0.07028288130650336
0.07028288130650336
0.07042869641294838
0.07057451151939341
0.07057451151939341
0.07072032662583844
0.07086614173228346
0.07086614173228346
0.07086614173228346
0.07086614173228346
0.07086614173228346
0.07086614173228346
0.07086614173228346
0.07086614173228346
0.07086614173228346
0.07086614173228346
0.07086614173228346
0.07086614173228346
0.07086614173228346
0.07086614173228346
0.07086614173228346
0.07086614173228346
0.07101195683872849
0.07101195683872849
0.07101195683872849
0.07115777194517352
0.07115777194517352
0.07130358705161854
0.07144940215806357
0.07144940215806357
0.07144940215806357
0.07144940215806357
0.07144940215806357
0.07174103237095363
0.07174103237095363
0.07174103237095363
0.07174103237095363
0.07174103237095363
0.07174103237095363
0.07174103237095363
0.07203266258384369
0.07203266258384369
0.07203266258384369
0.07203266258384369
0.07203266258384369
0.07203266258384369
0.07217847769028872
0.07217847769028872
0.07232429279673375
0.07232429279673375
0.07232429279673375
0.07232429279673375
0.07232429279673375
0.07232429279673375
0.07232429279673375
0.07232429279673375
0.07247010790317877
0.0726159230096238
0.07276173811606883
0.07276173811606883
0.07276173811606883
0.07276173811606883
0.07290755322251385
0.07290755322251385
0.07290755322251385
0.07290755322251385
0.07290755322251385
0.07290755322251385
0.07290755322251385
0.07305336832895888
0.07305336832895888
0.07305336832895888
0.07305336832895888
0.07305336832895888
0.07305336832895888
0.07305336832895888
0.07305336832895888
0.07305336832895888
0.07334499854184894
0.07334499854184894
0.07334499854184894
0.07334499854184894
0.07334499854184894
0.07334499854184894
0.07349081364829396
0.07349081364829396
0.07349081364829396
0.07363662875473899
0.07363662875473899
0.07363662875473899
0.07363662875473899
0.07363662875473899
0.07378244386118402
0.07378244386118402
0.07378244386118402
0.07392825896762904
0.07392825896762904
0.07392825896762904
0.07392825896762904
0.07392825896762904
0.07392825896762904
0.07392825896762904
0.07392825896762904
0.07392825896762904
0.07407407407407407
0.07407407407407407
0.07407407407407407
0.07407407407407407
0.0742198891805191
0.0742198891805191
0.0742198891805191
0.0742198891805191
0.0742198891805191
0.0742198891805191
0.0742198891805191
0.0742198891805191
0.0742198891805191
0.0742198891805191
0.0742198891805191
0.0742198891805191
0.07436570428696412
0.07451151939340915
0.07451151939340915
0.07451151939340915
0.07451151939340915
0.07451151939340915
0.07465733449985419
0.07465733449985419
0.07465733449985419
0.07465733449985419
0.07465733449985419
0.07465733449985419
0.07465733449985419
0.07465733449985419
0.07465733449985419
0.07465733449985419
0.07480314960629922
0.07480314960629922
0.07494896471274425
0.07494896471274425
0.07494896471274425
0.07494896471274425
0.07494896471274425
0.07494896471274425
0.07509477981918927
0.07509477981918927
0.07509477981918927
0.07509477981918927
0.07509477981918927
0.0752405949256343
0.0752405949256343
0.0752405949256343
0.0752405949256343
0.0752405949256343
0.0752405949256343
0.0752405949256343
0.0752405949256343
0.07538641003207933
0.07538641003207933
0.07538641003207933
0.07538641003207933
0.07553222513852435
0.07553222513852435
0.07567804024496938
0.07567804024496938
0.07567804024496938
0.07567804024496938
0.07567804024496938
0.07567804024496938
0.07567804024496938
0.07567804024496938
0.07567804024496938
0.07567804024496938
0.07567804024496938
0.07567804024496938
0.07567804024496938
0.07567804024496938
0.07582385535141441
0.07582385535141441
0.07582385535141441
0.07582385535141441
0.07582385535141441
0.07582385535141441
0.07582385535141441
0.07582385535141441
0.07582385535141441
0.07596967045785943
0.07596967045785943
0.07596967045785943
0.07596967045785943
0.07596967045785943
0.07596967045785943
0.07596967045785943
0.07626130067074949
0.07626130067074949
0.07626130067074949
0.07626130067074949
0.07640711577719451
0.07640711577719451
0.07640711577719451
0.07640711577719451
0.07640711577719451
0.07640711577719451
0.07655293088363954
0.07655293088363954
0.07655293088363954
0.07655293088363954
0.07655293088363954
0.07655293088363954
0.07655293088363954
0.07655293088363954
0.07655293088363954
0.07655293088363954
0.07669874599008457
0.0768445610965296
0.0768445610965296
0.07713619130941965
0.07713619130941965
0.07713619130941965
0.07713619130941965
0.07728200641586469
0.07728200641586469
0.07728200641586469
0.07728200641586469
0.07728200641586469
0.07728200641586469
0.07728200641586469
0.07728200641586469
0.07728200641586469
0.07728200641586469
0.07728200641586469
0.07728200641586469
0.07728200641586469
0.07728200641586469
0.07728200641586469
0.07728200641586469
0.07742782152230972
0.07757363662875474
0.07757363662875474
0.07757363662875474
0.07757363662875474
0.07757363662875474
0.07757363662875474
0.07757363662875474
0.07757363662875474
0.07757363662875474
0.07757363662875474
0.07771945173519977
0.07771945173519977
0.07771945173519977
0.07771945173519977
0.0778652668416448
0.0778652668416448
0.07801108194808982
0.07801108194808982
0.07815689705453485
0.07815689705453485
0.07815689705453485
0.07815689705453485
0.07815689705453485
0.07815689705453485
0.07830271216097988
0.07830271216097988
0.07830271216097988
0.07830271216097988
0.07830271216097988
0.07830271216097988
0.07830271216097988
0.07830271216097988
0.07830271216097988
0.07830271216097988
0.07830271216097988
0.07830271216097988
0.0784485272674249
0.0784485272674249
0.0784485272674249
0.0784485272674249
0.0784485272674249
0.07874015748031496
0.07874015748031496
0.07874015748031496
0.07888597258675999
0.07888597258675999
0.07888597258675999
0.07888597258675999
0.07903178769320501
0.07903178769320501
0.07903178769320501
0.07903178769320501
0.07903178769320501
0.07903178769320501
0.07903178769320501
0.07917760279965004
0.07917760279965004
0.07917760279965004
0.07917760279965004
0.07917760279965004
0.07917760279965004
0.07917760279965004
0.07917760279965004
0.07917760279965004
0.07917760279965004
0.07917760279965004
0.07932341790609507
0.07932341790609507
0.07932341790609507
0.07932341790609507
0.07932341790609507
0.07932341790609507
0.07932341790609507
0.07932341790609507
0.07932341790609507
0.07932341790609507
0.07932341790609507
0.07932341790609507
0.07932341790609507
0.07932341790609507
0.07932341790609507
0.07932341790609507
0.07932341790609507
0.07932341790609507
0.07932341790609507
0.0794692330125401
0.0794692330125401
0.0794692330125401
0.0794692330125401
0.0794692330125401
0.0794692330125401
0.0794692330125401
0.0794692330125401
0.0794692330125401
0.0794692330125401
0.0794692330125401
0.0794692330125401
0.0794692330125401
0.0794692330125401
0.0794692330125401
0.0794692330125401
0.0794692330125401
0.0794692330125401
0.0794692330125401
0.0794692330125401
0.0794692330125401
0.0794692330125401
0.07961504811898512
0.07961504811898512
0.07961504811898512
0.07961504811898512
0.07961504811898512
0.07961504811898512
0.07961504811898512
0.07961504811898512
0.07961504811898512
0.07961504811898512
0.07961504811898512
0.07961504811898512
0.07961504811898512
0.07961504811898512
0.07961504811898512
0.07961504811898512
0.07961504811898512
0.07961504811898512
0.07961504811898512
0.07961504811898512
0.07961504811898512
0.07961504811898512
0.07961504811898512
0.07961504811898512
0.07961504811898512
0.07961504811898512
0.07961504811898512
0.07961504811898512
0.07961504811898512
0.07961504811898512
0.07961504811898512
0.07961504811898512
0.07961504811898512
0.07961504811898512
0.07961504811898512
0.07961504811898512
0.07961504811898512
0.07961504811898512
0.07961504811898512
0.07961504811898512
0.07961504811898512
0.07961504811898512
0.07961504811898512
0.07976086322543015
0.07976086322543015
0.07976086322543015
0.07976086322543015
0.07976086322543015
0.07976086322543015
0.07976086322543015
0.07976086322543015
0.07976086322543015
0.07976086322543015
0.07976086322543015
0.07976086322543015
0.07976086322543015
0.07976086322543015
0.07990667833187519
0.07990667833187519
0.07990667833187519
0.07990667833187519
0.07990667833187519
0.07990667833187519
0.07990667833187519
0.07990667833187519
0.07990667833187519
0.07990667833187519
0.07990667833187519
0.07990667833187519
0.07990667833187519
0.07990667833187519
0.07990667833187519
0.07990667833187519
0.07990667833187519
0.07990667833187519
0.07990667833187519
0.07990667833187519
0.07990667833187519
0.07990667833187519
0.07990667833187519
0.07990667833187519
0.07990667833187519
0.07990667833187519
0.07990667833187519
0.07990667833187519
0.07990667833187519
0.07990667833187519
0.07990667833187519
0.07990667833187519
0.07990667833187519
0.07990667833187519
0.07990667833187519
0.07990667833187519
0.07990667833187519
0.07990667833187519
0.07990667833187519
0.07990667833187519
0.07990667833187519
0.07990667833187519
0.07990667833187519
0.07990667833187519
0.08019830854476524
0.08019830854476524
0.08019830854476524
0.08019830854476524
0.08019830854476524
0.08019830854476524
0.08019830854476524
0.08019830854476524
0.08019830854476524
0.08019830854476524
0.08019830854476524
0.08019830854476524
0.08019830854476524
0.08034412365121027
0.08034412365121027
0.08034412365121027
0.08034412365121027
0.08034412365121027
0.08034412365121027
0.08034412365121027
0.0804899387576553
0.0804899387576553
0.08063575386410032
0.08063575386410032
0.08063575386410032
0.08063575386410032
0.08063575386410032
0.08078156897054535
0.08078156897054535
0.08078156897054535
0.08092738407699038
0.08092738407699038
0.08092738407699038
0.08092738407699038
0.08092738407699038
0.08092738407699038
0.08092738407699038
0.08092738407699038
0.08092738407699038
0.08092738407699038
0.08092738407699038
0.08092738407699038
0.08092738407699038
0.08092738407699038
0.08092738407699038
0.08092738407699038
0.08092738407699038
0.08092738407699038
0.08092738407699038
0.08092738407699038
0.08092738407699038
0.08092738407699038
0.08092738407699038
0.08092738407699038
0.08092738407699038
0.08092738407699038
0.08092738407699038
0.08092738407699038
0.08092738407699038
0.0810731991834354
0.0810731991834354
0.0810731991834354
0.0810731991834354
0.0810731991834354
0.0810731991834354
0.0810731991834354
0.0810731991834354
0.0810731991834354
0.0810731991834354
0.0810731991834354
0.0810731991834354
0.0810731991834354
0.0810731991834354
0.0810731991834354
0.0810731991834354
0.0810731991834354
0.08121901428988043
0.08121901428988043
0.08121901428988043
0.08121901428988043
0.08121901428988043
0.08136482939632546
0.08136482939632546
0.08136482939632546
0.08136482939632546
0.08136482939632546
0.08136482939632546
0.08151064450277049
0.08151064450277049
0.08151064450277049
0.08151064450277049
0.08151064450277049
0.08151064450277049
0.08151064450277049
0.08151064450277049
0.08151064450277049
0.08151064450277049
0.08151064450277049
0.08165645960921551
0.08165645960921551
0.08165645960921551
0.08165645960921551
0.08165645960921551
0.08165645960921551
0.08165645960921551
0.08165645960921551
0.08165645960921551
0.08165645960921551
0.08165645960921551
0.08165645960921551
0.08165645960921551
0.08165645960921551
0.08180227471566054
0.08180227471566054
0.08180227471566054
0.08180227471566054
0.08180227471566054
0.08180227471566054
0.08180227471566054
0.08180227471566054
0.08180227471566054
0.08180227471566054
0.08180227471566054
0.08180227471566054
0.08180227471566054
0.08180227471566054
0.08180227471566054
0.08180227471566054
0.08180227471566054
0.08180227471566054
0.08180227471566054
0.08180227471566054
0.08180227471566054
0.08180227471566054
0.08180227471566054
0.08180227471566054
0.08180227471566054
0.08194808982210557
0.08194808982210557
0.08194808982210557
0.08194808982210557
0.08194808982210557
0.08194808982210557
0.08194808982210557
0.08194808982210557
0.08194808982210557
0.08194808982210557
0.08194808982210557
0.08194808982210557
0.08194808982210557
0.08194808982210557
0.08194808982210557
0.08194808982210557
0.08194808982210557
0.08209390492855059
0.08209390492855059
0.08209390492855059
0.08209390492855059
0.08209390492855059
0.08209390492855059
0.08209390492855059
0.08209390492855059
0.08209390492855059
0.08209390492855059
0.08209390492855059
0.08209390492855059
0.08209390492855059
0.08209390492855059
0.08209390492855059
0.08209390492855059
0.08209390492855059
0.08209390492855059
0.08209390492855059
0.08223972003499562
0.08223972003499562
0.08223972003499562
0.08223972003499562
0.08238553514144065
0.08253135024788569
0.08253135024788569
0.08253135024788569
0.08253135024788569
0.08253135024788569
0.08253135024788569
0.08253135024788569
0.08253135024788569
0.08253135024788569
0.08253135024788569
0.08253135024788569
0.08267716535433071
0.08267716535433071
0.08267716535433071
0.08267716535433071
0.08267716535433071
0.08267716535433071
0.08267716535433071
0.08267716535433071
0.08267716535433071
0.08267716535433071
0.08267716535433071
0.08267716535433071
0.08267716535433071
0.08267716535433071
0.08267716535433071
0.08267716535433071
0.08267716535433071
0.08267716535433071
0.08282298046077574
0.08282298046077574
0.08282298046077574
0.08282298046077574
0.08282298046077574
0.08282298046077574
0.08296879556722077
0.08296879556722077
0.08296879556722077
0.08296879556722077
0.0831146106736658
0.0831146106736658
0.0831146106736658
0.0831146106736658
0.0831146106736658
0.0831146106736658
0.0831146106736658
0.0831146106736658
0.0831146106736658
0.0831146106736658
0.0831146106736658
0.0831146106736658
0.0831146106736658
0.0831146106736658
0.0831146106736658
0.0831146106736658
0.08326042578011082
0.08326042578011082
0.08340624088655585
0.08340624088655585
0.08340624088655585
0.08340624088655585
0.08340624088655585
0.08340624088655585
0.08340624088655585
0.08340624088655585
0.08340624088655585
0.08340624088655585
0.08340624088655585
0.08340624088655585
0.0836978710994459
0.0836978710994459
0.0836978710994459
0.0836978710994459
0.0836978710994459
0.0836978710994459
0.0836978710994459
0.0836978710994459
0.0836978710994459
0.08384368620589093
0.08384368620589093
0.08384368620589093
0.08384368620589093
0.08384368620589093
0.08384368620589093
0.08384368620589093
0.08384368620589093
0.08384368620589093
0.08384368620589093
0.08384368620589093
0.08384368620589093
0.08384368620589093
0.08384368620589093
0.08384368620589093
0.08384368620589093
0.08384368620589093
0.08384368620589093
0.08384368620589093
0.08384368620589093
0.08413531641878098
0.08413531641878098
0.08413531641878098
0.08413531641878098
0.08428113152522601
0.08428113152522601
0.08428113152522601
0.08428113152522601
0.08428113152522601
0.08428113152522601
0.08428113152522601
0.08442694663167104
0.08442694663167104
0.08442694663167104
0.08442694663167104
0.08442694663167104
0.08442694663167104
0.08442694663167104
0.08442694663167104
0.08442694663167104
0.08442694663167104
0.08442694663167104
0.08442694663167104
0.08442694663167104
0.08442694663167104
0.08442694663167104
0.08442694663167104
0.08442694663167104
0.08442694663167104
0.08442694663167104
0.08442694663167104
0.08442694663167104
0.08442694663167104
0.08442694663167104
0.08442694663167104
0.08442694663167104
0.08442694663167104
0.08442694663167104
0.08442694663167104
0.08442694663167104
0.08442694663167104
0.08442694663167104
0.08442694663167104
0.08442694663167104
0.08442694663167104
0.08442694663167104
0.08442694663167104
0.08442694663167104
0.08442694663167104
0.08442694663167104
0.08442694663167104
0.08442694663167104
0.08442694663167104
0.08442694663167104
0.08442694663167104
0.08442694663167104
