0.13281394917455017
0.1462313732764484
0.15105422617943487
0.15445495579051505
0.1580411797440178
0.16138007790762382
0.1651517962035491
0.16811970568231002
0.17059296358127743
0.17257156990045136
0.17442651332467693
0.175786805169109
0.1770852655660669
0.17807456872565386
0.1788165460953441
0.17955852346503431
0.18023866938725036
0.18110430965188895
0.18153712978420825
0.18209361281147593
0.18271192728621777
0.18351573610338218
0.18413405057812404
0.18481419650034006
0.18617448834477215
0.18666913992456563
0.1872874543993075
0.1875966116366784
0.18815309466394609
0.18840042045384284
0.18908056637605886
0.18945155506090397
0.18988437519322326
0.19050268966796513
0.19081184690533606
0.19118283559018118
0.19149199282755208
0.19192481295987138
0.19254312743461324
0.19291411611945836
0.1932232733568293
0.1935942620416744
0.19377975638409695
0.19396525072651952
0.19427440796389042
0.19452173375378717
0.19458356520126135
0.19476905954368393
0.19501638533358065
0.19514004822852904
0.19532554257095158
0.19557286836084833
0.19588202559821927
0.196129351388116
0.19625301428306435
0.19631484573053856
0.19631484573053856
0.19656217152043529
0.19656217152043529
0.19668583441538368
0.19687132875780622
0.19724231744265133
0.1973659803375997
0.19755147468002227
0.1978606319173932
0.1978606319173932
0.19804612625981574
0.19835528349718667
0.19841711494466086
0.19847894639213504
0.1986644407345576
0.1987262721820318
0.19884993507698015
0.1989735979719285
0.19903542941940272
0.19928275520929944
0.19946824955172202
0.1995300809991962
0.19965374389414456
0.19971557534161874
0.19977740678909292
0.19977740678909292
0.1999010696840413
0.20002473257898967
0.20045755271130897
0.20051938415878315
0.20070487850120572
0.2007667099486799
0.20082854139615408
0.20089037284362826
0.20107586718605083
0.20138502442342177
0.20150868731837013
0.2015705187658443
0.2016323502133185
0.20181784455574106
0.20187967600321524
0.2020033388981636
0.2020033388981636
0.2020033388981636
0.20212700179311197
0.20212700179311197
0.20212700179311197
0.20225066468806036
0.20225066468806036
0.20237432758300872
0.20268348482037965
0.202807147715328
0.2028689791628022
0.20293081061027637
0.20293081061027637
0.20293081061027637
0.20305447350522476
0.20317813640017313
0.2033017992951215
0.20361095653249242
0.203796450874915
0.20385828232238917
0.20392011376986335
0.20398194521733753
0.20404377666481172
0.2041056081122859
0.2041056081122859
0.2041674395597601
0.20435293390218265
0.20441476534965683
0.20453842824460522
0.2046002596920794
0.20466209113955358
0.20472392258702776
0.20472392258702776
0.20472392258702776
0.20484758548197612
0.2049094169294503
0.2049094169294503
0.2049094169294503
0.20497124837692451
0.20497124837692451
0.2050330798243987
0.20515674271934706
0.20515674271934706
0.20534223706176963
0.2054040685092438
0.2054040685092438
0.2054040685092438
0.2054040685092438
0.2054040685092438
0.20552773140419217
0.20558956285166635
0.20577505719408892
0.20589872008903728
0.20589872008903728
0.20608421443145983
0.20614604587893404
0.20620787732640822
0.20620787732640822
0.20620787732640822
0.20633154022135658
0.20633154022135658
0.20639337166883076
0.20639337166883076
0.20645520311630494
0.20645520311630494
0.20645520311630494
0.20651703456377915
0.20657886601125333
0.20657886601125333
0.20657886601125333
0.2066406974587275
0.2067025289062017
0.20676436035367587
0.20676436035367587
0.20676436035367587
0.20676436035367587
0.20676436035367587
0.20688802324862424
0.20694985469609845
0.20701168614357263
0.20701168614357263
0.2070735175910468
0.207135349038521
0.207135349038521
0.207135349038521
0.207135349038521
0.20719718048599517
0.20725901193346935
0.20738267482841774
0.20744450627589192
0.20744450627589192
0.20744450627589192
0.2075063377233661
0.20756816917084028
0.20756816917084028
0.20756816917084028
0.20769183206578867
0.20769183206578867
0.20769183206578867
0.20781549496073703
0.20787732640821122
0.2079391578556854
0.2079391578556854
0.2079391578556854
0.20806282075063376
0.20806282075063376
0.20812465219810797
0.20818648364558215
0.20818648364558215
0.20824831509305633
0.2083101465405305
0.2083719779880047
0.20849564088295308
0.20855747233042726
0.20868113522537562
0.208804798120324
0.20892846101527238
0.20899029246274656
0.20899029246274656
0.20899029246274656
0.20899029246274656
0.20899029246274656
0.20899029246274656
0.20911395535769492
0.20911395535769492
0.20911395535769492
0.20923761825264328
0.20936128114759167
0.20936128114759167
0.20936128114759167
0.20948494404254003
0.20948494404254003
0.2096086069374884
0.2096704383849626
0.2096704383849626
0.2096704383849626
0.2096704383849626
0.2096704383849626
0.2096704383849626
0.20979410127991097
0.20985593272738515
0.20985593272738515
0.20991776417485933
0.20991776417485933
0.20991776417485933
0.2099795956223335
0.2099795956223335
0.21004142706980772
0.21004142706980772
0.2101032585172819
0.2101032585172819
0.2101032585172819
0.21016508996475608
0.21016508996475608
0.21022692141223026
0.21035058430717862
0.21035058430717862
0.2104124157546528
0.2104124157546528
0.2104124157546528
0.2105360786496012
0.21059791009707537
0.21065974154454956
0.21065974154454956
0.21065974154454956
0.21072157299202374
0.21072157299202374
0.21072157299202374
0.21072157299202374
0.21072157299202374
0.21072157299202374
0.21072157299202374
0.21072157299202374
0.21072157299202374
0.21072157299202374
0.21072157299202374
0.21072157299202374
0.21072157299202374
0.21072157299202374
0.21078340443949792
0.21078340443949792
0.21078340443949792
0.21084523588697213
0.21084523588697213
0.21084523588697213
0.2109070673344463
0.2109070673344463
0.21103073022939467
0.21103073022939467
0.21109256167686885
0.21115439312434303
0.21115439312434303
0.21115439312434303
0.2112162245718172
0.21127805601929142
0.2113398874667656
0.21140171891423978
0.21146355036171396
0.21152538180918815
0.21152538180918815
0.21152538180918815
0.21152538180918815
0.21152538180918815
0.21158721325666233
0.21164904470413654
0.21164904470413654
0.2117727075990849
0.21189637049403326
0.21195820194150744
0.21195820194150744
0.21195820194150744
0.21195820194150744
0.21208186483645583
0.21208186483645583
0.21208186483645583
0.21208186483645583
0.21208186483645583
0.21208186483645583
0.21214369628393
0.21214369628393
0.2122055277314042
0.2122055277314042
0.21239102207382674
0.21239102207382674
0.21239102207382674
0.21239102207382674
0.21245285352130094
0.21245285352130094
0.21245285352130094
0.21251468496877512
0.2126383478637235
0.2126383478637235
0.2126383478637235
0.2126383478637235
0.2126383478637235
0.2126383478637235
0.2126383478637235
0.21270017931119767
0.21276201075867185
0.21282384220614606
0.21288567365362024
0.21288567365362024
0.21288567365362024
0.2130093365485686
0.2130093365485686
0.2130093365485686
0.21307116799604278
0.21307116799604278
0.21307116799604278
0.21319483089099117
0.21319483089099117
0.21319483089099117
0.21319483089099117
0.21325666233846535
0.21325666233846535
0.21338032523341371
0.2134421566808879
0.2134421566808879
0.2134421566808879
0.2134421566808879
0.2134421566808879
0.2134421566808879
0.21350398812836208
0.21356581957583626
0.21356581957583626
0.21356581957583626
0.21356581957583626
0.21362765102331047
0.21362765102331047
0.21362765102331047
0.21362765102331047
0.21362765102331047
0.21362765102331047
0.21362765102331047
0.21362765102331047
0.21362765102331047
0.21368948247078465
0.21368948247078465
0.21375131391825883
0.21375131391825883
0.21375131391825883
0.213813145365733
0.213813145365733
0.213813145365733
0.213813145365733
0.213813145365733
0.213813145365733
0.213813145365733
0.213813145365733
0.213813145365733
0.213813145365733
0.2138749768132072
0.2138749768132072
0.21393680826068137
0.21393680826068137
0.21393680826068137
0.21393680826068137
0.21393680826068137
0.21393680826068137
0.21406047115562976
0.21406047115562976
0.21406047115562976
0.21406047115562976
0.21406047115562976
0.21406047115562976
0.21406047115562976
0.21406047115562976
0.21406047115562976
0.21412230260310394
0.21412230260310394
0.21412230260310394
0.21412230260310394
0.21412230260310394
0.21412230260310394
0.21412230260310394
0.21412230260310394
0.21412230260310394
0.21418413405057812
0.2142459654980523
0.2142459654980523
0.2142459654980523
0.2142459654980523
0.2142459654980523
0.2142459654980523
0.21430779694552649
0.21430779694552649
0.21436962839300067
0.21436962839300067
0.21443145984047488
0.21443145984047488
0.21443145984047488
0.21443145984047488
0.21443145984047488
0.21443145984047488
0.21443145984047488
0.21443145984047488
0.21443145984047488
0.21443145984047488
0.21443145984047488
0.21443145984047488
0.21449329128794906
0.21449329128794906
0.21449329128794906
0.21449329128794906
0.21449329128794906
0.21449329128794906
0.21449329128794906
0.21449329128794906
0.21449329128794906
0.21449329128794906
0.21449329128794906
0.21449329128794906
0.21449329128794906
0.21449329128794906
0.21461695418289742
0.21461695418289742
0.2146787856303716
0.21480244852532
0.21480244852532
0.21486427997279417
0.21492611142026835
0.21498794286774253
0.2150497743152167
0.2151116057626909
0.2151734372101651
0.2151734372101651
0.2151734372101651
0.21523526865763928
0.21529710010511346
0.21535893155258765
0.21535893155258765
0.21535893155258765
0.21535893155258765
0.21542076300006183
0.21542076300006183
0.21542076300006183
0.215482594447536
0.215482594447536
0.215482594447536
0.2155444258950102
0.2155444258950102
0.2155444258950102
0.2155444258950102
0.2155444258950102
0.2155444258950102
0.2156062573424844
0.21566808878995858
0.21566808878995858
0.21572992023743276
0.21572992023743276
0.21572992023743276
0.21572992023743276
0.21572992023743276
0.21572992023743276
0.21579175168490694
0.21579175168490694
0.21579175168490694
0.21579175168490694
0.21579175168490694
0.21579175168490694
0.21579175168490694
0.21579175168490694
0.21579175168490694
0.21585358313238112
0.21585358313238112
0.21585358313238112
0.2159154145798553
0.2159154145798553
0.2159154145798553
0.2159154145798553
0.2159154145798553
0.2159154145798553
0.2159154145798553
0.2160390774748037
0.2160390774748037
0.2160390774748037
0.2160390774748037
0.2160390774748037
0.2160390774748037
0.2160390774748037
0.2160390774748037
0.21610090892227787
0.21622457181722624
0.21622457181722624
0.21628640326470042
0.21634823471217463
0.21634823471217463
0.21634823471217463
0.21634823471217463
0.21634823471217463
0.21634823471217463
0.21634823471217463
0.21634823471217463
0.2164100661596488
0.2164100661596488
0.2164100661596488
0.216471897607123
0.216471897607123
0.21653372905459717
0.21659556050207135
0.21659556050207135
0.21665739194954553
0.21665739194954553
0.21665739194954553
0.21665739194954553
0.21678105484449392
0.21678105484449392
0.21690471773944228
0.21696654918691646
0.21702838063439064
0.21702838063439064
0.21702838063439064
0.21702838063439064
0.21709021208186483
0.21715204352933903
0.21715204352933903
0.21715204352933903
0.21715204352933903
0.21715204352933903
0.21715204352933903
0.21715204352933903
0.21715204352933903
0.21715204352933903
0.21715204352933903
0.2172757064242874
0.2172757064242874
0.21739936931923576
0.21746120076670994
0.21746120076670994
0.21746120076670994
0.21746120076670994
0.21746120076670994
0.21746120076670994
0.21746120076670994
0.21746120076670994
0.21752303221418415
0.21752303221418415
0.21752303221418415
0.21752303221418415
0.21752303221418415
0.21752303221418415
0.21758486366165833
0.21758486366165833
0.2176466951091325
0.2176466951091325
0.2176466951091325
0.2177085265566067
0.21777035800408087
0.21783218945155505
0.21783218945155505
0.21783218945155505
0.21789402089902923
0.21801768379397762
0.2180795152414518
0.21814134668892599
0.21820317813640017
0.21820317813640017
0.21820317813640017
0.21820317813640017
0.21820317813640017
0.21820317813640017
0.21820317813640017
0.21826500958387435
0.21826500958387435
0.21826500958387435
0.21826500958387435
0.21826500958387435
0.21826500958387435
0.21832684103134856
0.21832684103134856
0.21832684103134856
0.21832684103134856
0.21832684103134856
0.21832684103134856
0.21832684103134856
0.21838867247882274
0.21838867247882274
0.21857416682124528
0.21857416682124528
0.21857416682124528
0.21863599826871946
0.21863599826871946
0.21882149261114203
0.21882149261114203
0.21882149261114203
0.21882149261114203
0.21882149261114203
0.21882149261114203
0.21882149261114203
0.21882149261114203
0.21882149261114203
0.21882149261114203
0.21882149261114203
0.21882149261114203
0.21882149261114203
0.21882149261114203
0.21882149261114203
0.21882149261114203
0.21882149261114203
0.2189451555060904
0.2189451555060904
0.2189451555060904
0.2189451555060904
0.2189451555060904
0.21900698695356458
0.21900698695356458
0.21900698695356458
0.21900698695356458
0.21900698695356458
0.21906881840103876
0.21906881840103876
0.21906881840103876
0.21906881840103876
0.21906881840103876
0.21906881840103876
0.21906881840103876
0.21906881840103876
0.21906881840103876
0.21906881840103876
0.21913064984851297
0.21913064984851297
0.21913064984851297
0.21913064984851297
0.21913064984851297
0.21913064984851297
0.21913064984851297
0.21913064984851297
0.21919248129598715
0.21925431274346133
0.21925431274346133
0.21925431274346133
0.21925431274346133
0.2193161441909355
0.2193779756384097
0.2193779756384097
0.2193779756384097
0.2193779756384097
0.2193779756384097
0.2193779756384097
0.2193779756384097
0.2193779756384097
0.2193779756384097
0.2193779756384097
0.21943980708588387
0.21943980708588387
0.21943980708588387
0.21950163853335808
0.21950163853335808
0.21950163853335808
0.21950163853335808
0.21950163853335808
0.21950163853335808
0.21956346998083226
0.21962530142830644
0.21962530142830644
0.21968713287578062
0.21968713287578062
0.21968713287578062
0.21968713287578062
0.21968713287578062
0.21968713287578062
0.21968713287578062
0.21968713287578062
0.21968713287578062
0.21968713287578062
0.21968713287578062
0.2197489643232548
0.2197489643232548
0.2197489643232548
0.2197489643232548
0.2197489643232548
0.2197489643232548
0.21981079577072898
0.21981079577072898
0.21981079577072898
0.21993445866567737
0.21999629011315155
0.21999629011315155
0.22005812156062574
0.22011995300809992
0.22011995300809992
0.2201817844555741
0.2201817844555741
0.2201817844555741
0.22024361590304828
0.2203054473505225
0.2203054473505225
0.2203054473505225
0.2203054473505225
0.2203054473505225
0.22036727879799667
0.22036727879799667
0.22036727879799667
0.22036727879799667
0.22036727879799667
0.22036727879799667
0.22036727879799667
0.22036727879799667
0.22042911024547085
0.22042911024547085
0.22042911024547085
0.22042911024547085
0.22042911024547085
0.22042911024547085
0.22049094169294503
0.2205527731404192
0.2205527731404192
0.2205527731404192
0.2206146045878934
0.2206764360353676
0.22073826748284178
0.22073826748284178
0.22073826748284178
0.22073826748284178
0.22073826748284178
0.22073826748284178
0.22073826748284178
0.22073826748284178
0.22073826748284178
0.22073826748284178
0.22073826748284178
0.22073826748284178
0.22073826748284178
0.22080009893031596
0.22080009893031596
0.22092376182526433
0.22092376182526433
0.22092376182526433
0.22092376182526433
0.22092376182526433
0.22092376182526433
0.2209855932727385
0.2210474247202127
0.2210474247202127
0.2210474247202127
0.2210474247202127
0.2210474247202127
0.2210474247202127
0.2210474247202127
0.2211092561676869
0.2211092561676869
0.22123291906263526
0.22123291906263526
0.22123291906263526
0.22129475051010944
0.2214184134050578
0.2214184134050578
0.2214184134050578
0.2214184134050578
0.2214184134050578
0.2214184134050578
0.2214184134050578
0.2214184134050578
0.2214184134050578
0.221480244852532
0.221480244852532
0.22160390774748037
0.22166573919495455
0.22172757064242873
0.22178940208990292
0.22178940208990292
0.22178940208990292
0.22178940208990292
0.22178940208990292
0.22178940208990292
0.22185123353737712
0.22185123353737712
0.22185123353737712
0.22185123353737712
0.22185123353737712
0.22185123353737712
0.22185123353737712
0.22185123353737712
0.22185123353737712
0.22185123353737712
0.2219130649848513
0.2219130649848513
0.2219130649848513
0.2219130649848513
0.22203672787979967
0.22203672787979967
0.22203672787979967
0.22209855932727385
0.22209855932727385
0.22209855932727385
0.22209855932727385
0.22209855932727385
0.22209855932727385
0.22209855932727385
0.22209855932727385
0.22209855932727385
0.2222222222222222
0.2222222222222222
0.2222222222222222
0.22228405366969642
0.22228405366969642
0.22228405366969642
0.22228405366969642
0.22228405366969642
0.22228405366969642
0.22228405366969642
0.22228405366969642
0.2223458851171706
0.22240771656464478
0.22240771656464478
0.22240771656464478
0.22240771656464478
0.22240771656464478
0.22240771656464478
0.22246954801211896
0.22246954801211896
0.22246954801211896
0.22253137945959314
0.22259321090706732
0.22259321090706732
0.22259321090706732
0.22259321090706732
0.22259321090706732
0.22259321090706732
0.22259321090706732
0.22265504235454153
0.22265504235454153
0.22265504235454153
0.2227168738020157
0.2227168738020157
0.2227168738020157
0.2227168738020157
0.2227168738020157
0.2227168738020157
0.2227168738020157
0.2227787052494899
0.2227787052494899
0.2227787052494899
0.2227787052494899
0.2227787052494899
0.22284053669696408
0.22284053669696408
0.22284053669696408
0.22284053669696408
0.22290236814443826
0.22290236814443826
0.22290236814443826
0.22290236814443826
0.22296419959191244
0.22296419959191244
0.22296419959191244
0.22296419959191244
0.22296419959191244
0.22296419959191244
0.22296419959191244
0.22296419959191244
0.22296419959191244
0.22296419959191244
0.22296419959191244
0.22296419959191244
0.22296419959191244
0.22296419959191244
0.22296419959191244
0.22296419959191244
0.22296419959191244
0.22296419959191244
0.22296419959191244
0.22296419959191244
0.22296419959191244
0.22296419959191244
0.22296419959191244
0.22302603103938662
0.22302603103938662
0.223149693934335
0.2232115253818092
0.2232115253818092
0.22327335682928337
0.22327335682928337
0.22333518827675755
0.22339701972423173
0.22339701972423173
0.22339701972423173
0.22339701972423173
0.22339701972423173
0.22339701972423173
0.22339701972423173
0.22339701972423173
0.22339701972423173
0.22345885117170594
0.22345885117170594
0.22345885117170594
0.22345885117170594
0.22345885117170594
0.22352068261918012
0.22352068261918012
0.22352068261918012
0.2235825140666543
0.2235825140666543
0.2235825140666543
0.2235825140666543
0.2235825140666543
0.2235825140666543
0.22364434551412848
0.22364434551412848
0.22364434551412848
0.22364434551412848
0.22364434551412848
0.22370617696160267
0.22370617696160267
0.22376800840907685
0.22376800840907685
0.22376800840907685
0.22382983985655105
0.22382983985655105
0.22382983985655105
0.22382983985655105
0.22382983985655105
0.22382983985655105
0.22382983985655105
0.22382983985655105
0.22382983985655105
0.22382983985655105
0.22382983985655105
0.22382983985655105
0.22382983985655105
0.22382983985655105
0.22395350275149942
0.22395350275149942
0.22395350275149942
0.22395350275149942
0.22395350275149942
0.2240153341989736
0.2240153341989736
0.2240153341989736
0.2240153341989736
0.22407716564644778
0.22413899709392196
0.22413899709392196
0.22413899709392196
0.22420082854139614
0.22420082854139614
0.22420082854139614
0.22420082854139614
0.22420082854139614
0.22420082854139614
0.22420082854139614
0.22420082854139614
0.22420082854139614
0.22420082854139614
0.22420082854139614
0.22420082854139614
0.22420082854139614
0.22420082854139614
0.22420082854139614
0.22420082854139614
0.22420082854139614
0.22420082854139614
0.22420082854139614
0.22420082854139614
0.22420082854139614
0.22420082854139614
0.22420082854139614
0.22420082854139614
0.22420082854139614
0.22420082854139614
0.22420082854139614
0.22420082854139614
