0.13442156680887898
0.15037408025721882
0.15581524763494714
0.15915414579855314
0.16094725777530453
0.16236938106721077
0.16416249304396216
0.1661410993631361
0.1677487169974649
0.16917084028937118
0.17071662647622582
0.1720150868731837
0.17318988437519323
0.1736845359549867
0.1746120076670995
0.1754776479317381
0.17640511964385086
0.1775180856983862
0.17813640017312804
0.17869288320039572
0.1791875347801892
0.17968218635998268
0.17992951214987943
0.18073332096704384
0.18141346688925988
0.18246460149632102
0.18283559018116613
0.18351573610338218
0.18394855623570147
0.1842577134730724
0.18487602794781427
0.18524701663265938
0.18543251097508193
0.18586533110740122
0.1860508254498238
0.18660730847709145
0.18697829716193656
0.1871637915043591
0.18741111729425586
0.18784393742657515
0.18827675755889445
0.1885240833487912
0.18877140913868792
0.18901873492858468
0.18926606071848143
0.18969888085080072
0.1901935324305942
0.19044085822049095
0.1906263525629135
0.19075001545786188
0.19112100414270697
0.1915538242750263
0.1918629815123972
0.19217213874976813
0.19254312743461324
0.19279045322451
0.19279045322451
0.1930996104618809
0.19334693625177765
0.19340876769925183
0.19365609348914858
0.19384158783157113
0.19396525072651952
0.19421257651641624
0.19433623941136463
0.19458356520126135
0.19464539664873554
0.19495455388610647
0.19501638533358065
0.19514004822852904
0.19538737401842576
0.19563469980832252
0.19582019415074506
0.19600568849316763
0.19631484573053856
0.19637667717801274
0.19662400296790947
0.19699499165275458
0.19718048599517715
0.1973659803375997
0.19767513757497063
0.1978606319173932
0.1981697891547641
0.1982934520497125
0.19847894639213504
0.1986644407345576
0.1987262721820318
0.1987262721820318
0.19891176652445433
0.19891176652445433
0.1989735979719285
0.19903542941940272
0.19928275520929944
0.19946824955172202
0.19959191244667038
0.19965374389414456
0.19983923823656713
0.1999629011315155
0.20002473257898967
0.20008656402646385
0.20027205836888642
0.2003957212638348
0.20051938415878315
0.20058121560625733
0.20058121560625733
0.20070487850120572
0.20070487850120572
0.20082854139615408
0.20095220429110244
0.20101403573857665
0.20101403573857665
0.20101403573857665
0.20113769863352501
0.20132319297594756
0.20144685587089595
0.20169418166079267
0.20169418166079267
0.20175601310826685
0.20194150745068942
0.20194150745068942
0.2020033388981636
0.20212700179311197
0.20212700179311197
0.20218883324058617
0.20225066468806036
0.20231249613553454
0.20237432758300872
0.2024361590304829
0.2024361590304829
0.2024361590304829
0.20249799047795708
0.2025598219254313
0.20268348482037965
0.202807147715328
0.2028689791628022
0.20299264205775058
0.20299264205775058
0.20317813640017313
0.20317813640017313
0.20317813640017313
0.2032399678476473
0.2032399678476473
0.20348729363754406
0.20348729363754406
0.20348729363754406
0.20361095653249242
0.2036727879799666
0.20385828232238917
0.20385828232238917
0.20398194521733753
0.20404377666481172
0.2041674395597601
0.2042292710072343
0.2042292710072343
0.20429110245470847
0.20429110245470847
0.20441476534965683
0.20453842824460522
0.2046002596920794
0.20472392258702776
0.20478575403450194
0.20478575403450194
0.20484758548197612
0.20484758548197612
0.20497124837692451
0.2050330798243987
0.20509491127187288
0.20509491127187288
0.20515674271934706
0.20521857416682124
0.20528040561429542
0.20528040561429542
0.20534223706176963
0.2054040685092438
0.205465899956718
0.205465899956718
0.205465899956718
0.20552773140419217
0.20552773140419217
0.20552773140419217
0.20552773140419217
0.20552773140419217
0.20552773140419217
0.20552773140419217
0.20565139429914053
0.20565139429914053
0.20571322574661474
0.20577505719408892
0.2058368886415631
0.2058368886415631
0.20589872008903728
0.20602238298398565
0.20608421443145983
0.20620787732640822
0.20639337166883076
0.20645520311630494
0.20645520311630494
0.20645520311630494
0.20645520311630494
0.20651703456377915
0.20651703456377915
0.20651703456377915
0.20651703456377915
0.20651703456377915
0.20657886601125333
0.2066406974587275
0.2066406974587275
0.2067025289062017
0.2067025289062017
0.20676436035367587
0.20676436035367587
0.20682619180115006
0.20688802324862424
0.20688802324862424
0.20688802324862424
0.20688802324862424
0.2070735175910468
0.2070735175910468
0.207135349038521
0.207135349038521
0.207135349038521
0.207135349038521
0.20719718048599517
0.20719718048599517
0.20719718048599517
0.20719718048599517
0.20719718048599517
0.20719718048599517
0.20719718048599517
0.20725901193346935
0.20725901193346935
0.20732084338094356
0.20732084338094356
0.20738267482841774
0.20744450627589192
0.20744450627589192
0.20744450627589192
0.20744450627589192
0.20744450627589192
0.20744450627589192
0.20744450627589192
0.2075063377233661
0.2075063377233661
0.2075063377233661
0.2075063377233661
0.20763000061831446
0.20769183206578867
0.20769183206578867
0.20769183206578867
0.20775366351326285
0.20775366351326285
0.20781549496073703
0.20781549496073703
0.20781549496073703
0.2079391578556854
0.20800098930315958
0.20800098930315958
0.20806282075063376
0.20812465219810797
0.20818648364558215
0.20818648364558215
0.20824831509305633
0.20824831509305633
0.20824831509305633
0.2083101465405305
0.20843380943547887
0.20849564088295308
0.20849564088295308
0.20849564088295308
0.20855747233042726
0.20861930377790144
0.20868113522537562
0.208804798120324
0.2088666295677982
0.20892846101527238
0.20899029246274656
0.20899029246274656
0.20899029246274656
0.20899029246274656
0.20899029246274656
0.20899029246274656
0.20899029246274656
0.20899029246274656
0.20923761825264328
0.2092994497001175
0.2092994497001175
0.20936128114759167
0.20936128114759167
0.20936128114759167
0.20942311259506585
0.20942311259506585
0.20942311259506585
0.20948494404254003
0.20948494404254003
0.20954677549001421
0.20954677549001421
0.20954677549001421
0.20954677549001421
0.20954677549001421
0.20954677549001421
0.20954677549001421
0.2096086069374884
0.2096704383849626
0.20973226983243679
0.20973226983243679
0.20973226983243679
0.20979410127991097
0.20979410127991097
0.20979410127991097
0.20985593272738515
0.20985593272738515
0.20985593272738515
0.20985593272738515
0.20991776417485933
0.2099795956223335
0.2099795956223335
0.21004142706980772
0.2101032585172819
0.2101032585172819
0.2101032585172819
0.21016508996475608
0.21016508996475608
0.21016508996475608
0.21016508996475608
0.21016508996475608
0.21022692141223026
0.21022692141223026
0.21022692141223026
0.21028875285970444
0.21028875285970444
0.21028875285970444
0.21028875285970444
0.21035058430717862
0.21035058430717862
0.21035058430717862
0.21035058430717862
0.21035058430717862
0.21035058430717862
0.2104124157546528
0.210474247202127
0.210474247202127
0.210474247202127
0.210474247202127
0.210474247202127
0.210474247202127
0.2105360786496012
0.2105360786496012
0.21065974154454956
0.21065974154454956
0.21065974154454956
0.21072157299202374
0.21084523588697213
0.2109070673344463
0.2109070673344463
0.2109070673344463
0.2109070673344463
0.2109070673344463
0.2109688987819205
0.21103073022939467
0.21103073022939467
0.21103073022939467
0.21103073022939467
0.21109256167686885
0.21115439312434303
0.2112162245718172
0.21127805601929142
0.21127805601929142
0.21127805601929142
0.21127805601929142
0.21127805601929142
0.21127805601929142
0.21127805601929142
0.2113398874667656
0.2113398874667656
0.2113398874667656
0.2113398874667656
0.2113398874667656
0.21140171891423978
0.21140171891423978
0.21140171891423978
0.21146355036171396
0.21158721325666233
0.21158721325666233
0.21164904470413654
0.21171087615161072
0.21171087615161072
0.2117727075990849
0.2117727075990849
0.21183453904655908
0.21183453904655908
0.21195820194150744
0.21202003338898165
0.21202003338898165
0.21202003338898165
0.21208186483645583
0.21208186483645583
0.21208186483645583
0.21208186483645583
0.21208186483645583
0.21208186483645583
0.21208186483645583
0.21208186483645583
0.21208186483645583
0.21208186483645583
0.21208186483645583
0.21208186483645583
0.21214369628393
0.2122055277314042
0.2122055277314042
0.21226735917887837
0.21226735917887837
0.21226735917887837
0.21232919062635255
0.21232919062635255
0.21239102207382674
0.21239102207382674
0.21239102207382674
0.21239102207382674
0.21245285352130094
0.21251468496877512
0.21251468496877512
0.21251468496877512
0.21251468496877512
0.21251468496877512
0.21251468496877512
0.2126383478637235
0.2126383478637235
0.21270017931119767
0.21276201075867185
0.21276201075867185
0.21282384220614606
0.21282384220614606
0.21282384220614606
0.21282384220614606
0.21282384220614606
0.21282384220614606
0.21294750510109442
0.21294750510109442
0.2130093365485686
0.21307116799604278
0.21307116799604278
0.21307116799604278
0.21307116799604278
0.21313299944351696
0.21313299944351696
0.21319483089099117
0.21319483089099117
0.21325666233846535
0.21325666233846535
0.21331849378593953
0.21331849378593953
0.21331849378593953
0.21338032523341371
0.21338032523341371
0.21338032523341371
0.21338032523341371
0.21338032523341371
0.2134421566808879
0.2134421566808879
0.2134421566808879
0.2134421566808879
0.21350398812836208
0.21350398812836208
0.21350398812836208
0.21356581957583626
0.21356581957583626
0.21356581957583626
0.21356581957583626
0.21356581957583626
0.21356581957583626
0.21356581957583626
0.21356581957583626
0.21362765102331047
0.21362765102331047
0.21362765102331047
0.21368948247078465
0.21375131391825883
0.21375131391825883
0.213813145365733
0.213813145365733
0.2138749768132072
0.21399863970815558
0.21399863970815558
0.21399863970815558
0.21406047115562976
0.21406047115562976
0.21406047115562976
0.21406047115562976
0.21412230260310394
0.21412230260310394
0.21412230260310394
0.21412230260310394
0.21412230260310394
0.21412230260310394
0.21412230260310394
0.21412230260310394
0.21412230260310394
0.21412230260310394
0.21412230260310394
0.21412230260310394
0.21412230260310394
0.21412230260310394
0.21412230260310394
0.21418413405057812
0.21418413405057812
0.21418413405057812
0.21418413405057812
0.21418413405057812
0.21418413405057812
0.21418413405057812
0.21418413405057812
0.2142459654980523
0.2142459654980523
0.2142459654980523
0.21430779694552649
0.21430779694552649
0.21430779694552649
0.21430779694552649
0.21436962839300067
0.21443145984047488
0.21461695418289742
0.21461695418289742
0.21461695418289742
0.21461695418289742
0.21474061707784578
0.21474061707784578
0.21474061707784578
0.21474061707784578
0.21480244852532
0.21480244852532
0.21480244852532
0.21480244852532
0.21492611142026835
0.21492611142026835
0.21492611142026835
0.21492611142026835
0.21492611142026835
0.21492611142026835
0.21492611142026835
0.21492611142026835
0.21492611142026835
0.21492611142026835
0.21492611142026835
0.21492611142026835
0.21492611142026835
0.21492611142026835
0.21498794286774253
0.21498794286774253
0.21498794286774253
0.2150497743152167
0.2150497743152167
0.2150497743152167
0.2151116057626909
0.2151734372101651
0.21529710010511346
0.21529710010511346
0.21529710010511346
0.21529710010511346
0.21529710010511346
0.21529710010511346
0.21529710010511346
0.21535893155258765
0.21535893155258765
0.21535893155258765
0.21535893155258765
0.21535893155258765
0.21542076300006183
0.21542076300006183
0.21542076300006183
0.21542076300006183
0.215482594447536
0.215482594447536
0.215482594447536
0.215482594447536
0.2155444258950102
0.21566808878995858
0.21566808878995858
0.21566808878995858
0.21566808878995858
0.21572992023743276
0.21579175168490694
0.21585358313238112
0.21585358313238112
0.21585358313238112
0.21585358313238112
0.21585358313238112
0.2159772460273295
0.2159772460273295
0.2159772460273295
0.2159772460273295
0.2159772460273295
0.2159772460273295
0.2160390774748037
0.2160390774748037
0.2160390774748037
0.2160390774748037
0.2160390774748037
0.2160390774748037
0.2160390774748037
0.2160390774748037
0.2160390774748037
0.21610090892227787
0.21610090892227787
0.21616274036975205
0.21616274036975205
0.21616274036975205
0.21622457181722624
0.21622457181722624
0.21628640326470042
0.21634823471217463
0.21634823471217463
0.21634823471217463
0.21634823471217463
0.21634823471217463
0.2164100661596488
0.2164100661596488
0.2164100661596488
0.2164100661596488
0.2164100661596488
0.2164100661596488
0.21653372905459717
0.21653372905459717
0.21653372905459717
0.21653372905459717
0.21653372905459717
0.21653372905459717
0.21653372905459717
0.21653372905459717
0.21653372905459717
0.21653372905459717
0.21653372905459717
0.21653372905459717
0.21653372905459717
0.21653372905459717
0.21653372905459717
0.21653372905459717
0.21653372905459717
0.21653372905459717
0.21653372905459717
0.21653372905459717
0.21659556050207135
0.21659556050207135
0.21659556050207135
0.21659556050207135
0.21665739194954553
0.21665739194954553
0.2167192233970197
0.2167192233970197
0.2167192233970197
0.2167192233970197
0.2167192233970197
0.2167192233970197
0.2167192233970197
0.2167192233970197
0.2167192233970197
0.2167192233970197
0.21678105484449392
0.21678105484449392
0.21678105484449392
0.21678105484449392
0.21678105484449392
0.2168428862919681
0.21690471773944228
0.21690471773944228
0.21690471773944228
0.21690471773944228
0.21690471773944228
0.21690471773944228
0.21690471773944228
0.21690471773944228
0.21690471773944228
0.21702838063439064
0.21702838063439064
0.21702838063439064
0.21709021208186483
0.21715204352933903
0.21721387497681321
0.21721387497681321
0.21721387497681321
0.21721387497681321
0.21721387497681321
0.21721387497681321
0.2172757064242874
0.2172757064242874
0.2172757064242874
0.2172757064242874
0.2172757064242874
0.2172757064242874
0.2172757064242874
0.21733753787176158
0.21733753787176158
0.21733753787176158
0.21739936931923576
0.21746120076670994
0.21746120076670994
0.21746120076670994
0.21746120076670994
0.21746120076670994
0.21752303221418415
0.21752303221418415
0.21752303221418415
0.21752303221418415
0.21752303221418415
0.21758486366165833
0.2176466951091325
0.2176466951091325
0.2176466951091325
0.2176466951091325
0.2176466951091325
0.2176466951091325
0.2176466951091325
0.2176466951091325
0.2176466951091325
0.2176466951091325
0.2177085265566067
0.21777035800408087
0.21783218945155505
0.21783218945155505
0.21783218945155505
0.21783218945155505
0.21783218945155505
0.21783218945155505
0.21783218945155505
0.21795585234650344
0.21795585234650344
0.21795585234650344
0.21795585234650344
0.21795585234650344
0.21795585234650344
0.21801768379397762
0.21801768379397762
0.21801768379397762
0.21801768379397762
0.21801768379397762
0.21801768379397762
0.21801768379397762
0.2180795152414518
0.2180795152414518
0.2180795152414518
0.2180795152414518
0.2180795152414518
0.2180795152414518
0.2180795152414518
0.2180795152414518
0.2180795152414518
0.2180795152414518
0.2180795152414518
0.2180795152414518
0.2180795152414518
0.2180795152414518
0.21814134668892599
0.21814134668892599
0.21814134668892599
0.21814134668892599
0.21820317813640017
0.21820317813640017
0.21820317813640017
0.21820317813640017
0.21820317813640017
0.21820317813640017
0.21820317813640017
0.21820317813640017
0.21820317813640017
0.21820317813640017
0.21820317813640017
0.21820317813640017
0.21820317813640017
0.21820317813640017
0.21820317813640017
0.21820317813640017
0.21820317813640017
0.21820317813640017
0.21820317813640017
0.21820317813640017
0.21820317813640017
0.21820317813640017
0.21820317813640017
0.21820317813640017
0.21820317813640017
0.21826500958387435
0.21826500958387435
0.21826500958387435
0.21826500958387435
0.21826500958387435
0.21826500958387435
0.21826500958387435
0.21826500958387435
0.21826500958387435
0.21826500958387435
0.21826500958387435
0.21826500958387435
0.21826500958387435
0.21826500958387435
0.21826500958387435
0.21826500958387435
0.21826500958387435
0.21826500958387435
0.21826500958387435
0.21826500958387435
0.21826500958387435
0.21826500958387435
0.21826500958387435
0.21826500958387435
0.21832684103134856
0.21832684103134856
0.21838867247882274
0.21845050392629692
0.21845050392629692
0.2185123353737711
0.2185123353737711
0.2185123353737711
0.2185123353737711
0.2185123353737711
0.2185123353737711
0.2185123353737711
0.2185123353737711
0.2185123353737711
0.2185123353737711
0.2185123353737711
0.21857416682124528
0.21857416682124528
0.21857416682124528
0.21857416682124528
0.21857416682124528
0.21857416682124528
0.21863599826871946
0.21869782971619364
0.21869782971619364
0.21869782971619364
0.21869782971619364
0.21869782971619364
0.21869782971619364
0.21869782971619364
0.21869782971619364
0.21875966116366785
0.21882149261114203
0.21882149261114203
0.2188833240586162
0.2189451555060904
0.2189451555060904
0.2189451555060904
0.2189451555060904
0.2189451555060904
0.2189451555060904
0.2189451555060904
0.2189451555060904
0.2189451555060904
0.2189451555060904
0.2189451555060904
0.2189451555060904
0.21900698695356458
0.21900698695356458
0.21900698695356458
0.21900698695356458
0.21900698695356458
0.21900698695356458
0.21906881840103876
0.21906881840103876
0.21906881840103876
0.21906881840103876
0.21906881840103876
0.21906881840103876
0.21906881840103876
0.21906881840103876
0.21913064984851297
0.21913064984851297
0.21919248129598715
0.21919248129598715
0.21919248129598715
0.21919248129598715
0.21925431274346133
0.21925431274346133
0.21925431274346133
0.21925431274346133
0.21925431274346133
0.21925431274346133
0.2193161441909355
0.2193161441909355
0.2193161441909355
0.2193161441909355
0.2193779756384097
0.2193779756384097
0.2193779756384097
0.2193779756384097
0.2193779756384097
0.21943980708588387
0.21943980708588387
0.21943980708588387
0.21943980708588387
0.21943980708588387
0.21943980708588387
0.21956346998083226
0.21956346998083226
0.21956346998083226
0.21956346998083226
0.21956346998083226
0.21956346998083226
0.21956346998083226
0.21956346998083226
0.21962530142830644
0.21962530142830644
0.21962530142830644
0.21968713287578062
0.21968713287578062
0.21968713287578062
0.21968713287578062
0.21968713287578062
0.21968713287578062
0.21968713287578062
0.21968713287578062
0.21968713287578062
0.21968713287578062
0.2197489643232548
0.2197489643232548
0.2197489643232548
0.2197489643232548
0.2197489643232548
0.21981079577072898
0.21981079577072898
0.21981079577072898
0.21981079577072898
0.21981079577072898
0.21987262721820316
0.21987262721820316
0.21987262721820316
0.21987262721820316
0.21987262721820316
0.21987262721820316
0.21987262721820316
0.21987262721820316
0.21993445866567737
0.21993445866567737
0.21993445866567737
0.21993445866567737
0.21993445866567737
0.21993445866567737
0.21993445866567737
0.21993445866567737
0.21993445866567737
0.21993445866567737
0.21993445866567737
0.21993445866567737
0.21993445866567737
0.21993445866567737
0.21993445866567737
0.21993445866567737
0.21993445866567737
0.21993445866567737
0.21999629011315155
0.21999629011315155
0.21999629011315155
0.21999629011315155
0.21999629011315155
0.21999629011315155
0.22005812156062574
0.22005812156062574
0.22005812156062574
0.22005812156062574
0.22005812156062574
0.22011995300809992
0.22011995300809992
0.22011995300809992
0.22011995300809992
0.22011995300809992
0.22011995300809992
0.22011995300809992
0.22011995300809992
0.22011995300809992
0.22011995300809992
0.22011995300809992
0.22011995300809992
0.22011995300809992
0.22011995300809992
0.22011995300809992
0.2201817844555741
0.2201817844555741
0.22024361590304828
0.2203054473505225
0.2203054473505225
0.22036727879799667
0.22036727879799667
0.22036727879799667
0.22042911024547085
0.22049094169294503
0.22049094169294503
0.22049094169294503
0.22049094169294503
0.22049094169294503
0.22049094169294503
0.2205527731404192
0.2205527731404192
0.2206146045878934
0.2206146045878934
0.2206146045878934
0.2206146045878934
0.2206146045878934
0.2206146045878934
0.2206146045878934
0.2206146045878934
0.2206146045878934
0.2206146045878934
