0.13442156680887898
0.15037408025721882
0.15581524763494714
0.15915414579855314
0.16094725777530453
0.16236938106721077
0.16410066159648798
0.16601743646818773
0.16743955976009398
0.16892351449947443
0.17022197489643232
0.1715822667408644
0.17300439003277066
0.17349904161256416
0.17430285042972857
0.1750448277994188
0.17621962530142832
0.17720892846101527
0.17788907438323132
0.1783218945155506
0.17906387188524084
0.17949669201756013
0.17974401780745689
0.18017683793977618
0.1808569838619922
0.1816607926791566
0.18234093860137265
0.18277375873369195
0.183453904655908
0.18357756755085636
0.18413405057812404
0.1846905336053917
0.18493785939528845
0.18524701663265938
0.18561800531750447
0.1859271625548754
0.1863599826871947
0.1867309713720398
0.18697829716193656
0.18704012860941074
0.18722562295183331
0.18753478018920422
0.18790576887404933
0.18796760032152351
0.18840042045384284
0.18858591479626538
0.18908056637605886
0.18951338650837815
0.18969888085080072
0.18982254374574908
0.18994620664069745
0.19013170098312002
0.1905645211154393
0.19087367835281024
0.1910591726952328
0.19124466703765536
0.19136832993260372
0.19149199282755208
0.1918629815123972
0.19192481295987138
0.19198664440734559
0.19217213874976813
0.1923576330921907
0.19260495888208742
0.1926667903295616
0.19285228467198418
0.19297594756693254
0.19303777901440672
0.19340876769925183
0.19353243059420022
0.19377975638409695
0.19396525072651952
0.19415074506894206
0.19427440796389042
0.19464539664873554
0.19470722809620974
0.1948308909911581
0.19501638533358065
0.1952637111234774
0.1952637111234774
0.19532554257095158
0.19551103691337415
0.19575836270327088
0.19600568849316763
0.19619118283559017
0.19631484573053856
0.1965003400729611
0.19668583441538368
0.19674766586285786
0.19687132875780622
0.19687132875780622
0.1969331602052804
0.1969331602052804
0.1970568231002288
0.19718048599517715
0.19724231744265133
0.1973041488901255
0.1973659803375997
0.1973659803375997
0.19748964323254808
0.19748964323254808
0.19761330612749645
0.19767513757497063
0.19767513757497063
0.1978606319173932
0.19798429481234156
0.19798429481234156
0.19804612625981574
0.19810795770728992
0.1981697891547641
0.1982316206022383
0.1982934520497125
0.1982934520497125
0.19847894639213504
0.19854077783960922
0.1986644407345576
0.19878810362950597
0.19891176652445433
0.1989735979719285
0.19903542941940272
0.19915909231435108
0.19922092376182526
0.19928275520929944
0.19934458665677363
0.19934458665677363
0.19934458665677363
0.1994064181042478
0.1994064181042478
0.1994064181042478
0.1994064181042478
0.1994064181042478
0.19959191244667038
0.19971557534161874
0.19977740678909292
0.19983923823656713
0.1999010696840413
0.1999010696840413
0.1999010696840413
0.1999629011315155
0.1999629011315155
0.1999629011315155
0.20008656402646385
0.20027205836888642
0.2003957212638348
0.2003957212638348
0.20051938415878315
0.20064304705373154
0.20070487850120572
0.20082854139615408
0.20089037284362826
0.20095220429110244
0.20101403573857665
0.20101403573857665
0.20113769863352501
0.2011995300809992
0.2011995300809992
0.20132319297594756
0.20138502442342177
0.2015705187658443
0.20169418166079267
0.20169418166079267
0.20169418166079267
0.20175601310826685
0.20194150745068942
0.20194150745068942
0.2020033388981636
0.2020033388981636
0.20212700179311197
0.20212700179311197
0.20218883324058617
0.20231249613553454
0.20231249613553454
0.20237432758300872
0.2024361590304829
0.2024361590304829
0.2024361590304829
0.2024361590304829
0.2024361590304829
0.20249799047795708
0.2025598219254313
0.2025598219254313
0.2025598219254313
0.2025598219254313
0.2025598219254313
0.2025598219254313
0.20262165337290547
0.20268348482037965
0.20274531626785383
0.202807147715328
0.20293081061027637
0.20299264205775058
0.20299264205775058
0.20317813640017313
0.2032399678476473
0.2033636307425957
0.2033636307425957
0.20342546219006988
0.20342546219006988
0.20342546219006988
0.20348729363754406
0.20361095653249242
0.20361095653249242
0.20361095653249242
0.20361095653249242
0.20361095653249242
0.2036727879799666
0.2036727879799666
0.20373461942744078
0.203796450874915
0.203796450874915
0.203796450874915
0.20392011376986335
0.20392011376986335
0.20404377666481172
0.20404377666481172
0.20404377666481172
0.20404377666481172
0.2041674395597601
0.2041674395597601
0.2041674395597601
0.2041674395597601
0.2041674395597601
0.2041674395597601
0.2042292710072343
0.2042292710072343
0.2042292710072343
0.2042292710072343
0.2042292710072343
0.20429110245470847
0.20429110245470847
0.20435293390218265
0.20441476534965683
0.20441476534965683
0.204476596797131
0.204476596797131
0.204476596797131
0.204476596797131
0.204476596797131
0.204476596797131
0.204476596797131
0.204476596797131
0.20453842824460522
0.20453842824460522
0.20453842824460522
0.20453842824460522
0.20453842824460522
0.2046002596920794
0.20466209113955358
0.20466209113955358
0.20472392258702776
0.20472392258702776
0.20478575403450194
0.20478575403450194
0.20484758548197612
0.20484758548197612
0.20484758548197612
0.20484758548197612
0.20497124837692451
0.20497124837692451
0.20497124837692451
0.20497124837692451
0.2050330798243987
0.20509491127187288
0.20509491127187288
0.20509491127187288
0.20515674271934706
0.20521857416682124
0.20521857416682124
0.20528040561429542
0.20528040561429542
0.20534223706176963
0.20534223706176963
0.20534223706176963
0.205465899956718
0.205465899956718
0.205465899956718
0.205465899956718
0.205465899956718
0.205465899956718
0.205465899956718
0.205465899956718
0.205465899956718
0.205465899956718
0.20558956285166635
0.20565139429914053
0.20565139429914053
0.20571322574661474
0.20577505719408892
0.20577505719408892
0.20577505719408892
0.20577505719408892
0.2058368886415631
0.2058368886415631
0.2058368886415631
0.2058368886415631
0.20589872008903728
0.20589872008903728
0.20596055153651147
0.20596055153651147
0.20602238298398565
0.20602238298398565
0.20602238298398565
0.20602238298398565
0.20614604587893404
0.20614604587893404
0.20614604587893404
0.20614604587893404
0.20614604587893404
0.20620787732640822
0.20620787732640822
0.2062697087738824
0.20639337166883076
0.20639337166883076
0.20645520311630494
0.20651703456377915
0.20651703456377915
0.20651703456377915
0.20651703456377915
0.20651703456377915
0.20651703456377915
0.20651703456377915
0.20657886601125333
0.20657886601125333
0.20657886601125333
0.20657886601125333
0.2066406974587275
0.2066406974587275
0.2066406974587275
0.20676436035367587
0.20676436035367587
0.20676436035367587
0.20676436035367587
0.20676436035367587
0.20676436035367587
0.20676436035367587
0.20676436035367587
0.20676436035367587
0.20676436035367587
0.20676436035367587
0.20676436035367587
0.20682619180115006
0.20682619180115006
0.20688802324862424
0.20688802324862424
0.20688802324862424
0.20694985469609845
0.20701168614357263
0.20701168614357263
0.20719718048599517
0.20725901193346935
0.20732084338094356
0.20738267482841774
0.20744450627589192
0.20744450627589192
0.20744450627589192
0.20744450627589192
0.20744450627589192
0.20744450627589192
0.20744450627589192
0.20756816917084028
0.20756816917084028
0.20763000061831446
0.20769183206578867
0.20769183206578867
0.20769183206578867
0.20775366351326285
0.20775366351326285
0.20775366351326285
0.20775366351326285
0.20775366351326285
0.20775366351326285
0.20775366351326285
0.20775366351326285
0.20775366351326285
0.20775366351326285
0.20775366351326285
0.20775366351326285
0.20781549496073703
0.20787732640821122
0.20787732640821122
0.20787732640821122
0.2079391578556854
0.20800098930315958
0.20806282075063376
0.20812465219810797
0.20812465219810797
0.20812465219810797
0.20812465219810797
0.20818648364558215
0.20824831509305633
0.20824831509305633
0.2083101465405305
0.2083101465405305
0.2083101465405305
0.2083719779880047
0.2083719779880047
0.2083719779880047
0.2083719779880047
0.2083719779880047
0.2083719779880047
0.2083719779880047
0.2083719779880047
0.2083719779880047
0.2083719779880047
0.2083719779880047
0.2083719779880047
0.20843380943547887
0.20849564088295308
0.20855747233042726
0.20855747233042726
0.20855747233042726
0.20861930377790144
0.20861930377790144
0.20861930377790144
0.20861930377790144
0.20861930377790144
0.20861930377790144
0.20861930377790144
0.2087429666728498
0.2087429666728498
0.208804798120324
0.208804798120324
0.208804798120324
0.208804798120324
0.208804798120324
0.2088666295677982
0.2088666295677982
0.2088666295677982
0.20892846101527238
0.20892846101527238
0.20892846101527238
0.20892846101527238
0.20892846101527238
0.20892846101527238
0.20899029246274656
0.20905212391022074
0.20911395535769492
0.2091757868051691
0.2091757868051691
0.2091757868051691
0.2091757868051691
0.2091757868051691
0.2092994497001175
0.2092994497001175
0.20936128114759167
0.20936128114759167
0.20936128114759167
0.20942311259506585
0.20942311259506585
0.20942311259506585
0.20942311259506585
0.20942311259506585
0.20942311259506585
0.20942311259506585
0.20942311259506585
0.20942311259506585
0.20942311259506585
0.20942311259506585
0.20942311259506585
0.20948494404254003
0.20948494404254003
0.20954677549001421
0.20954677549001421
0.20954677549001421
0.20954677549001421
0.20954677549001421
0.2096086069374884
0.2096704383849626
0.2096704383849626
0.2096704383849626
0.20973226983243679
0.20973226983243679
0.20973226983243679
0.20979410127991097
0.20979410127991097
0.20979410127991097
0.20991776417485933
0.2099795956223335
0.21004142706980772
0.21004142706980772
0.21004142706980772
0.21004142706980772
0.21004142706980772
0.21004142706980772
0.21004142706980772
0.21004142706980772
0.21004142706980772
0.21004142706980772
0.21004142706980772
0.21004142706980772
0.21004142706980772
0.21004142706980772
0.21004142706980772
0.21004142706980772
0.21004142706980772
0.21004142706980772
0.21004142706980772
0.21004142706980772
0.21004142706980772
0.21004142706980772
0.21004142706980772
0.21004142706980772
0.21004142706980772
0.21004142706980772
0.21004142706980772
0.21004142706980772
0.21004142706980772
0.21004142706980772
0.21004142706980772
0.2101032585172819
0.21022692141223026
0.21022692141223026
0.21028875285970444
0.21028875285970444
0.21035058430717862
0.21035058430717862
0.21035058430717862
0.21035058430717862
0.21035058430717862
0.2104124157546528
0.210474247202127
0.210474247202127
0.210474247202127
0.2105360786496012
0.21059791009707537
0.21065974154454956
0.21072157299202374
0.21078340443949792
0.21078340443949792
0.21084523588697213
0.21084523588697213
0.21084523588697213
0.21084523588697213
0.21084523588697213
0.21084523588697213
0.21084523588697213
0.21084523588697213
0.21084523588697213
0.21084523588697213
0.2109070673344463
0.2109070673344463
0.2109070673344463
0.2109070673344463
0.2109688987819205
0.2109688987819205
0.21103073022939467
0.21103073022939467
0.21103073022939467
0.2112162245718172
0.2112162245718172
0.2113398874667656
0.2113398874667656
0.2113398874667656
0.2113398874667656
0.2113398874667656
0.21140171891423978
0.21146355036171396
0.21146355036171396
0.21146355036171396
0.21146355036171396
0.21152538180918815
0.21152538180918815
0.21152538180918815
0.21152538180918815
0.21158721325666233
0.21158721325666233
0.21158721325666233
0.21158721325666233
0.21158721325666233
0.21158721325666233
0.21158721325666233
0.21158721325666233
0.21164904470413654
0.21171087615161072
0.21171087615161072
0.21183453904655908
0.21183453904655908
0.21183453904655908
0.21183453904655908
0.21189637049403326
0.21195820194150744
0.21195820194150744
0.21195820194150744
0.21195820194150744
0.21195820194150744
0.21195820194150744
0.21195820194150744
0.21195820194150744
0.21202003338898165
0.21208186483645583
0.21208186483645583
0.21208186483645583
0.21208186483645583
0.21208186483645583
0.21208186483645583
0.21214369628393
0.21214369628393
0.21214369628393
0.21214369628393
0.21214369628393
0.2122055277314042
0.21226735917887837
0.21226735917887837
0.21226735917887837
0.21226735917887837
0.21226735917887837
0.21226735917887837
0.21226735917887837
0.21232919062635255
0.21232919062635255
0.21232919062635255
0.21232919062635255
0.21239102207382674
0.21239102207382674
0.21239102207382674
0.21239102207382674
0.21239102207382674
0.21239102207382674
0.21239102207382674
0.21239102207382674
0.21245285352130094
0.21245285352130094
0.21245285352130094
0.21245285352130094
0.21245285352130094
0.21245285352130094
0.21245285352130094
0.21245285352130094
0.21245285352130094
0.21245285352130094
0.21245285352130094
0.21245285352130094
0.21251468496877512
0.21251468496877512
0.21251468496877512
0.21251468496877512
0.21251468496877512
0.21251468496877512
0.21251468496877512
0.21251468496877512
0.21251468496877512
0.2126383478637235
0.2126383478637235
0.2126383478637235
0.2126383478637235
0.21270017931119767
0.21270017931119767
0.21270017931119767
0.21270017931119767
0.21276201075867185
0.21276201075867185
0.21276201075867185
0.21276201075867185
0.21276201075867185
0.21276201075867185
0.21276201075867185
0.21276201075867185
0.21282384220614606
0.21282384220614606
0.21288567365362024
0.21288567365362024
0.21288567365362024
0.21288567365362024
0.21288567365362024
0.21288567365362024
0.21288567365362024
0.21288567365362024
0.2130093365485686
0.2130093365485686
0.2130093365485686
0.2130093365485686
0.2130093365485686
0.2130093365485686
0.2130093365485686
0.2130093365485686
0.2130093365485686
0.2130093365485686
0.21307116799604278
0.21307116799604278
0.21307116799604278
0.21307116799604278
0.21307116799604278
0.21307116799604278
0.21307116799604278
0.21313299944351696
0.21319483089099117
0.21325666233846535
0.21325666233846535
0.21325666233846535
0.21325666233846535
0.21331849378593953
0.21338032523341371
0.21338032523341371
0.21338032523341371
0.21338032523341371
0.21338032523341371
0.21338032523341371
0.21338032523341371
0.21338032523341371
0.21338032523341371
0.21338032523341371
0.21338032523341371
0.21338032523341371
0.21338032523341371
0.21338032523341371
0.2134421566808879
0.2134421566808879
0.21350398812836208
0.21350398812836208
0.21350398812836208
0.21350398812836208
0.21350398812836208
0.21350398812836208
0.21350398812836208
0.21350398812836208
0.21350398812836208
0.21350398812836208
0.21350398812836208
0.21350398812836208
0.21350398812836208
0.21350398812836208
0.21350398812836208
0.21350398812836208
0.21350398812836208
0.21350398812836208
0.21350398812836208
0.21350398812836208
0.21350398812836208
0.21350398812836208
0.21350398812836208
0.21362765102331047
0.21368948247078465
0.21368948247078465
0.21368948247078465
0.21368948247078465
0.21368948247078465
0.21375131391825883
0.21375131391825883
0.21375131391825883
0.21375131391825883
0.21375131391825883
0.21375131391825883
0.213813145365733
0.213813145365733
0.213813145365733
0.213813145365733
0.213813145365733
0.213813145365733
0.213813145365733
0.213813145365733
0.213813145365733
0.213813145365733
0.213813145365733
0.213813145365733
0.213813145365733
0.213813145365733
0.213813145365733
0.213813145365733
0.213813145365733
0.213813145365733
0.213813145365733
0.213813145365733
0.213813145365733
0.213813145365733
0.213813145365733
0.213813145365733
0.213813145365733
0.213813145365733
0.213813145365733
0.213813145365733
0.213813145365733
0.213813145365733
0.2138749768132072
0.2138749768132072
0.2138749768132072
0.21393680826068137
0.21393680826068137
0.21393680826068137
0.21393680826068137
0.21393680826068137
0.21393680826068137
0.21393680826068137
0.21393680826068137
0.21406047115562976
0.21406047115562976
0.21406047115562976
0.21406047115562976
0.21406047115562976
0.21406047115562976
0.21406047115562976
0.21406047115562976
0.21406047115562976
0.21406047115562976
0.21412230260310394
0.21418413405057812
0.21418413405057812
0.21418413405057812
0.21418413405057812
0.21418413405057812
0.21418413405057812
0.21418413405057812
0.21418413405057812
0.21418413405057812
0.2142459654980523
0.2142459654980523
0.2142459654980523
0.2142459654980523
0.2142459654980523
0.2142459654980523
0.2142459654980523
0.21430779694552649
0.21430779694552649
0.21430779694552649
0.21430779694552649
0.21430779694552649
0.21430779694552649
0.21430779694552649
0.21430779694552649
0.21430779694552649
0.21430779694552649
0.21430779694552649
0.21430779694552649
0.21430779694552649
0.21430779694552649
0.21430779694552649
0.21436962839300067
0.21436962839300067
0.21436962839300067
0.21436962839300067
0.21436962839300067
0.21436962839300067
0.21436962839300067
0.21436962839300067
0.21436962839300067
0.21443145984047488
0.21443145984047488
0.21443145984047488
0.21443145984047488
0.21443145984047488
0.21443145984047488
0.21443145984047488
0.21443145984047488
0.21443145984047488
0.21443145984047488
0.21443145984047488
0.21443145984047488
0.21443145984047488
0.21443145984047488
0.21443145984047488
0.21443145984047488
0.21443145984047488
0.21443145984047488
0.21443145984047488
0.21443145984047488
0.21443145984047488
0.21461695418289742
0.21461695418289742
0.21474061707784578
0.21474061707784578
0.21480244852532
0.21480244852532
0.21480244852532
0.21480244852532
0.21486427997279417
0.21492611142026835
0.21498794286774253
0.21498794286774253
0.21498794286774253
0.21498794286774253
0.2150497743152167
0.2150497743152167
0.2150497743152167
0.2150497743152167
0.2151116057626909
0.2151116057626909
0.2151116057626909
0.2151116057626909
0.2151734372101651
0.2151734372101651
0.2151734372101651
0.2151734372101651
0.2151734372101651
0.2151734372101651
0.2151734372101651
0.2151734372101651
0.2151734372101651
0.2151734372101651
0.2151734372101651
0.2151734372101651
0.2151734372101651
0.2151734372101651
0.2151734372101651
0.2151734372101651
0.2151734372101651
0.2151734372101651
0.2151734372101651
0.2151734372101651
0.2151734372101651
0.2151734372101651
0.2151734372101651
0.2151734372101651
0.2151734372101651
0.2151734372101651
0.2151734372101651
0.21523526865763928
0.21523526865763928
0.21523526865763928
0.21523526865763928
0.21523526865763928
0.21529710010511346
0.21529710010511346
0.21529710010511346
0.21529710010511346
0.21529710010511346
0.21529710010511346
0.21529710010511346
0.21529710010511346
0.21529710010511346
0.21529710010511346
0.21529710010511346
0.21535893155258765
0.21535893155258765
0.21535893155258765
0.21535893155258765
0.21535893155258765
0.21535893155258765
0.21535893155258765
0.21535893155258765
0.21535893155258765
0.21535893155258765
0.21535893155258765
0.21535893155258765
0.21535893155258765
0.21535893155258765
0.21535893155258765
0.21535893155258765
0.21535893155258765
0.21535893155258765
0.21535893155258765
0.21535893155258765
0.21535893155258765
0.21535893155258765
0.21535893155258765
0.21535893155258765
0.21535893155258765
0.21535893155258765
0.21535893155258765
0.21535893155258765
0.21535893155258765
0.21535893155258765
0.21535893155258765
0.21535893155258765
0.21535893155258765
0.21535893155258765
0.21535893155258765
0.21535893155258765
0.21535893155258765
0.21535893155258765
0.21542076300006183
0.21542076300006183
0.21542076300006183
0.21542076300006183
0.21542076300006183
0.21542076300006183
0.21542076300006183
0.21542076300006183
0.21542076300006183
0.21542076300006183
0.21542076300006183
0.21542076300006183
0.21542076300006183
0.21542076300006183
0.21542076300006183
0.21542076300006183
0.215482594447536
0.2155444258950102
0.2155444258950102
0.2155444258950102
0.2155444258950102
0.2156062573424844
0.2156062573424844
0.2156062573424844
0.2156062573424844
0.2156062573424844
0.2156062573424844
0.2156062573424844
0.21566808878995858
0.21572992023743276
0.21572992023743276
0.21572992023743276
0.21572992023743276
0.21572992023743276
0.21572992023743276
0.21572992023743276
0.21572992023743276
0.21572992023743276
0.21572992023743276
0.21572992023743276
0.21572992023743276
0.21572992023743276
0.21572992023743276
