0.13417424101898226
0.14635503617139678
0.1542694614480925
0.15958696593087243
0.16539912199344586
0.1686143572621035
0.1707784579237
0.17269523279539975
0.17430285042972857
0.17621962530142832
0.17764174859333456
0.17869288320039572
0.17974401780745689
0.18104247820441477
0.181784455574105
0.18295925307611452
0.18339207320843381
0.1838867247882273
0.18456687071044334
0.18561800531750447
0.1863599826871947
0.1871637915043591
0.18747294874173004
0.18827675755889445
0.18864774624373956
0.18914239782353304
0.18957521795585236
0.18988437519322326
0.19006986953564584
0.19025536387806838
0.19050268966796513
0.19068818401038767
0.19075001545786188
0.1910591726952328
0.1914301613800779
0.19161565572250047
0.19173931861744883
0.19192481295987138
0.19198664440734559
0.19211030730229395
0.19241946453966488
0.19279045322451
0.19303777901440672
0.19328510480430347
0.193470599146726
0.19390341927904534
0.1940270821739937
0.1943980708588388
0.19464539664873554
0.19476905954368393
0.19476905954368393
0.19495455388610647
0.19514004822852904
0.19520187967600322
0.1952637111234774
0.19532554257095158
0.19544920546589994
0.19557286836084833
0.1956965312557967
0.19575836270327088
0.19600568849316763
0.1960675199406418
0.19619118283559017
0.19637667717801274
0.19643850862548692
0.1965003400729611
0.1965003400729611
0.19656217152043529
0.19662400296790947
0.19662400296790947
0.19668583441538368
0.19674766586285786
0.19699499165275458
0.19711865454770297
0.19724231744265133
0.19748964323254808
0.19748964323254808
0.19761330612749645
0.19767513757497063
0.19767513757497063
0.19767513757497063
0.19767513757497063
0.1977369690224448
0.1977369690224448
0.197798800469919
0.197798800469919
0.1978606319173932
0.19798429481234156
0.1981697891547641
0.1982316206022383
0.19835528349718667
0.19854077783960922
0.19854077783960922
0.1986644407345576
0.1986644407345576
0.1987262721820318
0.1987262721820318
0.1987262721820318
0.19891176652445433
0.19903542941940272
0.19915909231435108
0.19922092376182526
0.19928275520929944
0.1994064181042478
0.1995300809991962
0.1995300809991962
0.19965374389414456
0.19971557534161874
0.19971557534161874
0.19977740678909292
0.19977740678909292
0.1999010696840413
0.1999010696840413
0.1999629011315155
0.1999629011315155
0.20002473257898967
0.20002473257898967
0.20014839547393803
0.20021022692141224
0.20027205836888642
0.2003957212638348
0.20045755271130897
0.20051938415878315
0.20051938415878315
0.20064304705373154
0.20070487850120572
0.2007667099486799
0.2007667099486799
0.2007667099486799
0.2007667099486799
0.20095220429110244
0.20107586718605083
0.20107586718605083
0.2011995300809992
0.2011995300809992
0.2011995300809992
0.20126136152847338
0.20126136152847338
0.20126136152847338
0.20138502442342177
0.20144685587089595
0.20150868731837013
0.20150868731837013
0.20150868731837013
0.20150868731837013
0.20150868731837013
0.20150868731837013
0.20150868731837013
0.2015705187658443
0.2015705187658443
0.2016323502133185
0.20175601310826685
0.20175601310826685
0.20187967600321524
0.2020033388981636
0.2020033388981636
0.20212700179311197
0.20218883324058617
0.20231249613553454
0.20231249613553454
0.20237432758300872
0.20237432758300872
0.20249799047795708
0.20249799047795708
0.2025598219254313
0.2025598219254313
0.20262165337290547
0.20268348482037965
0.20274531626785383
0.202807147715328
0.202807147715328
0.20293081061027637
0.20299264205775058
0.20305447350522476
0.20311630495269895
0.20311630495269895
0.20317813640017313
0.2032399678476473
0.2032399678476473
0.20342546219006988
0.20342546219006988
0.20342546219006988
0.20361095653249242
0.2036727879799666
0.2036727879799666
0.2036727879799666
0.20373461942744078
0.20373461942744078
0.203796450874915
0.20385828232238917
0.20385828232238917
0.20385828232238917
0.20385828232238917
0.20385828232238917
0.20385828232238917
0.20385828232238917
0.20385828232238917
0.20392011376986335
0.20392011376986335
0.20392011376986335
0.20404377666481172
0.20404377666481172
0.2041056081122859
0.2041674395597601
0.2041674395597601
0.2041674395597601
0.20429110245470847
0.20429110245470847
0.20435293390218265
0.20435293390218265
0.20441476534965683
0.2046002596920794
0.2046002596920794
0.2046002596920794
0.20472392258702776
0.20478575403450194
0.20478575403450194
0.20478575403450194
0.20478575403450194
0.20484758548197612
0.20484758548197612
0.20497124837692451
0.20497124837692451
0.2050330798243987
0.2050330798243987
0.2050330798243987
0.20515674271934706
0.20528040561429542
0.20528040561429542
0.20528040561429542
0.20528040561429542
0.20528040561429542
0.2054040685092438
0.2054040685092438
0.2054040685092438
0.205465899956718
0.20552773140419217
0.20552773140419217
0.20552773140419217
0.20552773140419217
0.20558956285166635
0.20565139429914053
0.20565139429914053
0.20565139429914053
0.20571322574661474
0.20571322574661474
0.20571322574661474
0.20571322574661474
0.20571322574661474
0.20577505719408892
0.20577505719408892
0.20577505719408892
0.2058368886415631
0.2058368886415631
0.20589872008903728
0.20596055153651147
0.20596055153651147
0.20602238298398565
0.20602238298398565
0.20602238298398565
0.20608421443145983
0.20608421443145983
0.20608421443145983
0.20608421443145983
0.20608421443145983
0.20614604587893404
0.20614604587893404
0.20620787732640822
0.2062697087738824
0.2062697087738824
0.2062697087738824
0.2062697087738824
0.2062697087738824
0.20639337166883076
0.20639337166883076
0.20645520311630494
0.20645520311630494
0.20645520311630494
0.20651703456377915
0.20657886601125333
0.2066406974587275
0.20682619180115006
0.20682619180115006
0.20682619180115006
0.20688802324862424
0.20688802324862424
0.20694985469609845
0.20694985469609845
0.20694985469609845
0.20694985469609845
0.20694985469609845
0.20694985469609845
0.2070735175910468
0.2070735175910468
0.2070735175910468
0.2070735175910468
0.2070735175910468
0.2070735175910468
0.2070735175910468
0.2070735175910468
0.20719718048599517
0.20719718048599517
0.20719718048599517
0.20719718048599517
0.20719718048599517
0.20719718048599517
0.20719718048599517
0.20719718048599517
0.20719718048599517
0.20719718048599517
0.20719718048599517
0.20719718048599517
0.20719718048599517
0.20719718048599517
0.20719718048599517
0.20719718048599517
0.20719718048599517
0.20719718048599517
0.20725901193346935
0.20732084338094356
0.20744450627589192
0.20744450627589192
0.20744450627589192
0.20744450627589192
0.20744450627589192
0.20744450627589192
0.2075063377233661
0.2075063377233661
0.20756816917084028
0.20756816917084028
0.20756816917084028
0.20756816917084028
0.20756816917084028
0.20756816917084028
0.20756816917084028
0.20756816917084028
0.20763000061831446
0.20763000061831446
0.20769183206578867
0.20769183206578867
0.20775366351326285
0.20775366351326285
0.20775366351326285
0.20775366351326285
0.20775366351326285
0.20775366351326285
0.20775366351326285
0.20781549496073703
0.20781549496073703
0.20787732640821122
0.20787732640821122
0.2079391578556854
0.20800098930315958
0.20806282075063376
0.20806282075063376
0.20806282075063376
0.20812465219810797
0.20812465219810797
0.20818648364558215
0.20824831509305633
0.2083101465405305
0.2083101465405305
0.2083719779880047
0.20843380943547887
0.20843380943547887
0.20849564088295308
0.20855747233042726
0.20861930377790144
0.20868113522537562
0.2087429666728498
0.2087429666728498
0.2087429666728498
0.2087429666728498
0.208804798120324
0.2088666295677982
0.20892846101527238
0.20892846101527238
0.20892846101527238
0.20892846101527238
0.20892846101527238
0.20892846101527238
0.20899029246274656
0.20899029246274656
0.20905212391022074
0.20911395535769492
0.2091757868051691
0.20923761825264328
0.20923761825264328
0.2092994497001175
0.20942311259506585
0.20942311259506585
0.20942311259506585
0.20948494404254003
0.20954677549001421
0.2096086069374884
0.2096086069374884
0.2096704383849626
0.2096704383849626
0.20973226983243679
0.20973226983243679
0.20979410127991097
0.20979410127991097
0.20985593272738515
0.20985593272738515
0.20985593272738515
0.20991776417485933
0.20991776417485933
0.20991776417485933
0.20991776417485933
0.20991776417485933
0.20991776417485933
0.2099795956223335
0.2099795956223335
0.2099795956223335
0.2099795956223335
0.2099795956223335
0.21004142706980772
0.21004142706980772
0.21004142706980772
0.2101032585172819
0.21016508996475608
0.21022692141223026
0.21028875285970444
0.21028875285970444
0.21028875285970444
0.21028875285970444
0.21035058430717862
0.21035058430717862
0.21035058430717862
0.21035058430717862
0.2104124157546528
0.210474247202127
0.2105360786496012
0.2105360786496012
0.21059791009707537
0.21059791009707537
0.21072157299202374
0.21078340443949792
0.21084523588697213
0.2109070673344463
0.2109070673344463
0.2109070673344463
0.2109070673344463
0.2109070673344463
0.2109070673344463
0.2109688987819205
0.2109688987819205
0.2109688987819205
0.21103073022939467
0.21103073022939467
0.21109256167686885
0.21109256167686885
0.2112162245718172
0.2112162245718172
0.2112162245718172
0.21127805601929142
0.2113398874667656
0.2113398874667656
0.2113398874667656
0.21140171891423978
0.21140171891423978
0.21140171891423978
0.21140171891423978
0.21140171891423978
0.21146355036171396
0.21152538180918815
0.21152538180918815
0.21152538180918815
0.21152538180918815
0.21152538180918815
0.21152538180918815
0.21158721325666233
0.21164904470413654
0.21164904470413654
0.21164904470413654
0.21164904470413654
0.21164904470413654
0.21164904470413654
0.21164904470413654
0.21164904470413654
0.21164904470413654
0.21164904470413654
0.21164904470413654
0.21164904470413654
0.21164904470413654
0.21164904470413654
0.21164904470413654
0.21164904470413654
0.21171087615161072
0.2117727075990849
0.2117727075990849
0.2117727075990849
0.2117727075990849
0.21183453904655908
0.21189637049403326
0.21189637049403326
0.21195820194150744
0.21195820194150744
0.21195820194150744
0.21195820194150744
0.21195820194150744
0.21202003338898165
0.21202003338898165
0.21202003338898165
0.21202003338898165
0.21202003338898165
0.21202003338898165
0.21202003338898165
0.21208186483645583
0.21208186483645583
0.21208186483645583
0.21208186483645583
0.2122055277314042
0.2122055277314042
0.2122055277314042
0.2122055277314042
0.21226735917887837
0.21226735917887837
0.21232919062635255
0.21232919062635255
0.21232919062635255
0.21232919062635255
0.21232919062635255
0.21232919062635255
0.21232919062635255
0.21232919062635255
0.21239102207382674
0.21239102207382674
0.21251468496877512
0.21251468496877512
0.21251468496877512
0.2125765164162493
0.2126383478637235
0.2126383478637235
0.2126383478637235
0.21270017931119767
0.21282384220614606
0.21282384220614606
0.21282384220614606
0.21282384220614606
0.21282384220614606
0.21282384220614606
0.21282384220614606
0.21282384220614606
0.21282384220614606
0.21282384220614606
0.21282384220614606
0.21282384220614606
0.21282384220614606
0.21282384220614606
0.21282384220614606
0.21288567365362024
0.21294750510109442
0.21294750510109442
0.21294750510109442
0.21294750510109442
0.21294750510109442
0.21307116799604278
0.21313299944351696
0.21319483089099117
0.21331849378593953
0.21338032523341371
0.21338032523341371
0.21338032523341371
0.21338032523341371
0.2134421566808879
0.2134421566808879
0.2134421566808879
0.2134421566808879
0.2134421566808879
0.2134421566808879
0.2134421566808879
0.21350398812836208
0.21350398812836208
0.21350398812836208
0.21350398812836208
0.21356581957583626
0.21362765102331047
0.21362765102331047
0.21362765102331047
0.21368948247078465
0.213813145365733
0.21393680826068137
0.21393680826068137
0.21393680826068137
0.21393680826068137
0.21393680826068137
0.21393680826068137
0.21399863970815558
0.21399863970815558
0.21399863970815558
0.21399863970815558
0.21399863970815558
0.21399863970815558
0.21399863970815558
0.21406047115562976
0.21406047115562976
0.21406047115562976
0.21406047115562976
0.21412230260310394
0.21412230260310394
0.21412230260310394
0.21412230260310394
0.21412230260310394
0.21412230260310394
0.21412230260310394
0.21412230260310394
0.21412230260310394
0.21418413405057812
0.21430779694552649
0.21436962839300067
0.21436962839300067
0.21436962839300067
0.21436962839300067
0.21436962839300067
0.21449329128794906
0.21449329128794906
0.21455512273542324
0.21455512273542324
0.21461695418289742
0.21461695418289742
0.2146787856303716
0.21474061707784578
0.21474061707784578
0.21474061707784578
0.21480244852532
0.21480244852532
0.21480244852532
0.21480244852532
0.21480244852532
0.21480244852532
0.21486427997279417
0.21492611142026835
0.21492611142026835
0.21492611142026835
0.21492611142026835
0.21492611142026835
0.21492611142026835
0.21492611142026835
0.21492611142026835
0.21492611142026835
0.21492611142026835
0.21498794286774253
0.21498794286774253
0.21498794286774253
0.2150497743152167
0.2150497743152167
0.2150497743152167
0.2151116057626909
0.2151116057626909
0.2151116057626909
0.2151116057626909
0.2151116057626909
0.2151734372101651
0.2151734372101651
0.2151734372101651
0.2151734372101651
0.2151734372101651
0.21535893155258765
0.21542076300006183
0.21542076300006183
0.21542076300006183
0.215482594447536
0.215482594447536
0.215482594447536
0.215482594447536
0.215482594447536
0.215482594447536
0.215482594447536
0.2155444258950102
0.2155444258950102
0.2156062573424844
0.21572992023743276
0.2159154145798553
0.2160390774748037
0.2160390774748037
0.21616274036975205
0.21622457181722624
0.21622457181722624
0.21622457181722624
0.21622457181722624
0.21622457181722624
0.21622457181722624
0.21622457181722624
0.21628640326470042
0.21634823471217463
0.21634823471217463
0.21634823471217463
0.21634823471217463
0.21634823471217463
0.21634823471217463
0.21634823471217463
0.21634823471217463
0.21634823471217463
0.2164100661596488
0.2164100661596488
0.216471897607123
0.216471897607123
0.216471897607123
0.216471897607123
0.21653372905459717
0.21665739194954553
0.21665739194954553
0.21665739194954553
0.21665739194954553
0.21665739194954553
0.21665739194954553
0.21665739194954553
0.21665739194954553
0.2167192233970197
0.2167192233970197
0.2167192233970197
0.2167192233970197
0.2167192233970197
0.2167192233970197
0.2167192233970197
0.2167192233970197
0.2167192233970197
0.2167192233970197
0.2167192233970197
0.2167192233970197
0.2167192233970197
0.2167192233970197
0.2167192233970197
0.2167192233970197
0.21678105484449392
0.2168428862919681
0.2168428862919681
0.2168428862919681
0.21690471773944228
0.21690471773944228
0.21696654918691646
0.21702838063439064
0.21702838063439064
0.21702838063439064
0.21702838063439064
0.21702838063439064
0.21702838063439064
0.21702838063439064
0.21702838063439064
0.21702838063439064
0.21709021208186483
0.21709021208186483
0.21709021208186483
0.21709021208186483
0.21709021208186483
0.21709021208186483
0.21709021208186483
0.21709021208186483
0.21709021208186483
0.21709021208186483
0.21709021208186483
0.21709021208186483
0.21709021208186483
0.21709021208186483
0.21709021208186483
0.21709021208186483
0.21709021208186483
0.21709021208186483
0.21709021208186483
0.21709021208186483
0.21709021208186483
0.21715204352933903
0.21715204352933903
0.21715204352933903
0.2172757064242874
0.2172757064242874
0.21733753787176158
0.21733753787176158
0.21733753787176158
0.21733753787176158
0.21739936931923576
0.21739936931923576
0.21739936931923576
0.21739936931923576
0.21739936931923576
0.21739936931923576
0.21746120076670994
0.21746120076670994
0.21746120076670994
0.21746120076670994
0.21746120076670994
0.21746120076670994
0.21746120076670994
0.21746120076670994
0.21746120076670994
0.21746120076670994
0.21746120076670994
0.21746120076670994
0.21746120076670994
0.21746120076670994
0.21746120076670994
0.21746120076670994
0.21758486366165833
0.21758486366165833
0.21758486366165833
0.21758486366165833
0.21758486366165833
0.21758486366165833
0.21758486366165833
0.21758486366165833
0.2176466951091325
0.2176466951091325
0.2176466951091325
0.2176466951091325
0.2177085265566067
0.2177085265566067
0.2177085265566067
0.2177085265566067
0.2177085265566067
0.2177085265566067
0.2177085265566067
0.21777035800408087
0.21777035800408087
0.21777035800408087
0.21777035800408087
0.21777035800408087
0.21777035800408087
0.21777035800408087
0.21777035800408087
0.21777035800408087
0.21783218945155505
0.21783218945155505
0.21783218945155505
0.21789402089902923
0.21789402089902923
0.21789402089902923
0.21789402089902923
0.21789402089902923
0.21789402089902923
0.21789402089902923
0.21789402089902923
0.21789402089902923
0.21789402089902923
0.21789402089902923
0.21789402089902923
0.21789402089902923
0.21789402089902923
0.21789402089902923
0.21789402089902923
0.21789402089902923
0.21789402089902923
0.21789402089902923
0.21795585234650344
0.21795585234650344
0.21795585234650344
0.21801768379397762
0.2180795152414518
0.2180795152414518
0.21814134668892599
0.21814134668892599
0.21814134668892599
0.21814134668892599
0.21814134668892599
0.21814134668892599
0.21814134668892599
0.21814134668892599
0.21814134668892599
0.21820317813640017
0.21820317813640017
0.21820317813640017
0.21820317813640017
0.21820317813640017
0.21820317813640017
0.21820317813640017
0.21826500958387435
0.21826500958387435
0.21826500958387435
0.21826500958387435
0.21826500958387435
0.21826500958387435
0.21832684103134856
0.21832684103134856
0.21832684103134856
0.21832684103134856
0.21832684103134856
0.21832684103134856
0.21832684103134856
0.21832684103134856
0.21832684103134856
0.21832684103134856
0.21832684103134856
0.21832684103134856
0.21832684103134856
0.21832684103134856
0.21832684103134856
0.21832684103134856
0.21832684103134856
0.21832684103134856
0.21832684103134856
0.21838867247882274
0.21838867247882274
0.21845050392629692
0.21845050392629692
0.21845050392629692
0.21845050392629692
0.21845050392629692
0.21845050392629692
0.21845050392629692
0.21845050392629692
0.2185123353737711
0.2185123353737711
0.2185123353737711
0.2185123353737711
0.2185123353737711
0.2185123353737711
0.2185123353737711
0.2185123353737711
0.21857416682124528
0.21857416682124528
0.21857416682124528
0.21863599826871946
0.21869782971619364
0.21882149261114203
0.21882149261114203
0.21882149261114203
0.21882149261114203
0.2188833240586162
0.2188833240586162
0.2188833240586162
0.2188833240586162
0.2188833240586162
0.2188833240586162
0.2188833240586162
0.2188833240586162
0.2188833240586162
0.2189451555060904
0.2189451555060904
0.2189451555060904
0.21900698695356458
0.21900698695356458
0.21900698695356458
0.21906881840103876
0.21906881840103876
0.21906881840103876
0.21906881840103876
0.21906881840103876
0.21906881840103876
0.21906881840103876
0.21906881840103876
0.21906881840103876
0.21906881840103876
0.21906881840103876
0.21906881840103876
0.21906881840103876
0.21906881840103876
0.21906881840103876
0.21906881840103876
0.21906881840103876
0.21913064984851297
0.21913064984851297
0.21913064984851297
0.21919248129598715
0.21919248129598715
0.21919248129598715
0.21919248129598715
0.21919248129598715
0.21925431274346133
0.2193161441909355
0.2193161441909355
0.2193161441909355
0.2193161441909355
0.2193161441909355
0.2193161441909355
0.2193161441909355
0.2193779756384097
0.21943980708588387
0.21943980708588387
0.21943980708588387
0.21943980708588387
0.21943980708588387
0.21950163853335808
0.21950163853335808
0.21950163853335808
0.21950163853335808
0.21950163853335808
0.21950163853335808
0.21950163853335808
0.21956346998083226
0.21962530142830644
0.21962530142830644
0.21968713287578062
0.2197489643232548
0.2197489643232548
0.2197489643232548
0.2197489643232548
0.2197489643232548
0.2197489643232548
0.2197489643232548
0.2197489643232548
0.21981079577072898
0.21987262721820316
0.21993445866567737
0.21993445866567737
0.21993445866567737
0.21993445866567737
0.21993445866567737
0.21993445866567737
0.21993445866567737
0.21993445866567737
