0.0714153218326841
0.1098744821616274
0.12168428862919681
0.1293513881159958
0.13176281456748903
0.13244296048970505
0.1339887466765597
0.1348543869411983
0.1352253756260434
0.13584369010078526
0.13646200457552712
0.1369566561553206
0.1373276448401657
0.137760464972485
0.13813145365733012
0.13881159957954617
0.13893526247449453
0.13918258826439128
0.13936808260681383
0.13967723984418476
0.1398627341866073
0.14023372287145242
0.14041921721387499
0.14048104866134917
0.1407902058987201
0.14128485747851358
0.1415321832684103
0.14177950905830705
0.14227416063810053
0.14239782353304892
0.1424596549805231
0.14252148642799728
0.1428306436653682
0.14307796945526494
0.14320163235021333
0.14338712669263587
0.14344895814011005
0.14363445248253262
0.14381994682495516
0.14400544116737773
0.14406727261485192
0.14419093550980028
0.14419093550980028
0.14431459840474867
0.14437642985222285
0.14443826129969703
0.1445619241946454
0.14468558708959378
0.14468558708959378
0.14480924998454214
0.14480924998454214
0.1449329128794905
0.1449947443269647
0.14530390156433562
0.14567489024918073
0.14567489024918073
0.14567489024918073
0.1457985531441291
0.14586038459160328
0.14604587893402585
0.14610771038150003
0.14647869906634514
0.1466641934087677
0.1467260248562419
0.14678785630371607
0.14697335064613862
0.147097013541087
0.1471588449885612
0.14728250788350955
0.14734433933098373
0.1475298336734063
0.1475298336734063
0.1475298336734063
0.14759166512088048
0.14765349656835466
0.14777715946330303
0.14790082235825142
0.14802448525319978
0.14808631670067396
0.14808631670067396
0.14820997959562232
0.14845730538551907
0.14851913683299325
0.14851913683299325
0.14864279972794164
0.14870463117541582
0.14870463117541582
0.14876646262289
0.14889012551783837
0.14889012551783837
0.14895195696531255
0.14901378841278673
0.14907561986026094
0.1491992827552093
0.14938477709763184
0.14938477709763184
0.14938477709763184
0.14950843999258023
0.14950843999258023
0.14957027144005441
0.1496321028875286
0.14969393433500278
0.14975576578247696
0.14975576578247696
0.14975576578247696
0.14975576578247696
0.14975576578247696
0.14981759722995117
0.14981759722995117
0.14987942867742535
0.14994126012489953
0.14994126012489953
0.14994126012489953
0.14994126012489953
0.1500030915723737
0.1500030915723737
0.1500030915723737
0.15012675446732207
0.15012675446732207
0.15012675446732207
0.15018858591479625
0.15025041736227046
0.15025041736227046
0.15031224880974464
0.15037408025721882
0.15037408025721882
0.150435911704693
0.150435911704693
0.150435911704693
0.15055957459964137
0.15055957459964137
0.15055957459964137
0.15055957459964137
0.15055957459964137
0.15068323749458976
0.15068323749458976
0.15068323749458976
0.15068323749458976
0.15080690038953812
0.1508687318370123
0.1508687318370123
0.1509923947319607
0.15105422617943487
0.15105422617943487
0.15105422617943487
0.15105422617943487
0.15105422617943487
0.15111605762690905
0.15111605762690905
0.15111605762690905
0.15117788907438323
0.1512397205218574
0.15136338341680577
0.15136338341680577
0.15142521486427998
0.15142521486427998
0.15142521486427998
0.15148704631175416
0.15148704631175416
0.15148704631175416
0.15154887775922835
0.15154887775922835
0.15154887775922835
0.1516725406541767
0.1516725406541767
0.1517343721016509
0.1517343721016509
0.1517962035491251
0.15185803499659928
0.15198169789154764
0.15198169789154764
0.15204352933902182
0.15204352933902182
0.152105360786496
0.1522290236814444
0.1522290236814444
0.1522290236814444
0.1522290236814444
0.1522290236814444
0.15229085512891857
0.15229085512891857
0.15241451802386694
0.15241451802386694
0.15247634947134112
0.15247634947134112
0.1525381809188153
0.1525381809188153
0.15272367526123787
0.15272367526123787
0.15272367526123787
0.15272367526123787
0.15272367526123787
0.15272367526123787
0.15272367526123787
0.15272367526123787
0.15272367526123787
0.15284733815618623
0.15284733815618623
0.15284733815618623
0.15284733815618623
0.15284733815618623
0.1529091696036604
0.1529091696036604
0.15297100105113462
0.1530328324986088
0.15309466394608298
0.15309466394608298
0.15309466394608298
0.15309466394608298
0.15315649539355716
0.15321832684103134
0.15321832684103134
0.15321832684103134
0.15321832684103134
0.15328015828850552
0.15328015828850552
0.15328015828850552
0.1533419897359797
0.1533419897359797
0.15340382118345391
0.1534656526309281
0.15352748407840228
0.15358931552587646
0.15358931552587646
0.15358931552587646
0.15358931552587646
0.15358931552587646
0.15358931552587646
0.15365114697335064
0.15365114697335064
0.15371297842082482
0.15371297842082482
0.15371297842082482
0.15371297842082482
0.15371297842082482
0.15377480986829903
0.15377480986829903
0.15377480986829903
0.15377480986829903
0.15377480986829903
0.15377480986829903
0.15377480986829903
0.15377480986829903
0.15377480986829903
0.1538366413157732
0.1538366413157732
0.1538984727632474
0.1538984727632474
0.1538984727632474
0.1538984727632474
0.1538984727632474
0.15396030421072157
0.15396030421072157
0.15402213565819575
0.15414579855314414
0.15414579855314414
0.15414579855314414
0.15414579855314414
0.15414579855314414
0.15414579855314414
0.15414579855314414
0.15414579855314414
0.15414579855314414
0.15414579855314414
0.15420763000061832
0.1542694614480925
0.15433129289556669
0.15433129289556669
0.15433129289556669
0.15433129289556669
0.15433129289556669
0.15433129289556669
0.15439312434304087
0.15439312434304087
0.15439312434304087
0.15445495579051505
0.15445495579051505
0.15445495579051505
0.15445495579051505
0.15445495579051505
0.15445495579051505
0.15451678723798923
0.15451678723798923
0.15451678723798923
0.15451678723798923
0.15451678723798923
0.15451678723798923
0.15464045013293762
0.15464045013293762
0.15464045013293762
0.1547022815804118
0.1547022815804118
0.15476411302788598
0.15476411302788598
0.15482594447536016
0.15482594447536016
0.15482594447536016
0.15482594447536016
0.15488777592283434
0.15494960737030855
0.15494960737030855
0.15494960737030855
0.15494960737030855
0.15494960737030855
0.15494960737030855
0.15494960737030855
0.15501143881778273
0.1550732702652569
0.1550732702652569
0.1550732702652569
0.1550732702652569
0.1550732702652569
0.1550732702652569
0.1550732702652569
0.1550732702652569
0.1550732702652569
0.1550732702652569
0.1550732702652569
0.1550732702652569
0.1550732702652569
0.1550732702652569
0.1551351017127311
0.1551351017127311
0.1551351017127311
0.15519693316020527
0.15519693316020527
0.15519693316020527
0.15519693316020527
0.15519693316020527
0.15525876460767946
0.15525876460767946
0.15525876460767946
0.15532059605515366
0.15538242750262785
0.15538242750262785
0.15538242750262785
0.15538242750262785
0.15538242750262785
0.15538242750262785
0.15538242750262785
0.15538242750262785
0.15538242750262785
0.15538242750262785
0.15538242750262785
0.15538242750262785
0.15538242750262785
0.15544425895010203
0.15544425895010203
0.15544425895010203
0.15544425895010203
0.15544425895010203
0.1555060903975762
0.1555060903975762
0.1555060903975762
0.1555060903975762
0.1555060903975762
0.1555060903975762
0.1555060903975762
0.1555060903975762
0.1555060903975762
0.1555679218450504
0.1555679218450504
0.1555679218450504
0.1555679218450504
0.1555679218450504
0.1555679218450504
0.1555679218450504
0.1555679218450504
0.1555679218450504
0.15569158473999875
0.15569158473999875
0.15575341618747296
0.15575341618747296
0.15575341618747296
0.15581524763494714
0.15581524763494714
0.15581524763494714
0.15581524763494714
0.15581524763494714
0.15581524763494714
0.15581524763494714
0.15581524763494714
0.15587707908242132
0.15587707908242132
0.1559389105298955
0.15600074197736968
0.15600074197736968
0.15600074197736968
0.15606257342484386
0.15606257342484386
0.15606257342484386
0.15606257342484386
0.15606257342484386
0.15606257342484386
0.15606257342484386
0.15606257342484386
0.15606257342484386
0.15606257342484386
0.15606257342484386
0.15606257342484386
0.15606257342484386
0.15612440487231807
0.15612440487231807
0.15612440487231807
0.15612440487231807
0.15612440487231807
0.15612440487231807
0.15618623631979225
0.15618623631979225
0.15618623631979225
0.15618623631979225
0.15624806776726644
0.15624806776726644
0.15624806776726644
0.15624806776726644
0.15630989921474062
0.15630989921474062
0.15630989921474062
0.15643356210968898
0.15643356210968898
0.15649539355716316
0.15649539355716316
0.15649539355716316
0.15649539355716316
0.15649539355716316
0.15655722500463737
0.15655722500463737
0.15655722500463737
0.15655722500463737
0.15655722500463737
0.15655722500463737
0.15655722500463737
0.15655722500463737
0.15655722500463737
0.15655722500463737
0.15655722500463737
0.15655722500463737
0.15655722500463737
0.15655722500463737
0.15655722500463737
0.15655722500463737
0.15655722500463737
0.15655722500463737
0.15655722500463737
0.15661905645211155
0.15661905645211155
0.15661905645211155
0.15661905645211155
0.15661905645211155
0.15661905645211155
0.15661905645211155
0.15661905645211155
0.15661905645211155
0.15661905645211155
0.15661905645211155
0.15668088789958573
0.15668088789958573
0.15668088789958573
0.15668088789958573
0.15668088789958573
0.15668088789958573
0.15668088789958573
0.15668088789958573
0.15668088789958573
0.15668088789958573
0.1567427193470599
0.1567427193470599
0.1567427193470599
0.1567427193470599
0.1567427193470599
0.1567427193470599
0.1567427193470599
0.1567427193470599
0.1567427193470599
0.1567427193470599
0.1567427193470599
0.1567427193470599
0.1567427193470599
0.1567427193470599
0.1567427193470599
0.1567427193470599
0.1567427193470599
0.1567427193470599
0.1567427193470599
0.1567427193470599
0.1568045507945341
0.1568045507945341
0.1568045507945341
0.1568045507945341
0.1568045507945341
0.1568045507945341
0.1568045507945341
0.1568045507945341
0.1568045507945341
0.1568045507945341
0.1568045507945341
0.1568045507945341
0.1568045507945341
0.1568045507945341
0.1568045507945341
0.1568045507945341
0.1568045507945341
0.1568045507945341
0.1568045507945341
0.1568045507945341
0.15686638224200827
0.15686638224200827
0.15686638224200827
0.15686638224200827
0.15686638224200827
0.15686638224200827
0.15686638224200827
0.15686638224200827
0.15686638224200827
0.15686638224200827
0.15686638224200827
0.15686638224200827
0.15686638224200827
0.15686638224200827
0.15686638224200827
0.15686638224200827
0.15686638224200827
0.15686638224200827
0.15686638224200827
0.15686638224200827
0.15692821368948248
0.15699004513695666
0.15699004513695666
0.15699004513695666
0.15705187658443084
0.15711370803190502
0.1571755394793792
0.1571755394793792
0.1571755394793792
0.1571755394793792
0.1571755394793792
0.1571755394793792
0.1571755394793792
0.1571755394793792
0.1571755394793792
0.1572373709268534
0.1572373709268534
0.1572373709268534
0.1572373709268534
0.1572373709268534
0.1572373709268534
0.1572373709268534
0.1572373709268534
0.1572373709268534
0.1572373709268534
0.1572373709268534
0.1572992023743276
0.1572992023743276
0.15736103382180178
0.15742286526927596
0.15748469671675014
0.15748469671675014
0.15748469671675014
0.15748469671675014
0.15748469671675014
0.15748469671675014
0.15754652816422432
0.15754652816422432
0.15754652816422432
0.15754652816422432
0.15754652816422432
0.15754652816422432
0.15754652816422432
0.15754652816422432
0.15754652816422432
0.15754652816422432
0.15754652816422432
0.15754652816422432
0.15754652816422432
0.15754652816422432
0.15754652816422432
0.15754652816422432
0.15754652816422432
0.15754652816422432
0.15754652816422432
0.15754652816422432
0.15754652816422432
0.15754652816422432
0.15754652816422432
0.15754652816422432
0.15754652816422432
0.15754652816422432
0.15754652816422432
0.15754652816422432
0.15754652816422432
0.15754652816422432
0.15754652816422432
0.15754652816422432
0.15754652816422432
0.15754652816422432
0.15754652816422432
0.15754652816422432
0.15754652816422432
0.15754652816422432
0.15754652816422432
0.15754652816422432
0.15754652816422432
0.1576083596116985
0.1576083596116985
0.15767019105917268
0.1577320225066469
0.1577320225066469
0.1577320225066469
0.1577320225066469
0.1577320225066469
0.1577320225066469
0.1577320225066469
0.1577320225066469
0.1577320225066469
0.15779385395412107
0.15779385395412107
0.15785568540159525
0.15785568540159525
0.15785568540159525
0.15785568540159525
0.15785568540159525
0.15785568540159525
0.15785568540159525
0.15785568540159525
0.15785568540159525
0.15785568540159525
0.15785568540159525
0.15785568540159525
0.15785568540159525
0.15785568540159525
0.15785568540159525
0.15785568540159525
0.15785568540159525
0.15785568540159525
0.15785568540159525
0.15785568540159525
0.15785568540159525
0.15791751684906943
0.15797934829654361
0.15797934829654361
0.15797934829654361
0.15797934829654361
0.15797934829654361
0.15797934829654361
0.15797934829654361
0.158103011191492
0.158103011191492
0.158103011191492
0.158103011191492
0.158103011191492
0.158103011191492
0.158103011191492
0.158103011191492
0.158103011191492
0.158103011191492
0.158103011191492
0.158103011191492
0.158103011191492
0.15816484263896619
0.15816484263896619
0.15816484263896619
0.15816484263896619
0.15816484263896619
0.15816484263896619
0.15816484263896619
0.15816484263896619
0.15816484263896619
0.15816484263896619
0.15816484263896619
0.15816484263896619
0.15816484263896619
0.15816484263896619
0.15816484263896619
0.15816484263896619
0.15816484263896619
0.15822667408644037
0.15822667408644037
0.15822667408644037
0.15822667408644037
0.15822667408644037
0.15822667408644037
0.15822667408644037
0.15822667408644037
0.15822667408644037
0.15828850553391455
0.15828850553391455
0.15828850553391455
0.15828850553391455
0.15828850553391455
0.15828850553391455
0.15828850553391455
0.15828850553391455
0.15828850553391455
0.15828850553391455
0.15828850553391455
0.15828850553391455
0.15828850553391455
0.15828850553391455
0.15828850553391455
0.15828850553391455
0.15828850553391455
0.15828850553391455
0.15828850553391455
0.15828850553391455
0.15828850553391455
0.15828850553391455
0.15828850553391455
0.15828850553391455
0.15828850553391455
0.15828850553391455
0.15828850553391455
0.15828850553391455
0.15828850553391455
0.15828850553391455
0.15828850553391455
0.15828850553391455
0.15828850553391455
0.15828850553391455
0.15828850553391455
0.15828850553391455
0.15828850553391455
0.15828850553391455
0.15828850553391455
0.15828850553391455
0.15828850553391455
0.15828850553391455
0.15828850553391455
0.15828850553391455
0.15828850553391455
0.15828850553391455
0.15828850553391455
0.15828850553391455
0.15828850553391455
0.15828850553391455
0.15828850553391455
0.15835033698138873
0.15835033698138873
0.15835033698138873
0.15835033698138873
0.15835033698138873
0.15835033698138873
0.15835033698138873
0.15835033698138873
0.15835033698138873
0.15835033698138873
0.15835033698138873
0.15835033698138873
0.15835033698138873
0.15835033698138873
0.15835033698138873
0.15835033698138873
0.15835033698138873
0.15835033698138873
0.15835033698138873
0.15835033698138873
0.15835033698138873
0.15835033698138873
0.15835033698138873
0.1584121684288629
0.1584121684288629
0.1584121684288629
0.1584121684288629
0.1584121684288629
0.1584121684288629
0.1584121684288629
0.1584121684288629
0.1584121684288629
0.1584121684288629
0.1584121684288629
0.1584121684288629
0.1584121684288629
0.1584121684288629
0.1584121684288629
0.1584121684288629
0.1584121684288629
0.1584121684288629
0.1584121684288629
0.1584121684288629
0.1584121684288629
0.1584121684288629
0.1584121684288629
0.1584121684288629
0.1584121684288629
0.1584121684288629
0.1584121684288629
0.1584121684288629
0.1584121684288629
0.1584121684288629
0.15847399987633712
0.15847399987633712
0.15847399987633712
0.15847399987633712
0.15847399987633712
0.15847399987633712
0.15847399987633712
0.15847399987633712
0.1585358313238113
0.1585358313238113
0.15859766277128548
0.15859766277128548
0.15859766277128548
0.15859766277128548
0.15865949421875966
0.15865949421875966
0.15865949421875966
0.15865949421875966
0.15865949421875966
0.15865949421875966
0.15865949421875966
0.15865949421875966
0.15865949421875966
0.15865949421875966
0.15865949421875966
0.15865949421875966
0.15865949421875966
0.15865949421875966
0.15865949421875966
0.15865949421875966
0.15865949421875966
0.15865949421875966
0.15865949421875966
0.15865949421875966
0.15865949421875966
0.15865949421875966
0.15865949421875966
0.15865949421875966
0.15865949421875966
0.15865949421875966
0.15865949421875966
0.15865949421875966
0.15865949421875966
0.15865949421875966
0.15865949421875966
0.15865949421875966
0.15865949421875966
0.15865949421875966
0.15865949421875966
0.15865949421875966
0.15865949421875966
0.15865949421875966
0.15865949421875966
0.15865949421875966
0.15865949421875966
0.15872132566623384
0.15872132566623384
0.15872132566623384
0.15872132566623384
0.15872132566623384
0.15872132566623384
0.1588449885611822
0.1588449885611822
0.1588449885611822
0.1588449885611822
0.1588449885611822
0.1588449885611822
0.1588449885611822
0.1588449885611822
0.1588449885611822
0.1588449885611822
0.1588449885611822
0.1588449885611822
0.1588449885611822
0.1588449885611822
0.1588449885611822
0.1588449885611822
0.1588449885611822
0.1588449885611822
0.1588449885611822
0.1588449885611822
0.1588449885611822
0.1588449885611822
0.1588449885611822
0.1588449885611822
0.1588449885611822
0.1588449885611822
0.1588449885611822
0.1588449885611822
0.1588449885611822
0.1588449885611822
0.1588449885611822
0.1588449885611822
0.1588449885611822
0.1588449885611822
0.1588449885611822
0.1588449885611822
0.1588449885611822
0.1588449885611822
0.1588449885611822
0.1588449885611822
0.1588449885611822
0.1588449885611822
0.1588449885611822
0.1588449885611822
0.1588449885611822
0.1588449885611822
0.1588449885611822
0.1588449885611822
0.1588449885611822
0.1588449885611822
0.1588449885611822
0.1588449885611822
0.1588449885611822
0.1588449885611822
0.1588449885611822
0.1588449885611822
0.1588449885611822
0.1588449885611822
0.1588449885611822
0.1588449885611822
0.1588449885611822
0.1588449885611822
0.1588449885611822
0.1588449885611822
0.1588449885611822
0.1588449885611822
0.1588449885611822
0.1588449885611822
0.1588449885611822
0.1588449885611822
0.1588449885611822
0.1588449885611822
0.1588449885611822
0.1588449885611822
0.1589068200086564
0.1589068200086564
0.1589068200086564
0.1589068200086564
0.1589068200086564
0.1589068200086564
0.1589068200086564
0.1589068200086564
0.1589068200086564
0.1589068200086564
0.1589068200086564
0.1589068200086564
0.1589068200086564
0.1589068200086564
0.1589068200086564
0.1589068200086564
0.1589068200086564
0.1589068200086564
0.1589068200086564
0.1589068200086564
0.1589068200086564
0.1589068200086564
0.1589068200086564
0.1589068200086564
0.1589068200086564
0.1589068200086564
0.1589068200086564
0.1589068200086564
0.1589068200086564
0.1589686514561306
0.1589686514561306
0.1589686514561306
0.1589686514561306
0.1589686514561306
0.1589686514561306
0.1589686514561306
0.1589686514561306
0.1589686514561306
0.1589686514561306
0.1589686514561306
0.1589686514561306
0.1589686514561306
0.1589686514561306
0.1589686514561306
0.1589686514561306
0.1589686514561306
0.1589686514561306
0.1589686514561306
0.1589686514561306
0.1589686514561306
0.1589686514561306
0.1589686514561306
0.1589686514561306
0.1589686514561306
0.1589686514561306
0.1589686514561306
0.1589686514561306
0.1589686514561306
0.1589686514561306
0.1589686514561306
0.1589686514561306
0.1589686514561306
0.1589686514561306
0.1589686514561306
0.1589686514561306
0.1589686514561306
0.1589686514561306
0.1589686514561306
0.1589686514561306
0.1589686514561306
0.1589686514561306
0.1589686514561306
0.1589686514561306
0.1589686514561306
0.1589686514561306
0.1589686514561306
0.1589686514561306
