0.09868299016879985
0.1048043034687442
0.11123477400605948
0.11513015519693316
0.11735608730600383
0.11896370494033265
0.12063315402213566
0.12162245718172263
0.12224077165646448
0.123415569158474
0.12415754652816423
0.12545600692512213
0.12613615284733815
0.1271872874543993
0.1285475792988314
0.13003153403821183
0.13083534285537624
0.13157732022506646
0.13213380325233415
0.1326902862796018
0.13306127496444692
0.13330860075434367
0.1334940950967662
0.13367958943918878
0.13417424101898226
0.13429790391393062
0.13454522970382737
0.1349162183886725
0.13510171273109503
0.13547270141594014
0.13565819575836272
0.13596735299573362
0.1361528473381562
0.13664749891794967
0.13683299326037224
0.1369566561553206
0.13726581339269153
0.13763680207753665
0.137760464972485
0.13831694799975267
0.1386261052371236
0.13874976813207196
0.13887343102702035
0.1389970939219687
0.13912075681691707
0.13930625115933964
0.139429914054288
0.13955357694923637
0.13967723984418476
0.13992456563408148
0.14011005997650405
0.1403573857664008
0.14048104866134917
0.14060471155629753
0.1406665430037717
0.1406665430037717
0.14085203734619428
0.141099363136091
0.1412230260310394
0.1412230260310394
0.14128485747851358
0.14147035182093612
0.1416558461633587
0.14177950905830705
0.1420268348482038
0.1420268348482038
0.14215049774315217
0.14233599208557474
0.1424596549805231
0.14252148642799728
0.14252148642799728
0.14258331787547146
0.1428306436653682
0.14295430656031657
0.14301613800779076
0.14320163235021333
0.1433252952451617
0.14351078958758426
0.14357262103505844
0.14357262103505844
0.1436962839300068
0.14381994682495516
0.14394360971990355
0.14400544116737773
0.1441291040623261
0.1441291040623261
0.14437642985222285
0.14443826129969703
0.1445000927471712
0.14468558708959378
0.14480924998454214
0.14480924998454214
0.14487108143201632
0.1449329128794905
0.14511840722191308
0.14524207011686144
0.14524207011686144
0.1453657330118098
0.14542756445928398
0.14542756445928398
0.14555122735423237
0.14561305880170655
0.14573672169665491
0.14573672169665491
0.14573672169665491
0.1457985531441291
0.1457985531441291
0.1457985531441291
0.14586038459160328
0.14598404748655167
0.14604587893402585
0.1461695418289742
0.1461695418289742
0.1462932047239226
0.14647869906634514
0.14647869906634514
0.14647869906634514
0.1466023619612935
0.1466641934087677
0.14678785630371607
0.14691151919866444
0.14697335064613862
0.1470351820936128
0.1470351820936128
0.147097013541087
0.147097013541087
0.14722067643603537
0.14722067643603537
0.14722067643603537
0.14722067643603537
0.14722067643603537
0.14722067643603537
0.14722067643603537
0.14722067643603537
0.14722067643603537
0.14722067643603537
0.14722067643603537
0.14722067643603537
0.14734433933098373
0.14734433933098373
0.14734433933098373
0.1474061707784579
0.14746800222593212
0.14746800222593212
0.1475298336734063
0.14771532801582885
0.14783899091077723
0.14820997959562232
0.14827181104309653
0.1483954739380449
0.14851913683299325
0.14858096828046743
0.14858096828046743
0.14864279972794164
0.14870463117541582
0.14870463117541582
0.14870463117541582
0.14876646262289
0.1488282940703642
0.14889012551783837
0.14895195696531255
0.14907561986026094
0.14926111420268348
0.14926111420268348
0.14932294565015766
0.14932294565015766
0.14938477709763184
0.14944660854510605
0.14950843999258023
0.14950843999258023
0.1496321028875286
0.1496321028875286
0.14969393433500278
0.14975576578247696
0.14975576578247696
0.14987942867742535
0.1500030915723737
0.1500649230198479
0.1500649230198479
0.15031224880974464
0.15037408025721882
0.15037408025721882
0.15049774315216718
0.15049774315216718
0.15049774315216718
0.15049774315216718
0.15055957459964137
0.15055957459964137
0.15068323749458976
0.15068323749458976
0.15068323749458976
0.15074506894206394
0.1508687318370123
0.1508687318370123
0.1509923947319607
0.1509923947319607
0.15111605762690905
0.15111605762690905
0.15111605762690905
0.15111605762690905
0.15117788907438323
0.1513015519693316
0.1513015519693316
0.1513015519693316
0.15136338341680577
0.15142521486427998
0.15148704631175416
0.15154887775922835
0.1517343721016509
0.1517962035491251
0.1517962035491251
0.15185803499659928
0.15185803499659928
0.15198169789154764
0.15198169789154764
0.15198169789154764
0.15198169789154764
0.15198169789154764
0.1521671922339702
0.1521671922339702
0.1522290236814444
0.15229085512891857
0.15235268657639275
0.15235268657639275
0.15235268657639275
0.15235268657639275
0.15235268657639275
0.15235268657639275
0.15235268657639275
0.15235268657639275
0.15235268657639275
0.15235268657639275
0.15235268657639275
0.15235268657639275
0.15235268657639275
0.15241451802386694
0.15241451802386694
0.15241451802386694
0.15247634947134112
0.15247634947134112
0.15247634947134112
0.15247634947134112
0.15247634947134112
0.15247634947134112
0.15247634947134112
0.15247634947134112
0.1525381809188153
0.1525381809188153
0.1525381809188153
0.1525381809188153
0.1525381809188153
0.1525381809188153
0.1525381809188153
0.1525381809188153
0.1525381809188153
0.1525381809188153
0.1525381809188153
0.1526000123662895
0.1526000123662895
0.1526000123662895
0.1526618438137637
0.1526618438137637
0.1526618438137637
0.1526618438137637
0.1526618438137637
0.15272367526123787
0.15272367526123787
0.15278550670871205
0.15278550670871205
0.15284733815618623
0.15284733815618623
0.15297100105113462
0.15297100105113462
0.15297100105113462
0.15297100105113462
0.15297100105113462
0.15297100105113462
0.1530328324986088
0.1530328324986088
0.1530328324986088
0.15315649539355716
0.15315649539355716
0.15315649539355716
0.15328015828850552
0.15328015828850552
0.1533419897359797
0.1533419897359797
0.1533419897359797
0.1533419897359797
0.15340382118345391
0.15340382118345391
0.15340382118345391
0.1534656526309281
0.1534656526309281
0.1534656526309281
0.1534656526309281
0.15358931552587646
0.15358931552587646
0.15365114697335064
0.15365114697335064
0.15365114697335064
0.15371297842082482
0.15371297842082482
0.15371297842082482
0.15371297842082482
0.15371297842082482
0.15371297842082482
0.15371297842082482
0.15371297842082482
0.15371297842082482
0.15371297842082482
0.15377480986829903
0.15377480986829903
0.15377480986829903
0.15377480986829903
0.15377480986829903
0.15377480986829903
0.15377480986829903
0.15377480986829903
0.15377480986829903
0.15377480986829903
0.1538366413157732
0.1538984727632474
0.15396030421072157
0.15402213565819575
0.15402213565819575
0.15402213565819575
0.15402213565819575
0.15402213565819575
0.15402213565819575
0.15402213565819575
0.15402213565819575
0.15402213565819575
0.15402213565819575
0.15408396710566993
0.15414579855314414
0.15414579855314414
0.1542694614480925
0.1542694614480925
0.15433129289556669
0.15445495579051505
0.15451678723798923
0.15451678723798923
0.15464045013293762
0.15464045013293762
0.1547022815804118
0.1547022815804118
0.1547022815804118
0.1547022815804118
0.1547022815804118
0.1547022815804118
0.1547022815804118
0.1547022815804118
0.15476411302788598
0.15476411302788598
0.15476411302788598
0.15482594447536016
0.15482594447536016
0.15488777592283434
0.15488777592283434
0.15494960737030855
0.15494960737030855
0.15494960737030855
0.15494960737030855
0.15494960737030855
0.15494960737030855
0.15494960737030855
0.15494960737030855
0.15501143881778273
0.15501143881778273
0.15501143881778273
0.1551351017127311
0.1551351017127311
0.15519693316020527
0.15519693316020527
0.15525876460767946
0.15525876460767946
0.15525876460767946
0.15525876460767946
0.15525876460767946
0.15525876460767946
0.15525876460767946
0.15532059605515366
0.15532059605515366
0.15538242750262785
0.15538242750262785
0.15538242750262785
0.15538242750262785
0.15544425895010203
0.15544425895010203
0.15544425895010203
0.15544425895010203
0.1555060903975762
0.1555060903975762
0.1555060903975762
0.1555060903975762
0.1555060903975762
0.1555679218450504
0.1555679218450504
0.15562975329252457
0.15569158473999875
0.15569158473999875
0.15569158473999875
0.15569158473999875
0.15575341618747296
0.15575341618747296
0.15581524763494714
0.15581524763494714
0.15581524763494714
0.15581524763494714
0.15581524763494714
0.15587707908242132
0.15587707908242132
0.15587707908242132
0.15587707908242132
0.15587707908242132
0.1559389105298955
0.1559389105298955
0.1559389105298955
0.1559389105298955
0.1559389105298955
0.1559389105298955
0.1559389105298955
0.1559389105298955
0.15606257342484386
0.15606257342484386
0.15606257342484386
0.15606257342484386
0.15612440487231807
0.15618623631979225
0.15630989921474062
0.1563717306622148
0.15643356210968898
0.15649539355716316
0.15649539355716316
0.15649539355716316
0.15649539355716316
0.15649539355716316
0.15649539355716316
0.15649539355716316
0.15649539355716316
0.15649539355716316
0.15649539355716316
0.15649539355716316
0.15649539355716316
0.15649539355716316
0.15655722500463737
0.15655722500463737
0.15655722500463737
0.15661905645211155
0.15661905645211155
0.15668088789958573
0.1567427193470599
0.1567427193470599
0.1567427193470599
0.1567427193470599
0.1567427193470599
0.1567427193470599
0.1567427193470599
0.1567427193470599
0.1567427193470599
0.1567427193470599
0.1567427193470599
0.1567427193470599
0.1567427193470599
0.1567427193470599
0.1567427193470599
0.1568045507945341
0.15686638224200827
0.15686638224200827
0.15686638224200827
0.15686638224200827
0.15686638224200827
0.15686638224200827
0.15686638224200827
0.15686638224200827
0.15692821368948248
0.15692821368948248
0.15692821368948248
0.15692821368948248
0.15692821368948248
0.15692821368948248
0.15692821368948248
0.15692821368948248
0.15692821368948248
0.15692821368948248
0.15692821368948248
0.15692821368948248
0.15692821368948248
0.15692821368948248
0.15692821368948248
0.15699004513695666
0.15705187658443084
0.15705187658443084
0.15705187658443084
0.15711370803190502
0.1571755394793792
0.1571755394793792
0.1571755394793792
0.1571755394793792
0.1571755394793792
0.1572373709268534
0.1572373709268534
0.1572373709268534
0.15736103382180178
0.15742286526927596
0.15742286526927596
0.15742286526927596
0.15748469671675014
0.15754652816422432
0.15754652816422432
0.15754652816422432
0.15754652816422432
0.15754652816422432
0.15754652816422432
0.15754652816422432
0.15754652816422432
0.15754652816422432
0.15754652816422432
0.1576083596116985
0.1576083596116985
0.1576083596116985
0.15767019105917268
0.1577320225066469
0.1577320225066469
0.1577320225066469
0.1577320225066469
0.1577320225066469
0.1577320225066469
0.1577320225066469
0.1577320225066469
0.1577320225066469
0.15779385395412107
0.15779385395412107
0.15779385395412107
0.15779385395412107
0.15785568540159525
0.15785568540159525
0.15785568540159525
0.15791751684906943
0.15797934829654361
0.15797934829654361
0.15797934829654361
0.15797934829654361
0.15797934829654361
0.15797934829654361
0.15797934829654361
0.15797934829654361
0.15797934829654361
0.15797934829654361
0.15797934829654361
0.15797934829654361
0.1580411797440178
0.1580411797440178
0.158103011191492
0.15816484263896619
0.15816484263896619
0.15816484263896619
0.15816484263896619
0.15816484263896619
0.15816484263896619
0.15816484263896619
0.15822667408644037
0.15822667408644037
0.15822667408644037
0.15822667408644037
0.15822667408644037
0.15822667408644037
0.15822667408644037
0.15822667408644037
0.15822667408644037
0.15822667408644037
0.15828850553391455
0.15828850553391455
0.15828850553391455
0.15828850553391455
0.15828850553391455
0.15828850553391455
0.15828850553391455
0.15828850553391455
0.15828850553391455
0.15828850553391455
0.15828850553391455
0.15828850553391455
0.15828850553391455
0.15828850553391455
0.15828850553391455
0.15828850553391455
0.15828850553391455
0.15828850553391455
0.15828850553391455
0.15828850553391455
0.15828850553391455
0.15828850553391455
0.15828850553391455
0.15835033698138873
0.15835033698138873
0.15835033698138873
0.15835033698138873
0.15835033698138873
0.1584121684288629
0.1584121684288629
0.1584121684288629
0.1584121684288629
0.1584121684288629
0.1584121684288629
0.1584121684288629
0.1584121684288629
0.1584121684288629
0.15847399987633712
0.15847399987633712
0.15847399987633712
0.15847399987633712
0.15847399987633712
0.15847399987633712
0.15847399987633712
0.1585358313238113
0.1585358313238113
0.1585358313238113
0.1585358313238113
0.1585358313238113
0.1585358313238113
0.1585358313238113
0.1585358313238113
0.15859766277128548
0.15859766277128548
0.15859766277128548
0.15859766277128548
0.15859766277128548
0.15865949421875966
0.15865949421875966
0.15865949421875966
0.15865949421875966
0.15865949421875966
0.15865949421875966
0.15865949421875966
0.15865949421875966
0.15865949421875966
0.15872132566623384
0.15872132566623384
0.15872132566623384
0.15872132566623384
0.15872132566623384
0.15878315711370802
0.15878315711370802
0.15878315711370802
0.15878315711370802
0.15878315711370802
0.15878315711370802
0.15878315711370802
0.1588449885611822
0.1588449885611822
0.1588449885611822
0.1589068200086564
0.1589068200086564
0.1589068200086564
0.1589686514561306
0.1589686514561306
0.1589686514561306
0.1589686514561306
0.1589686514561306
0.1589686514561306
0.1589686514561306
0.1589686514561306
0.15903048290360478
0.15903048290360478
0.15909231435107896
0.15909231435107896
0.15909231435107896
0.15909231435107896
0.15909231435107896
0.15909231435107896
0.15909231435107896
0.15909231435107896
0.15909231435107896
0.15915414579855314
0.15915414579855314
0.15915414579855314
0.15915414579855314
0.15915414579855314
0.15915414579855314
0.15915414579855314
0.15915414579855314
0.15915414579855314
0.15927780869350153
0.1593396401409757
0.1593396401409757
0.1593396401409757
0.1593396401409757
0.1593396401409757
0.1593396401409757
0.1593396401409757
0.1593396401409757
0.1593396401409757
0.1593396401409757
0.1593396401409757
0.1593396401409757
0.1593396401409757
0.1593396401409757
0.1593396401409757
0.1593396401409757
0.1593396401409757
0.1593396401409757
0.1593396401409757
0.1593396401409757
0.1593396401409757
0.1593396401409757
0.1593396401409757
0.1593396401409757
0.1593396401409757
0.1593396401409757
0.1593396401409757
0.1593396401409757
0.1593396401409757
0.1593396401409757
0.1593396401409757
0.1593396401409757
0.1593396401409757
0.1593396401409757
0.1593396401409757
0.1593396401409757
0.1593396401409757
0.1593396401409757
0.1593396401409757
0.1593396401409757
0.1593396401409757
0.1593396401409757
0.1593396401409757
0.1593396401409757
0.1593396401409757
0.1593396401409757
0.1593396401409757
0.1593396401409757
0.1593396401409757
0.1593396401409757
0.1594014715884499
0.1594014715884499
0.15946330303592407
0.15946330303592407
0.15946330303592407
0.15946330303592407
0.15946330303592407
0.15952513448339825
0.15958696593087243
0.15958696593087243
0.15958696593087243
0.15958696593087243
0.15958696593087243
0.15958696593087243
0.15964879737834664
0.15964879737834664
0.15964879737834664
0.15964879737834664
0.15964879737834664
0.15964879737834664
0.15971062882582082
0.15971062882582082
0.159772460273295
0.159772460273295
0.159772460273295
0.159772460273295
0.159772460273295
0.159772460273295
0.159772460273295
0.159772460273295
0.159772460273295
0.159772460273295
0.159772460273295
0.159772460273295
0.159772460273295
0.15983429172076918
0.15983429172076918
0.15983429172076918
0.15989612316824336
0.15995795461571755
0.15995795461571755
0.16001978606319173
0.16008161751066594
0.16008161751066594
0.16008161751066594
0.16008161751066594
0.16008161751066594
0.16014344895814012
0.16014344895814012
0.16032894330056266
0.16032894330056266
0.16032894330056266
0.16032894330056266
0.16032894330056266
0.16032894330056266
0.16032894330056266
0.16032894330056266
0.16032894330056266
0.16032894330056266
0.16032894330056266
0.16032894330056266
0.16032894330056266
0.16032894330056266
0.16032894330056266
0.16032894330056266
0.16032894330056266
0.16032894330056266
0.16032894330056266
0.16032894330056266
0.16032894330056266
0.16032894330056266
0.16039077474803684
0.16039077474803684
0.16039077474803684
0.16045260619551105
0.16045260619551105
0.16045260619551105
0.16045260619551105
0.16045260619551105
0.16045260619551105
0.16045260619551105
0.16045260619551105
0.16045260619551105
0.16045260619551105
0.16045260619551105
0.16045260619551105
0.16045260619551105
0.16045260619551105
0.16045260619551105
0.16045260619551105
0.16045260619551105
0.16045260619551105
0.1605762690904594
0.1606381005379336
0.16069993198540777
0.16069993198540777
0.16069993198540777
0.16076176343288195
0.16076176343288195
0.16076176343288195
0.16076176343288195
0.16076176343288195
0.16076176343288195
0.16082359488035614
0.16082359488035614
0.16082359488035614
0.16088542632783034
0.16094725777530453
0.16094725777530453
0.1610090892227787
0.1610090892227787
0.1610090892227787
0.1610090892227787
0.1610090892227787
0.1610090892227787
0.1610090892227787
0.1610090892227787
0.1610090892227787
0.1610090892227787
0.1610090892227787
0.1610090892227787
0.1610709206702529
0.1610709206702529
0.1610709206702529
0.1610709206702529
0.1610709206702529
0.1610709206702529
0.1610709206702529
0.1610709206702529
0.1610709206702529
0.1610709206702529
0.1610709206702529
0.1610709206702529
0.1610709206702529
0.1610709206702529
0.1610709206702529
0.1610709206702529
0.1610709206702529
0.1610709206702529
0.1610709206702529
0.1610709206702529
0.1610709206702529
0.1610709206702529
0.1610709206702529
0.1610709206702529
0.1610709206702529
0.16113275211772707
0.16113275211772707
0.16119458356520125
0.16119458356520125
0.16119458356520125
0.16119458356520125
0.16119458356520125
0.16119458356520125
0.16119458356520125
0.16119458356520125
0.16125641501267546
0.16125641501267546
0.16125641501267546
0.16125641501267546
0.16125641501267546
0.16125641501267546
0.16125641501267546
0.16125641501267546
0.16125641501267546
0.16125641501267546
0.16125641501267546
0.16125641501267546
0.16125641501267546
0.16125641501267546
0.16125641501267546
0.16125641501267546
0.16125641501267546
0.16125641501267546
0.16125641501267546
0.16131824646014964
0.16131824646014964
0.16131824646014964
0.16131824646014964
0.16131824646014964
0.16131824646014964
0.16131824646014964
0.16131824646014964
0.16131824646014964
0.16131824646014964
0.16131824646014964
0.16131824646014964
0.16131824646014964
0.16131824646014964
0.16131824646014964
0.16131824646014964
0.16138007790762382
0.16138007790762382
0.16138007790762382
0.16138007790762382
0.16138007790762382
0.16138007790762382
0.16138007790762382
0.16138007790762382
0.16138007790762382
0.16138007790762382
0.16138007790762382
0.16138007790762382
0.16138007790762382
0.16138007790762382
0.16138007790762382
0.161441909355098
0.161441909355098
0.161441909355098
0.161441909355098
0.161441909355098
0.161441909355098
0.161441909355098
0.16150374080257218
0.16150374080257218
0.16150374080257218
0.16150374080257218
0.16150374080257218
0.16150374080257218
0.16156557225004636
0.16156557225004636
0.16156557225004636
0.16156557225004636
0.16156557225004636
0.16156557225004636
0.16156557225004636
0.16156557225004636
0.16156557225004636
0.16156557225004636
0.16156557225004636
0.16156557225004636
0.16156557225004636
0.16156557225004636
0.16156557225004636
0.16156557225004636
0.16156557225004636
0.16156557225004636
0.16156557225004636
0.16156557225004636
0.16156557225004636
0.16156557225004636
0.16156557225004636
0.16156557225004636
0.16156557225004636
0.16156557225004636
0.16156557225004636
0.16156557225004636
0.16156557225004636
0.16156557225004636
0.16156557225004636
0.16156557225004636
0.16156557225004636
0.16156557225004636
0.16156557225004636
0.16156557225004636
0.16156557225004636
0.16156557225004636
0.16156557225004636
0.16156557225004636
0.16156557225004636
0.16156557225004636
0.16156557225004636
0.16156557225004636
0.16156557225004636
0.16156557225004636
0.16156557225004636
