0.11395535769492364
0.12403388363321585
0.12947505101094417
0.13343226364929203
0.13708031905026896
0.1406665430037717
0.1432634637976875
0.14555122735423237
0.14783899091077723
0.14969393433500278
0.1509923947319607
0.15235268657639275
0.15340382118345391
0.15414579855314414
0.15488777592283434
0.15562975329252457
0.1559389105298955
0.1563717306622148
0.15711370803190502
0.15767019105917268
0.15785568540159525
0.1585358313238113
0.1589686514561306
0.15921597724602732
0.15952513448339825
0.16001978606319173
0.16051443764298523
0.16076176343288195
0.16119458356520125
0.16150374080257218
0.16175106659246893
0.16199839238236566
0.16212205527731405
0.16236938106721077
0.1628022011995301
0.16317318988437518
0.1636060100166945
0.1639151672540654
0.1640388301490138
0.16416249304396216
0.1644098188338589
0.16459531317628145
0.1648426389661782
0.16508996475607493
0.1651517962035491
0.16521362765102332
0.1652754590984975
0.16546095344092004
0.1657082792308168
0.16589377357323934
0.1661410993631361
0.16632659370555863
0.16669758239040375
0.16688307673282632
0.1669449081803005
0.1669449081803005
0.1673158968651456
0.16756322265504237
0.16768688554999073
0.16768688554999073
0.1678105484449391
0.16787237989241327
0.16799604278736166
0.16799604278736166
0.1681815371297842
0.16824336857725838
0.16849069436715514
0.16849069436715514
0.16867618870957768
0.16879985160452607
0.16892351449947443
0.1690471773944228
0.169109008841897
0.16917084028937118
0.16923267173684536
0.1694799975267421
0.16972732331663884
0.1698509862115872
0.1699128176590614
0.17022197489643232
0.17022197489643232
0.1703456377913807
0.1704074692388549
0.17046930068632907
0.17053113213380325
0.17059296358127743
0.17071662647622582
0.17084028937117418
0.17108761516107093
0.17127310950349348
0.17133494095096766
0.17139677239844184
0.17152043529339023
0.17176776108328695
0.17195325542570952
0.17213874976813207
0.17213874976813207
0.17220058121560625
0.17226241266308046
0.17226241266308046
0.17238607555802882
0.17257156990045136
0.17263340134792554
0.17275706424287393
0.17275706424287393
0.1728188956903481
0.1728188956903481
0.1728188956903481
0.1728807271378223
0.17294255858529647
0.17300439003277066
0.17318988437519323
0.17318988437519323
0.1733135472701416
0.17337537871761577
0.17343721016508998
0.17349904161256416
0.17356087306003834
0.17356087306003834
0.17362270450751252
0.17362270450751252
0.17374636740246088
0.17380819884993506
0.17380819884993506
0.17387003029740927
0.17393186174488345
0.17399369319235763
0.17399369319235763
0.174117356087306
0.17417918753478018
0.17430285042972857
0.17436468187720275
0.17436468187720275
0.17442651332467693
0.1744883447721511
0.1745501762196253
0.1746120076670995
0.17479750200952204
0.1749211649044704
0.1749211649044704
0.1749211649044704
0.1749211649044704
0.1749829963519446
0.1749829963519446
0.1750448277994188
0.17510665924689298
0.17510665924689298
0.17510665924689298
0.17523032214184134
0.17529215358931552
0.1753539850367897
0.1754158164842639
0.1754158164842639
0.1754158164842639
0.1754158164842639
0.1754776479317381
0.1754776479317381
0.17553947937921227
0.17553947937921227
0.17553947937921227
0.17572497372163481
0.17572497372163481
0.175786805169109
0.175786805169109
0.175786805169109
0.1758486366165832
0.17597229951153157
0.17603413095900575
0.17603413095900575
0.17609596240647993
0.17609596240647993
0.1761577938539541
0.17621962530142832
0.1762814567489025
0.1762814567489025
0.17634328819637668
0.17640511964385086
0.17640511964385086
0.17646695109132504
0.17646695109132504
0.17646695109132504
0.17652878253879922
0.17659061398627343
0.17659061398627343
0.17659061398627343
0.17659061398627343
0.1766524454337476
0.17677610832869597
0.17677610832869597
0.17689977122364434
0.17696160267111852
0.17702343411859273
0.17702343411859273
0.1770852655660669
0.17720892846101527
0.17720892846101527
0.17720892846101527
0.17720892846101527
0.17720892846101527
0.17727075990848945
0.17733259135596363
0.17733259135596363
0.17733259135596363
0.1775180856983862
0.17757991714586038
0.17770358004080875
0.17770358004080875
0.17776541148828295
0.17776541148828295
0.17788907438323132
0.17801273727817968
0.17807456872565386
0.17813640017312804
0.17819823162060225
0.17826006306807643
0.1783218945155506
0.1783218945155506
0.1783218945155506
0.1783837259630248
0.1783837259630248
0.1783837259630248
0.1783837259630248
0.1783837259630248
0.17844555741049897
0.17844555741049897
0.17850738885797315
0.17856922030544736
0.17856922030544736
0.17863105175292154
0.17869288320039572
0.1787547146478699
0.1787547146478699
0.1787547146478699
0.1787547146478699
0.1788165460953441
0.17887837754281827
0.17887837754281827
0.17894020899029248
0.17894020899029248
0.17894020899029248
0.17900204043776666
0.17900204043776666
0.17900204043776666
0.17900204043776666
0.17900204043776666
0.17906387188524084
0.17912570333271502
0.17912570333271502
0.17912570333271502
0.17912570333271502
0.17912570333271502
0.1791875347801892
0.1791875347801892
0.17937302912261177
0.17937302912261177
0.17937302912261177
0.17937302912261177
0.17943486057008595
0.17949669201756013
0.17949669201756013
0.17949669201756013
0.17949669201756013
0.17949669201756013
0.17949669201756013
0.17949669201756013
0.17949669201756013
0.17949669201756013
0.17955852346503431
0.17955852346503431
0.1796203549125085
0.1796203549125085
0.17968218635998268
0.17968218635998268
0.17974401780745689
0.17980584925493107
0.17986768070240525
0.17986768070240525
0.17986768070240525
0.17992951214987943
0.1799913435973536
0.1799913435973536
0.18011500649230197
0.18017683793977618
0.18017683793977618
0.18017683793977618
0.18017683793977618
0.18023866938725036
0.18030050083472454
0.18030050083472454
0.18030050083472454
0.18030050083472454
0.18030050083472454
0.18036233228219872
0.18036233228219872
0.18036233228219872
0.18036233228219872
0.1804241637296729
0.1804241637296729
0.1804241637296729
0.1804241637296729
0.18048599517714708
0.1805478266246213
0.18060965807209547
0.18060965807209547
0.18060965807209547
0.18060965807209547
0.18067148951956966
0.18067148951956966
0.18067148951956966
0.18067148951956966
0.18067148951956966
0.18067148951956966
0.18073332096704384
0.18073332096704384
0.1809188153094664
0.1809806467569406
0.1809806467569406
0.18104247820441477
0.18104247820441477
0.18104247820441477
0.18104247820441477
0.18104247820441477
0.18104247820441477
0.18104247820441477
0.18110430965188895
0.18110430965188895
0.18110430965188895
0.18116614109936313
0.1812279725468373
0.1812279725468373
0.18141346688925988
0.18141346688925988
0.18141346688925988
0.18141346688925988
0.18141346688925988
0.18141346688925988
0.18141346688925988
0.18141346688925988
0.18141346688925988
0.18141346688925988
0.18141346688925988
0.18141346688925988
0.18141346688925988
0.18141346688925988
0.18141346688925988
0.18147529833673406
0.18153712978420825
0.18153712978420825
0.18159896123168243
0.18159896123168243
0.18159896123168243
0.18159896123168243
0.18159896123168243
0.18159896123168243
0.18159896123168243
0.1816607926791566
0.1816607926791566
0.1816607926791566
0.1816607926791566
0.18172262412663082
0.18172262412663082
0.18172262412663082
0.18172262412663082
0.18172262412663082
0.181784455574105
0.18190811846905336
0.18190811846905336
0.18203178136400172
0.18209361281147593
0.18209361281147593
0.18209361281147593
0.18209361281147593
0.18209361281147593
0.1821554442589501
0.1821554442589501
0.1821554442589501
0.1822172757064243
0.18227910715389847
0.18227910715389847
0.18234093860137265
0.18234093860137265
0.18234093860137265
0.18234093860137265
0.18234093860137265
0.18234093860137265
0.18234093860137265
0.18240277004884684
0.18240277004884684
0.18240277004884684
0.18252643294379522
0.18252643294379522
0.18252643294379522
0.1825882643912694
0.1825882643912694
0.1825882643912694
0.1825882643912694
0.1825882643912694
0.1825882643912694
0.1825882643912694
0.1825882643912694
0.1825882643912694
0.1826500958387436
0.18271192728621777
0.18271192728621777
0.18271192728621777
0.18277375873369195
0.18277375873369195
0.18283559018116613
0.18283559018116613
0.18283559018116613
0.18283559018116613
0.18283559018116613
0.18283559018116613
0.18283559018116613
0.18289742162864034
0.18295925307611452
0.18295925307611452
0.18295925307611452
0.18295925307611452
0.18295925307611452
0.1830210845235887
0.1830210845235887
0.1830210845235887
0.1830210845235887
0.18308291597106288
0.18308291597106288
0.18308291597106288
0.18320657886601124
0.18320657886601124
0.18326841031348545
0.18326841031348545
0.18339207320843381
0.18339207320843381
0.18351573610338218
0.18357756755085636
0.18357756755085636
0.18357756755085636
0.18357756755085636
0.18357756755085636
0.18370123044580475
0.18376306189327893
0.18376306189327893
0.1838248933407531
0.1838248933407531
0.1838248933407531
0.1838248933407531
0.1838867247882273
0.1838867247882273
0.1838867247882273
0.1838867247882273
0.18394855623570147
0.18394855623570147
0.18394855623570147
0.18394855623570147
0.18401038768317565
0.18401038768317565
0.18401038768317565
0.18407221913064986
0.18407221913064986
0.18413405057812404
0.18419588202559822
0.18419588202559822
0.18431954492054659
0.18438137636802077
0.18444320781549495
0.18444320781549495
0.18450503926296916
0.18450503926296916
0.18456687071044334
0.18456687071044334
0.18462870215791752
0.18462870215791752
0.1846905336053917
0.1846905336053917
0.18475236505286588
0.18475236505286588
0.18475236505286588
0.18481419650034006
0.18481419650034006
0.18481419650034006
0.18481419650034006
0.18481419650034006
0.18487602794781427
0.18487602794781427
0.18487602794781427
0.18493785939528845
0.18493785939528845
0.18493785939528845
0.18493785939528845
0.18493785939528845
0.18499969084276263
0.1850615222902368
0.1850615222902368
0.1850615222902368
0.1850615222902368
0.1850615222902368
0.1850615222902368
0.1850615222902368
0.1850615222902368
0.185123353737711
0.185123353737711
0.185123353737711
0.185123353737711
0.185123353737711
0.185123353737711
0.185123353737711
0.185123353737711
0.185123353737711
0.185123353737711
0.18518518518518517
0.18518518518518517
0.18518518518518517
0.18518518518518517
0.18518518518518517
0.18518518518518517
0.18518518518518517
0.18518518518518517
0.18518518518518517
0.18518518518518517
0.18518518518518517
0.18524701663265938
0.18537067952760775
0.18537067952760775
0.18537067952760775
0.18537067952760775
0.18537067952760775
0.18537067952760775
0.18537067952760775
0.18543251097508193
0.18543251097508193
0.1854943424225561
0.1854943424225561
0.1854943424225561
0.1854943424225561
0.1854943424225561
0.1854943424225561
0.1854943424225561
0.1855561738700303
0.18561800531750447
0.18561800531750447
0.18561800531750447
0.18574166821245286
0.18574166821245286
0.18574166821245286
0.18580349965992704
0.18580349965992704
0.18580349965992704
0.18580349965992704
0.18580349965992704
0.18580349965992704
0.18580349965992704
0.18580349965992704
0.18580349965992704
0.18586533110740122
0.1859271625548754
0.1859271625548754
0.1859271625548754
0.1859271625548754
0.1859271625548754
0.1859271625548754
0.1859271625548754
0.1859271625548754
0.1859271625548754
0.1859271625548754
0.18598899400234958
0.18598899400234958
0.1860508254498238
0.1860508254498238
0.1860508254498238
0.1860508254498238
0.18611265689729797
0.18611265689729797
0.18617448834477215
0.18617448834477215
0.18617448834477215
0.18617448834477215
0.18617448834477215
0.18617448834477215
0.18617448834477215
0.18617448834477215
0.18617448834477215
0.18617448834477215
0.18617448834477215
0.18617448834477215
0.18617448834477215
0.18617448834477215
0.18617448834477215
0.18617448834477215
0.18617448834477215
0.18617448834477215
0.18623631979224634
0.18623631979224634
0.18623631979224634
0.18623631979224634
0.18623631979224634
0.18629815123972052
0.1863599826871947
0.1863599826871947
0.1863599826871947
0.18654547702961727
0.18654547702961727
0.18654547702961727
0.18654547702961727
0.18660730847709145
0.18660730847709145
0.18660730847709145
0.18660730847709145
0.18660730847709145
0.18660730847709145
0.18666913992456563
0.18666913992456563
0.18666913992456563
0.18666913992456563
0.18666913992456563
0.18666913992456563
0.18666913992456563
0.1867309713720398
0.186792802819514
0.1868546342669882
0.1868546342669882
0.1868546342669882
0.18691646571446238
0.18691646571446238
0.18691646571446238
0.18691646571446238
0.18691646571446238
0.18697829716193656
0.18697829716193656
0.18697829716193656
0.18697829716193656
0.18697829716193656
0.18710196005688493
0.18710196005688493
0.18710196005688493
0.18710196005688493
0.18710196005688493
0.18710196005688493
0.18710196005688493
0.18710196005688493
0.18710196005688493
0.18710196005688493
0.18710196005688493
0.18710196005688493
0.1871637915043591
0.1871637915043591
0.1871637915043591
0.1871637915043591
0.1871637915043591
0.18722562295183331
0.18722562295183331
0.18722562295183331
0.18722562295183331
0.18722562295183331
0.18722562295183331
0.18722562295183331
0.18722562295183331
0.18722562295183331
0.1872874543993075
0.1872874543993075
0.1872874543993075
0.1872874543993075
0.1872874543993075
0.18734928584678168
0.18741111729425586
0.18741111729425586
0.18741111729425586
0.18741111729425586
0.18741111729425586
0.18741111729425586
0.18741111729425586
0.18741111729425586
0.18741111729425586
0.18741111729425586
0.18741111729425586
0.18741111729425586
0.18741111729425586
0.18741111729425586
0.18741111729425586
0.18741111729425586
0.18747294874173004
0.18747294874173004
0.18747294874173004
0.18747294874173004
0.18747294874173004
0.18747294874173004
0.18747294874173004
0.18747294874173004
0.18747294874173004
0.18747294874173004
0.1875966116366784
0.1875966116366784
0.1876584430841526
0.1877202745316268
0.18778210597910097
0.18778210597910097
0.18790576887404933
0.18796760032152351
0.18796760032152351
0.18796760032152351
0.18796760032152351
0.18796760032152351
0.18796760032152351
0.18796760032152351
0.18796760032152351
0.18796760032152351
0.18796760032152351
0.18796760032152351
0.18802943176899772
0.18802943176899772
0.18802943176899772
0.18802943176899772
0.18802943176899772
0.18802943176899772
0.18802943176899772
0.18802943176899772
0.18802943176899772
0.18802943176899772
0.18802943176899772
0.18815309466394609
0.18815309466394609
0.18815309466394609
0.18815309466394609
0.18815309466394609
0.18815309466394609
0.18815309466394609
0.18815309466394609
0.18815309466394609
0.18815309466394609
0.18815309466394609
0.18815309466394609
0.18815309466394609
0.18815309466394609
0.18815309466394609
0.18821492611142027
0.18821492611142027
0.18821492611142027
0.18821492611142027
0.18827675755889445
0.18827675755889445
0.18827675755889445
0.18833858900636863
0.18833858900636863
0.18840042045384284
0.18840042045384284
0.18840042045384284
0.1885240833487912
0.18858591479626538
0.18864774624373956
0.18864774624373956
0.18864774624373956
0.18864774624373956
0.18864774624373956
0.18864774624373956
0.18864774624373956
0.18864774624373956
0.18864774624373956
0.18864774624373956
0.18864774624373956
0.18864774624373956
0.18864774624373956
0.18864774624373956
0.18864774624373956
0.18864774624373956
0.18877140913868792
0.18877140913868792
0.18883324058616213
0.18883324058616213
0.18883324058616213
0.1888950720336363
0.1888950720336363
0.1888950720336363
0.1888950720336363
0.1889569034811105
0.1889569034811105
0.18901873492858468
0.18901873492858468
0.18908056637605886
0.18908056637605886
0.18914239782353304
0.18914239782353304
0.18914239782353304
0.18914239782353304
0.18914239782353304
0.18914239782353304
0.18914239782353304
0.18914239782353304
0.18914239782353304
0.18914239782353304
0.18914239782353304
0.18914239782353304
0.18914239782353304
0.18914239782353304
0.18914239782353304
0.18914239782353304
0.18914239782353304
0.18914239782353304
0.18914239782353304
0.18914239782353304
0.18914239782353304
0.18914239782353304
0.18914239782353304
0.18914239782353304
0.18914239782353304
0.18914239782353304
0.18914239782353304
0.18914239782353304
0.18920422927100725
0.18920422927100725
0.18920422927100725
0.18920422927100725
0.18920422927100725
0.18920422927100725
0.18920422927100725
0.18920422927100725
0.18920422927100725
0.18920422927100725
0.18920422927100725
0.18920422927100725
0.18920422927100725
0.1893278921659556
0.1893278921659556
0.1893278921659556
0.1893278921659556
0.1893278921659556
0.1893278921659556
0.1893278921659556
0.1893278921659556
0.1893278921659556
0.1893278921659556
0.1893278921659556
0.1893278921659556
0.1893278921659556
0.1893278921659556
0.1893897236134298
0.1893897236134298
0.1893897236134298
0.1893897236134298
0.1893897236134298
0.1893897236134298
0.1893897236134298
0.1893897236134298
0.1893897236134298
0.1893897236134298
0.18945155506090397
0.18945155506090397
0.18951338650837815
0.18957521795585236
0.18957521795585236
0.18957521795585236
0.18957521795585236
0.18957521795585236
0.18957521795585236
0.18957521795585236
0.18963704940332654
0.18963704940332654
0.18963704940332654
0.18963704940332654
0.18963704940332654
0.18963704940332654
0.18963704940332654
0.18963704940332654
0.18963704940332654
0.18963704940332654
0.18963704940332654
0.18963704940332654
0.18963704940332654
0.18963704940332654
0.18963704940332654
0.18969888085080072
0.18969888085080072
0.18969888085080072
0.18969888085080072
0.18969888085080072
0.18969888085080072
0.18969888085080072
0.18969888085080072
0.18969888085080072
0.18969888085080072
0.18969888085080072
0.18969888085080072
0.18969888085080072
0.18969888085080072
0.1897607122982749
0.18982254374574908
0.18982254374574908
0.18982254374574908
0.18988437519322326
0.18988437519322326
0.18994620664069745
0.18994620664069745
0.18994620664069745
0.18994620664069745
0.18994620664069745
0.19000803808817165
0.19000803808817165
0.19000803808817165
0.19000803808817165
0.19000803808817165
0.19000803808817165
0.19000803808817165
0.19000803808817165
0.19006986953564584
0.19006986953564584
0.19006986953564584
0.19006986953564584
0.19013170098312002
0.19013170098312002
0.19013170098312002
0.19013170098312002
0.19013170098312002
0.19013170098312002
0.19013170098312002
0.19013170098312002
0.19013170098312002
0.19013170098312002
0.19013170098312002
0.1901935324305942
0.1901935324305942
0.1901935324305942
0.19025536387806838
0.19025536387806838
0.19031719532554256
0.19037902677301677
0.19037902677301677
0.19037902677301677
0.19037902677301677
0.19037902677301677
0.19037902677301677
0.19037902677301677
0.19037902677301677
0.19037902677301677
0.19037902677301677
0.19044085822049095
0.19044085822049095
0.19044085822049095
0.19044085822049095
0.19044085822049095
0.19050268966796513
0.19050268966796513
0.19050268966796513
0.19050268966796513
0.19050268966796513
0.19050268966796513
0.19050268966796513
0.19050268966796513
0.19050268966796513
0.19050268966796513
0.19050268966796513
0.19050268966796513
0.19050268966796513
0.19050268966796513
0.19050268966796513
0.19050268966796513
0.19050268966796513
0.19050268966796513
0.19050268966796513
0.19050268966796513
0.19050268966796513
0.19050268966796513
0.19050268966796513
0.19050268966796513
0.19050268966796513
0.19050268966796513
0.19050268966796513
0.19050268966796513
0.19050268966796513
0.19050268966796513
0.19050268966796513
0.19050268966796513
0.19050268966796513
0.19050268966796513
0.1905645211154393
0.1905645211154393
0.1905645211154393
0.1905645211154393
0.1905645211154393
0.1905645211154393
0.1905645211154393
0.1905645211154393
0.1905645211154393
0.1905645211154393
0.1905645211154393
0.1905645211154393
0.1905645211154393
0.1906263525629135
0.1906263525629135
0.1906263525629135
0.1906263525629135
0.1906263525629135
0.19068818401038767
0.19075001545786188
0.19075001545786188
0.19075001545786188
0.19075001545786188
0.19075001545786188
0.19075001545786188
0.19075001545786188
0.19081184690533606
0.19081184690533606
0.19081184690533606
0.19081184690533606
