0.12774377048166696
0.13343226364929203
0.13912075681691707
0.14147035182093612
0.14363445248253262
0.14635503617139678
0.14864279972794164
0.15229085512891857
0.15643356210968898
0.15927780869350153
0.16150374080257218
0.1635441785692203
0.16508996475607493
0.1660792679156619
0.16657391949545539
0.16725406541767143
0.1681815371297842
0.1686143572621035
0.1690471773944228
0.1694799975267421
0.1699746491065356
0.17022197489643232
0.1706547950287516
0.17084028937117418
0.17133494095096766
0.17182959253076113
0.17238607555802882
0.17269523279539975
0.17337537871761577
0.1736845359549867
0.17393186174488345
0.17473567056204786
0.1754158164842639
0.17591046806405738
0.1762814567489025
0.17677610832869597
0.17696160267111852
0.1770852655660669
0.17720892846101527
0.17770358004080875
0.1779509058307055
0.17807456872565386
0.17826006306807643
0.17856922030544736
0.1788165460953441
0.17900204043776666
0.17931119767513756
0.17937302912261177
0.17955852346503431
0.17974401780745689
0.17992951214987943
0.18011500649230197
0.18023866938725036
0.18036233228219872
0.18060965807209547
0.18079515241451802
0.18116614109936313
0.1812279725468373
0.1813516354417857
0.18141346688925988
0.1816607926791566
0.1816607926791566
0.18184628702157918
0.18203178136400172
0.18209361281147593
0.18209361281147593
0.1822172757064243
0.1822172757064243
0.18234093860137265
0.18246460149632102
0.1826500958387436
0.18271192728621777
0.18271192728621777
0.18271192728621777
0.18271192728621777
0.18283559018116613
0.18283559018116613
0.18289742162864034
0.18295925307611452
0.1830210845235887
0.1830210845235887
0.18333024176095963
0.18339207320843381
0.183453904655908
0.183453904655908
0.18351573610338218
0.18357756755085636
0.18357756755085636
0.18363939899833054
0.18370123044580475
0.1838248933407531
0.18394855623570147
0.18407221913064986
0.1842577134730724
0.18431954492054659
0.18444320781549495
0.18450503926296916
0.18462870215791752
0.18475236505286588
0.18487602794781427
0.18487602794781427
0.18487602794781427
0.18493785939528845
0.1850615222902368
0.1850615222902368
0.1850615222902368
0.1850615222902368
0.1850615222902368
0.185123353737711
0.18543251097508193
0.1855561738700303
0.18574166821245286
0.18586533110740122
0.1860508254498238
0.18623631979224634
0.1863599826871947
0.1864836455821431
0.1864836455821431
0.18666913992456563
0.1867309713720398
0.1867309713720398
0.186792802819514
0.1868546342669882
0.18697829716193656
0.18697829716193656
0.18704012860941074
0.18704012860941074
0.18734928584678168
0.18753478018920422
0.18753478018920422
0.1876584430841526
0.1877202745316268
0.18778210597910097
0.18778210597910097
0.18784393742657515
0.18784393742657515
0.18790576887404933
0.18796760032152351
0.18815309466394609
0.18815309466394609
0.18815309466394609
0.18840042045384284
0.18846225190131702
0.18870957769121374
0.18877140913868792
0.18883324058616213
0.1889569034811105
0.1889569034811105
0.18901873492858468
0.18920422927100725
0.1893278921659556
0.1893278921659556
0.1893897236134298
0.1893897236134298
0.18945155506090397
0.18945155506090397
0.18945155506090397
0.18951338650837815
0.18957521795585236
0.18957521795585236
0.18957521795585236
0.18963704940332654
0.18963704940332654
0.18963704940332654
0.1897607122982749
0.18982254374574908
0.18988437519322326
0.18994620664069745
0.19006986953564584
0.19013170098312002
0.19025536387806838
0.19025536387806838
0.19025536387806838
0.19031719532554256
0.19037902677301677
0.19050268966796513
0.19050268966796513
0.19050268966796513
0.19050268966796513
0.1905645211154393
0.1905645211154393
0.1906263525629135
0.19068818401038767
0.19068818401038767
0.19075001545786188
0.19081184690533606
0.19081184690533606
0.19087367835281024
0.19093550980028443
0.19093550980028443
0.19093550980028443
0.1909973412477586
0.1909973412477586
0.1910591726952328
0.19112100414270697
0.19118283559018118
0.19118283559018118
0.19118283559018118
0.19118283559018118
0.19124466703765536
0.19124466703765536
0.19130649848512954
0.19136832993260372
0.1914301613800779
0.19149199282755208
0.19149199282755208
0.1915538242750263
0.19161565572250047
0.19167748716997465
0.19167748716997465
0.19167748716997465
0.19167748716997465
0.19180115006492301
0.1918629815123972
0.19192481295987138
0.19192481295987138
0.19192481295987138
0.19198664440734559
0.19198664440734559
0.19198664440734559
0.19204847585481977
0.19204847585481977
0.19211030730229395
0.19217213874976813
0.19217213874976813
0.19217213874976813
0.19217213874976813
0.1922339701972423
0.1922958016447165
0.1922958016447165
0.1922958016447165
0.1922958016447165
0.1922958016447165
0.1922958016447165
0.1923576330921907
0.1923576330921907
0.1923576330921907
0.1923576330921907
0.1923576330921907
0.1923576330921907
0.19241946453966488
0.19254312743461324
0.19254312743461324
0.19260495888208742
0.19260495888208742
0.1926667903295616
0.1927286217770358
0.1927286217770358
0.1927286217770358
0.1927286217770358
0.19279045322451
0.19285228467198418
0.19297594756693254
0.19297594756693254
0.19303777901440672
0.1931614419093551
0.1931614419093551
0.1932232733568293
0.1932232733568293
0.1932232733568293
0.19328510480430347
0.19328510480430347
0.19328510480430347
0.19328510480430347
0.19328510480430347
0.19334693625177765
0.19334693625177765
0.19340876769925183
0.193470599146726
0.193470599146726
0.193470599146726
0.193470599146726
0.1935942620416744
0.19365609348914858
0.19371792493662277
0.19371792493662277
0.19371792493662277
0.19371792493662277
0.19377975638409695
0.19384158783157113
0.19390341927904534
0.19390341927904534
0.19390341927904534
0.19390341927904534
0.19396525072651952
0.1940270821739937
0.1940270821739937
0.19415074506894206
0.19415074506894206
0.19421257651641624
0.19421257651641624
0.19427440796389042
0.19427440796389042
0.19433623941136463
0.1943980708588388
0.1943980708588388
0.1943980708588388
0.1943980708588388
0.1943980708588388
0.194459902306313
0.19452173375378717
0.19458356520126135
0.19458356520126135
0.19458356520126135
0.19458356520126135
0.19458356520126135
0.19458356520126135
0.19458356520126135
0.19458356520126135
0.19458356520126135
0.19464539664873554
0.19464539664873554
0.19464539664873554
0.19464539664873554
0.19464539664873554
0.19464539664873554
0.19470722809620974
0.19470722809620974
0.19470722809620974
0.19470722809620974
0.19470722809620974
0.19470722809620974
0.19470722809620974
0.19470722809620974
0.19470722809620974
0.19470722809620974
0.1948308909911581
0.1948308909911581
0.1948308909911581
0.1948308909911581
0.1948308909911581
0.1948308909911581
0.1948308909911581
0.1948308909911581
0.1948927224386323
0.1948927224386323
0.19495455388610647
0.19507821678105483
0.19507821678105483
0.19507821678105483
0.19507821678105483
0.19507821678105483
0.19514004822852904
0.19520187967600322
0.19520187967600322
0.19520187967600322
0.19532554257095158
0.19532554257095158
0.19532554257095158
0.19532554257095158
0.19532554257095158
0.19538737401842576
0.19551103691337415
0.19551103691337415
0.19551103691337415
0.19551103691337415
0.19551103691337415
0.19557286836084833
0.19557286836084833
0.19557286836084833
0.19563469980832252
0.1956965312557967
0.19575836270327088
0.19575836270327088
0.19575836270327088
0.19575836270327088
0.19575836270327088
0.19575836270327088
0.19575836270327088
0.19575836270327088
0.19575836270327088
0.19582019415074506
0.19582019415074506
0.19582019415074506
0.19582019415074506
0.19588202559821927
0.19588202559821927
0.19594385704569345
0.19594385704569345
0.19594385704569345
0.19594385704569345
0.19600568849316763
0.19600568849316763
0.19600568849316763
0.19600568849316763
0.1960675199406418
0.196129351388116
0.196129351388116
0.196129351388116
0.196129351388116
0.19619118283559017
0.19619118283559017
0.19619118283559017
0.19619118283559017
0.19619118283559017
0.19625301428306435
0.19637667717801274
0.19643850862548692
0.19643850862548692
0.19643850862548692
0.19643850862548692
0.19643850862548692
0.19643850862548692
0.1965003400729611
0.1965003400729611
0.1965003400729611
0.1965003400729611
0.1965003400729611
0.1965003400729611
0.19656217152043529
0.19656217152043529
0.19656217152043529
0.19656217152043529
0.19656217152043529
0.19656217152043529
0.19656217152043529
0.19656217152043529
0.19656217152043529
0.19656217152043529
0.19656217152043529
0.19662400296790947
0.19662400296790947
0.19662400296790947
0.19662400296790947
0.19662400296790947
0.19662400296790947
0.19674766586285786
0.19680949731033204
0.19680949731033204
0.19680949731033204
0.19687132875780622
0.19687132875780622
0.19687132875780622
0.1969331602052804
0.1969331602052804
0.19699499165275458
0.19699499165275458
0.19699499165275458
0.19699499165275458
0.19699499165275458
0.1970568231002288
0.1970568231002288
0.1970568231002288
0.19711865454770297
0.19711865454770297
0.19711865454770297
0.19711865454770297
0.19711865454770297
0.19711865454770297
0.19711865454770297
0.19711865454770297
0.19711865454770297
0.19711865454770297
0.19711865454770297
0.19711865454770297
0.19711865454770297
0.19718048599517715
0.19718048599517715
0.19724231744265133
0.19724231744265133
0.19724231744265133
0.19724231744265133
0.19724231744265133
0.19724231744265133
0.19724231744265133
0.1973041488901255
0.1973041488901255
0.1973659803375997
0.1973659803375997
0.1973659803375997
0.1973659803375997
0.1973659803375997
0.19748964323254808
0.19755147468002227
0.19755147468002227
0.19755147468002227
0.19761330612749645
0.19761330612749645
0.19761330612749645
0.19767513757497063
0.19767513757497063
0.1977369690224448
0.1977369690224448
0.1977369690224448
0.1977369690224448
0.1977369690224448
0.197798800469919
0.197798800469919
0.19792246336486738
0.19792246336486738
0.19792246336486738
0.19792246336486738
0.19792246336486738
0.19804612625981574
0.19804612625981574
0.19804612625981574
0.19810795770728992
0.1981697891547641
0.1981697891547641
0.1981697891547641
0.1981697891547641
0.1981697891547641
0.1981697891547641
0.1981697891547641
0.1981697891547641
0.1981697891547641
0.1981697891547641
0.1981697891547641
0.1981697891547641
0.1982316206022383
0.1982934520497125
0.1982934520497125
0.1982934520497125
0.19835528349718667
0.19841711494466086
0.19841711494466086
0.19847894639213504
0.19854077783960922
0.1986026092870834
0.1986026092870834
0.1986644407345576
0.1986644407345576
0.1986644407345576
0.1987262721820318
0.1987262721820318
0.19878810362950597
0.19891176652445433
0.19891176652445433
0.19903542941940272
0.19903542941940272
0.19903542941940272
0.1990972608668769
0.1990972608668769
0.1990972608668769
0.1990972608668769
0.1990972608668769
0.1990972608668769
0.1990972608668769
0.19915909231435108
0.19915909231435108
0.19915909231435108
0.19922092376182526
0.19922092376182526
0.19922092376182526
0.19922092376182526
0.19922092376182526
0.19934458665677363
0.19934458665677363
0.19934458665677363
0.19934458665677363
0.19934458665677363
0.1994064181042478
0.19946824955172202
0.19946824955172202
0.19946824955172202
0.19946824955172202
0.19946824955172202
0.19959191244667038
0.19959191244667038
0.19959191244667038
0.19959191244667038
0.19959191244667038
0.19959191244667038
0.19959191244667038
0.19959191244667038
0.19965374389414456
0.19965374389414456
0.19971557534161874
0.19971557534161874
0.19977740678909292
0.19977740678909292
0.19977740678909292
0.19983923823656713
0.19983923823656713
0.19983923823656713
0.1999010696840413
0.1999629011315155
0.20002473257898967
0.20002473257898967
0.20008656402646385
0.20021022692141224
0.20021022692141224
0.2003338898163606
0.2003957212638348
0.20045755271130897
0.20045755271130897
0.20045755271130897
0.20045755271130897
0.20051938415878315
0.20051938415878315
0.20051938415878315
0.20058121560625733
0.20058121560625733
0.20058121560625733
0.20064304705373154
0.20064304705373154
0.20064304705373154
0.20070487850120572
0.20070487850120572
0.20070487850120572
0.20070487850120572
0.2007667099486799
0.2007667099486799
0.2007667099486799
0.20082854139615408
0.20082854139615408
0.20089037284362826
0.20095220429110244
0.20095220429110244
0.20095220429110244
0.20095220429110244
0.20101403573857665
0.20101403573857665
0.20107586718605083
0.20113769863352501
0.20113769863352501
0.20113769863352501
0.20113769863352501
0.20113769863352501
0.2011995300809992
0.2011995300809992
0.20126136152847338
0.20126136152847338
0.20126136152847338
0.20126136152847338
0.20126136152847338
0.20132319297594756
0.20132319297594756
0.20132319297594756
0.20132319297594756
0.20132319297594756
0.20132319297594756
0.20132319297594756
0.20132319297594756
0.20138502442342177
0.20138502442342177
0.20138502442342177
0.20138502442342177
0.20138502442342177
0.20144685587089595
0.20144685587089595
0.20144685587089595
0.20144685587089595
0.20144685587089595
0.2015705187658443
0.2015705187658443
0.2015705187658443
0.2015705187658443
0.2015705187658443
0.2015705187658443
0.2015705187658443
0.2015705187658443
0.2016323502133185
0.2016323502133185
0.20169418166079267
0.20169418166079267
0.20169418166079267
0.20169418166079267
0.20175601310826685
0.20175601310826685
0.20175601310826685
0.20175601310826685
0.20175601310826685
0.20175601310826685
0.20175601310826685
0.20175601310826685
0.20175601310826685
0.20175601310826685
0.20175601310826685
0.20175601310826685
0.20181784455574106
0.20181784455574106
0.20187967600321524
0.20187967600321524
0.20187967600321524
0.20187967600321524
0.20187967600321524
0.20194150745068942
0.20194150745068942
0.20194150745068942
0.20194150745068942
0.20194150745068942
0.20194150745068942
0.20194150745068942
0.20194150745068942
0.20194150745068942
0.2020033388981636
0.2020033388981636
0.2020033388981636
0.2020033388981636
0.20206517034563778
0.20206517034563778
0.20206517034563778
0.20206517034563778
0.20206517034563778
0.20206517034563778
0.20212700179311197
0.20212700179311197
0.20212700179311197
0.20218883324058617
0.20225066468806036
0.20225066468806036
0.20225066468806036
0.20225066468806036
0.20225066468806036
0.20225066468806036
0.20225066468806036
0.20225066468806036
0.20225066468806036
0.20231249613553454
0.20231249613553454
0.20231249613553454
0.20231249613553454
0.20231249613553454
0.20231249613553454
0.20231249613553454
0.20231249613553454
0.20231249613553454
0.20231249613553454
0.20231249613553454
0.20231249613553454
0.20231249613553454
0.20231249613553454
0.20237432758300872
0.20237432758300872
0.20237432758300872
0.20237432758300872
0.20237432758300872
0.2024361590304829
0.20249799047795708
0.20249799047795708
0.20249799047795708
0.20249799047795708
0.20249799047795708
0.2025598219254313
0.2025598219254313
0.2025598219254313
0.20262165337290547
0.20262165337290547
0.20262165337290547
0.20262165337290547
0.20274531626785383
0.20274531626785383
0.20274531626785383
0.20274531626785383
0.20274531626785383
0.20274531626785383
0.20274531626785383
0.2028689791628022
0.2028689791628022
0.2028689791628022
0.2028689791628022
0.2028689791628022
0.2028689791628022
0.2028689791628022
0.2028689791628022
0.2028689791628022
0.2028689791628022
0.2028689791628022
0.2028689791628022
0.2028689791628022
0.2028689791628022
0.2028689791628022
0.20293081061027637
0.20293081061027637
0.20293081061027637
0.20293081061027637
0.20293081061027637
0.20293081061027637
0.20293081061027637
0.20293081061027637
0.20299264205775058
0.20299264205775058
0.20299264205775058
0.20299264205775058
0.20299264205775058
0.20299264205775058
0.20299264205775058
0.20299264205775058
0.20305447350522476
0.20305447350522476
0.20305447350522476
0.20311630495269895
0.20311630495269895
0.20311630495269895
0.20311630495269895
0.20311630495269895
0.20311630495269895
0.20311630495269895
0.20311630495269895
0.20311630495269895
0.20311630495269895
0.20317813640017313
0.20317813640017313
0.20317813640017313
0.20317813640017313
0.20317813640017313
0.2032399678476473
0.2032399678476473
0.2032399678476473
0.2032399678476473
0.2032399678476473
0.2032399678476473
0.2032399678476473
0.2032399678476473
0.2032399678476473
0.2033636307425957
0.2033636307425957
0.2033636307425957
0.2033636307425957
0.20348729363754406
0.20354912508501824
0.20354912508501824
0.2036727879799666
0.2036727879799666
0.2036727879799666
0.20373461942744078
0.20373461942744078
0.20373461942744078
0.203796450874915
0.203796450874915
0.20392011376986335
0.20392011376986335
0.20392011376986335
0.20392011376986335
0.20392011376986335
0.20392011376986335
0.20392011376986335
0.20392011376986335
0.20392011376986335
0.20392011376986335
0.20398194521733753
0.20398194521733753
0.20398194521733753
0.20398194521733753
0.20398194521733753
0.20404377666481172
0.20404377666481172
0.20404377666481172
0.20404377666481172
0.20404377666481172
0.20404377666481172
0.20404377666481172
0.20404377666481172
0.2041056081122859
0.2041056081122859
0.2041056081122859
0.2041674395597601
0.2041674395597601
0.2042292710072343
0.2042292710072343
0.2042292710072343
0.2042292710072343
0.2042292710072343
0.2042292710072343
0.2042292710072343
0.2042292710072343
0.2042292710072343
0.2042292710072343
0.20429110245470847
0.20429110245470847
0.20441476534965683
0.20441476534965683
0.20441476534965683
0.204476596797131
0.204476596797131
0.204476596797131
0.204476596797131
0.204476596797131
0.204476596797131
0.204476596797131
0.204476596797131
0.20453842824460522
0.20453842824460522
0.20453842824460522
0.20453842824460522
0.20453842824460522
0.20453842824460522
0.2046002596920794
0.2046002596920794
0.2046002596920794
0.2046002596920794
0.2046002596920794
0.20466209113955358
0.20466209113955358
0.20472392258702776
0.20472392258702776
0.20472392258702776
0.20472392258702776
0.20472392258702776
0.20478575403450194
0.20478575403450194
0.20478575403450194
0.20478575403450194
0.20478575403450194
0.20478575403450194
0.20478575403450194
0.20484758548197612
0.20484758548197612
0.20484758548197612
0.20484758548197612
0.20484758548197612
0.2049094169294503
0.2050330798243987
0.2050330798243987
0.2050330798243987
0.2050330798243987
0.2050330798243987
0.20509491127187288
0.20509491127187288
0.20509491127187288
0.20509491127187288
0.20509491127187288
0.20509491127187288
0.20521857416682124
0.20521857416682124
0.20521857416682124
0.20521857416682124
0.20521857416682124
0.20521857416682124
0.20528040561429542
0.20534223706176963
0.20534223706176963
0.205465899956718
0.205465899956718
0.205465899956718
0.205465899956718
0.205465899956718
0.20552773140419217
0.20552773140419217
0.20552773140419217
0.20552773140419217
0.20552773140419217
0.20552773140419217
0.20552773140419217
0.20552773140419217
0.20552773140419217
0.20552773140419217
0.20552773140419217
0.20552773140419217
0.20552773140419217
0.20552773140419217
0.20552773140419217
0.20552773140419217
0.20552773140419217
0.20552773140419217
0.20552773140419217
0.20552773140419217
0.20552773140419217
0.20552773140419217
0.20558956285166635
0.20558956285166635
0.20565139429914053
0.20565139429914053
0.20565139429914053
0.20571322574661474
0.20571322574661474
0.20571322574661474
0.2058368886415631
0.2058368886415631
0.2058368886415631
0.2058368886415631
0.2058368886415631
0.2058368886415631
0.2058368886415631
0.20596055153651147
0.20596055153651147
0.20596055153651147
0.20596055153651147
0.20596055153651147
0.20596055153651147
0.20596055153651147
0.20596055153651147
0.20596055153651147
0.20596055153651147
0.20602238298398565
0.20608421443145983
0.20608421443145983
0.20608421443145983
0.20608421443145983
0.20608421443145983
0.20608421443145983
0.20608421443145983
0.20608421443145983
0.20608421443145983
0.20614604587893404
0.20614604587893404
0.20614604587893404
0.20614604587893404
0.20614604587893404
0.20614604587893404
0.20614604587893404
0.20614604587893404
0.20614604587893404
0.20620787732640822
0.2062697087738824
0.2062697087738824
0.2062697087738824
0.2062697087738824
0.2062697087738824
