6.183144747418538e-05
0.0001854943424225561
0.0001854943424225561
0.0001854943424225561
0.0001854943424225561
0.0001854943424225561
0.0002473257898967415
0.00030915723737092685
0.00030915723737092685
0.0003709886848451122
0.0004328201323192976
0.0004328201323192976
0.0004328201323192976
0.0004328201323192976
0.0005564830272676684
0.0007419773696902244
0.0008038088171644099
0.0008038088171644099
0.0008038088171644099
0.0008656402646385952
0.000989303159586966
0.0011129660545353367
0.0011129660545353367
0.001174797502009522
0.001174797502009522
0.001174797502009522
0.001174797502009522
0.001174797502009522
0.001174797502009522
0.0012366289494837074
0.0012366289494837074
0.0012366289494837074
0.0012366289494837074
0.001360291844432078
0.0016076176343288197
0.0016076176343288197
0.0016076176343288197
0.0016076176343288197
0.0016076176343288197
0.001854943424225561
0.001854943424225561
0.001854943424225561
0.0019167748716997465
0.0019167748716997465
0.0019167748716997465
0.001978606319173932
0.0021022692141223027
0.0021022692141223027
0.0021022692141223027
0.002164100661596488
0.002164100661596488
0.002164100661596488
0.002164100661596488
0.002164100661596488
0.002164100661596488
0.002164100661596488
0.0022259321090706734
0.0022877635565448588
0.0022877635565448588
0.0022877635565448588
0.0024114264514932295
0.0024114264514932295
0.0024114264514932295
0.0024114264514932295
0.0024114264514932295
0.0024114264514932295
0.002473257898967415
0.002473257898967415
0.002473257898967415
0.002473257898967415
0.002473257898967415
0.002473257898967415
0.002473257898967415
0.002473257898967415
0.002473257898967415
0.002473257898967415
0.002473257898967415
0.0025350893464416
0.0025350893464416
0.0025969207939157855
0.0025969207939157855
0.0025969207939157855
0.002658752241389971
0.002658752241389971
0.002658752241389971
0.002658752241389971
0.002658752241389971
0.002720583688864156
0.002720583688864156
0.002720583688864156
0.002720583688864156
0.002720583688864156
0.0027824151363383415
0.0027824151363383415
0.0027824151363383415
0.0027824151363383415
0.0027824151363383415
0.002844246583812527
0.002844246583812527
0.0029060780312867122
0.0029060780312867122
0.0029060780312867122
0.0029679094787608976
0.0029679094787608976
0.0029679094787608976
0.0029679094787608976
0.0029679094787608976
0.0029679094787608976
0.0029679094787608976
0.0029679094787608976
0.0029679094787608976
0.0029679094787608976
0.0029679094787608976
0.0029679094787608976
0.0029679094787608976
0.0029679094787608976
0.0029679094787608976
0.0029679094787608976
0.0029679094787608976
0.0029679094787608976
0.0029679094787608976
0.0030297409262350834
0.0030297409262350834
0.0030297409262350834
0.0030915723737092687
0.003153403821183454
0.003153403821183454
0.003153403821183454
0.003153403821183454
0.003153403821183454
0.003153403821183454
0.003153403821183454
0.003153403821183454
0.003153403821183454
0.003153403821183454
0.003153403821183454
0.003153403821183454
0.003153403821183454
0.003153403821183454
0.0032152352686576394
0.0032152352686576394
0.0032152352686576394
0.0032152352686576394
0.0032152352686576394
0.0032152352686576394
0.0032152352686576394
0.0032152352686576394
0.0032152352686576394
0.0032152352686576394
0.0032152352686576394
0.0032152352686576394
0.0032152352686576394
0.0032152352686576394
0.0032152352686576394
0.0032152352686576394
0.0032152352686576394
0.0032152352686576394
0.0032152352686576394
0.0032152352686576394
0.0032152352686576394
0.0032152352686576394
0.0032152352686576394
0.0032152352686576394
0.0032152352686576394
0.0032152352686576394
0.0032152352686576394
0.0032152352686576394
0.0032152352686576394
0.0032152352686576394
0.0032152352686576394
0.0032152352686576394
0.0032152352686576394
0.0032152352686576394
0.0032770667161318248
0.0032770667161318248
0.0032770667161318248
0.0032770667161318248
0.0032770667161318248
0.0032770667161318248
0.0032770667161318248
0.0032770667161318248
0.00333889816360601
0.00333889816360601
0.00333889816360601
0.00333889816360601
0.00333889816360601
0.00333889816360601
0.00333889816360601
0.00333889816360601
0.0034007296110801955
0.0034007296110801955
0.0034007296110801955
0.0034007296110801955
0.003462561058554381
0.003462561058554381
0.003462561058554381
0.003462561058554381
0.003462561058554381
0.003462561058554381
0.003462561058554381
0.003462561058554381
0.003462561058554381
0.003462561058554381
0.003462561058554381
0.003462561058554381
0.003524392506028566
0.003524392506028566
0.003524392506028566
0.003524392506028566
0.003524392506028566
0.003524392506028566
0.003524392506028566
0.003524392506028566
0.003524392506028566
0.0035862239535027515
0.0035862239535027515
0.0035862239535027515
0.0035862239535027515
0.0035862239535027515
0.0035862239535027515
0.0035862239535027515
0.0035862239535027515
0.0035862239535027515
0.0035862239535027515
0.0035862239535027515
0.0035862239535027515
0.0035862239535027515
0.0035862239535027515
0.0035862239535027515
0.0035862239535027515
0.0035862239535027515
0.0035862239535027515
0.003648055400976937
0.003648055400976937
0.003648055400976937
0.003648055400976937
0.003648055400976937
0.003648055400976937
0.003648055400976937
0.003648055400976937
0.003648055400976937
0.003648055400976937
0.003709886848451122
0.003709886848451122
0.003709886848451122
0.003709886848451122
0.003709886848451122
0.003709886848451122
0.0037717182959253076
0.0037717182959253076
0.0037717182959253076
0.0037717182959253076
0.0037717182959253076
0.0037717182959253076
0.0037717182959253076
0.0037717182959253076
0.0037717182959253076
0.0037717182959253076
0.0037717182959253076
0.0037717182959253076
0.0037717182959253076
0.0037717182959253076
0.0037717182959253076
0.0037717182959253076
0.0037717182959253076
0.0037717182959253076
0.0037717182959253076
0.0037717182959253076
0.0037717182959253076
0.0037717182959253076
0.0037717182959253076
0.0037717182959253076
0.0037717182959253076
0.0037717182959253076
0.0037717182959253076
0.0037717182959253076
0.0037717182959253076
0.0037717182959253076
0.0037717182959253076
0.0037717182959253076
0.0037717182959253076
0.0037717182959253076
0.0037717182959253076
0.0037717182959253076
0.0037717182959253076
0.0037717182959253076
0.0037717182959253076
0.0037717182959253076
0.0037717182959253076
0.0037717182959253076
0.003833549743399493
0.003833549743399493
0.0038953811908736783
0.0038953811908736783
0.0038953811908736783
0.003957212638347864
0.003957212638347864
0.003957212638347864
0.003957212638347864
0.003957212638347864
0.004019044085822049
0.004019044085822049
0.004019044085822049
0.004019044085822049
0.004019044085822049
0.004019044085822049
0.004019044085822049
0.004019044085822049
0.004019044085822049
0.004019044085822049
0.004019044085822049
0.004019044085822049
0.004019044085822049
0.004019044085822049
0.004019044085822049
0.004019044085822049
0.004080875533296235
0.004080875533296235
0.004080875533296235
0.004080875533296235
0.004080875533296235
0.004080875533296235
0.004080875533296235
0.004080875533296235
0.004080875533296235
0.004080875533296235
0.004080875533296235
0.004080875533296235
0.004080875533296235
0.004080875533296235
0.004080875533296235
0.004080875533296235
0.004080875533296235
0.004080875533296235
0.004080875533296235
0.004080875533296235
0.004080875533296235
0.004080875533296235
0.004080875533296235
0.004080875533296235
0.004080875533296235
0.004080875533296235
0.004080875533296235
0.00414270698077042
0.00414270698077042
0.00414270698077042
0.00414270698077042
0.00414270698077042
0.00414270698077042
0.00414270698077042
0.00414270698077042
0.00414270698077042
0.00414270698077042
0.00414270698077042
0.014592221603907747
0.014592221603907747
0.014592221603907747
0.014592221603907747
0.014592221603907747
0.014592221603907747
0.014592221603907747
0.014592221603907747
0.014592221603907747
0.014654053051381934
0.014654053051381934
0.014654053051381934
0.014654053051381934
0.014654053051381934
0.014654053051381934
0.014654053051381934
0.014654053051381934
0.014654053051381934
0.014654053051381934
0.014654053051381934
0.014654053051381934
0.014654053051381934
0.014654053051381934
0.014654053051381934
0.014654053051381934
0.014654053051381934
0.014654053051381934
0.014654053051381934
0.014654053051381934
0.014715884498856118
0.014715884498856118
0.014715884498856118
0.014715884498856118
0.014715884498856118
0.014715884498856118
0.014715884498856118
0.014715884498856118
0.014715884498856118
0.014715884498856118
0.014715884498856118
0.014715884498856118
0.014715884498856118
0.014715884498856118
0.014715884498856118
0.014715884498856118
0.014715884498856118
0.014715884498856118
0.014715884498856118
0.014715884498856118
0.014715884498856118
0.014715884498856118
0.014715884498856118
0.014715884498856118
0.014715884498856118
0.014715884498856118
0.014715884498856118
0.014715884498856118
0.014715884498856118
0.014715884498856118
0.014715884498856118
0.014715884498856118
0.014715884498856118
0.014715884498856118
0.014715884498856118
0.014715884498856118
0.014715884498856118
0.014715884498856118
0.014715884498856118
0.014715884498856118
0.014715884498856118
0.014715884498856118
0.014777715946330304
0.014777715946330304
0.014777715946330304
0.014777715946330304
0.014777715946330304
0.014777715946330304
0.014777715946330304
0.014839547393804489
0.014839547393804489
0.014839547393804489
0.01496321028875286
0.01496321028875286
0.01496321028875286
0.01496321028875286
0.01496321028875286
0.01496321028875286
0.01496321028875286
0.01496321028875286
0.01496321028875286
0.01496321028875286
0.01496321028875286
0.01496321028875286
0.01496321028875286
0.01496321028875286
0.01496321028875286
0.01496321028875286
0.01496321028875286
0.01496321028875286
0.01496321028875286
0.01496321028875286
0.01496321028875286
0.01496321028875286
0.01496321028875286
0.01496321028875286
0.01496321028875286
0.01496321028875286
0.01496321028875286
0.01496321028875286
0.01496321028875286
0.01496321028875286
0.01496321028875286
0.01496321028875286
0.01496321028875286
0.01496321028875286
0.015025041736227046
0.015025041736227046
0.015025041736227046
0.015025041736227046
0.01508687318370123
0.01508687318370123
0.01508687318370123
0.01508687318370123
0.015148704631175416
0.015148704631175416
0.015148704631175416
0.015148704631175416
0.015148704631175416
0.015148704631175416
0.015148704631175416
0.015148704631175416
0.015148704631175416
0.015148704631175416
0.015148704631175416
0.015148704631175416
0.015148704631175416
0.015148704631175416
0.015148704631175416
0.015148704631175416
0.015148704631175416
0.015148704631175416
0.015210536078649601
0.015210536078649601
0.015210536078649601
0.015210536078649601
0.015210536078649601
0.015210536078649601
0.015210536078649601
0.015272367526123787
0.015272367526123787
0.015272367526123787
0.015272367526123787
0.015272367526123787
0.015272367526123787
0.015272367526123787
0.015272367526123787
0.015272367526123787
0.015272367526123787
0.015272367526123787
0.015272367526123787
0.015272367526123787
0.015272367526123787
0.015272367526123787
0.015272367526123787
0.015272367526123787
0.015272367526123787
0.015272367526123787
0.015272367526123787
0.015272367526123787
0.015272367526123787
0.015272367526123787
0.015272367526123787
0.015272367526123787
0.015272367526123787
0.015272367526123787
0.015272367526123787
0.015272367526123787
0.015272367526123787
0.015272367526123787
0.015272367526123787
0.015272367526123787
0.015272367526123787
0.015272367526123787
0.015272367526123787
0.015272367526123787
0.015272367526123787
0.015272367526123787
0.015272367526123787
0.015272367526123787
0.015272367526123787
0.015272367526123787
0.015272367526123787
0.015272367526123787
0.015272367526123787
0.015272367526123787
0.015272367526123787
0.015272367526123787
0.015272367526123787
0.015272367526123787
0.015272367526123787
0.015272367526123787
0.015272367526123787
0.015272367526123787
0.015272367526123787
0.015272367526123787
0.015272367526123787
0.015272367526123787
0.015272367526123787
0.015272367526123787
0.015272367526123787
0.015272367526123787
0.015272367526123787
0.015272367526123787
0.015272367526123787
0.015272367526123787
0.015272367526123787
0.015272367526123787
0.015272367526123787
0.015272367526123787
0.015272367526123787
0.015272367526123787
0.015272367526123787
0.015272367526123787
0.015272367526123787
0.015272367526123787
0.015272367526123787
0.015272367526123787
0.015272367526123787
0.015272367526123787
0.015272367526123787
0.015272367526123787
0.015272367526123787
0.015272367526123787
0.015272367526123787
0.015272367526123787
0.015272367526123787
0.015272367526123787
0.015272367526123787
0.015272367526123787
0.015272367526123787
0.015272367526123787
0.015272367526123787
0.015272367526123787
0.015272367526123787
0.015272367526123787
0.015272367526123787
0.015272367526123787
0.015272367526123787
0.015272367526123787
0.015272367526123787
0.015272367526123787
0.015272367526123787
0.015272367526123787
0.015272367526123787
0.015272367526123787
0.015272367526123787
0.015272367526123787
0.015272367526123787
0.015272367526123787
0.015272367526123787
0.015272367526123787
0.015272367526123787
0.015272367526123787
0.015272367526123787
0.015272367526123787
0.015272367526123787
0.015272367526123787
0.015272367526123787
0.015272367526123787
0.015272367526123787
0.015272367526123787
0.015272367526123787
0.015272367526123787
0.015272367526123787
0.015272367526123787
0.015272367526123787
0.015272367526123787
0.015272367526123787
0.015272367526123787
0.015272367526123787
0.015272367526123787
0.015272367526123787
0.015272367526123787
0.015272367526123787
0.015272367526123787
0.015272367526123787
0.015272367526123787
0.015272367526123787
0.015272367526123787
0.015272367526123787
0.015272367526123787
0.015272367526123787
0.015272367526123787
0.015272367526123787
0.015272367526123787
0.015272367526123787
0.015272367526123787
0.015272367526123787
0.015272367526123787
0.015272367526123787
0.015272367526123787
0.015272367526123787
0.015272367526123787
0.015272367526123787
0.015272367526123787
0.015272367526123787
0.015272367526123787
0.015272367526123787
0.015272367526123787
0.015272367526123787
0.015334198973597972
0.015334198973597972
0.015334198973597972
0.015334198973597972
0.015334198973597972
0.015334198973597972
0.015334198973597972
0.015334198973597972
0.015334198973597972
0.015334198973597972
0.015334198973597972
0.015334198973597972
0.015334198973597972
0.015334198973597972
0.015334198973597972
0.015334198973597972
0.015334198973597972
0.015334198973597972
0.015334198973597972
0.015334198973597972
0.015334198973597972
0.015334198973597972
0.015334198973597972
0.015334198973597972
0.015334198973597972
0.015334198973597972
0.015334198973597972
0.015334198973597972
0.015334198973597972
0.015396030421072158
0.015396030421072158
0.015396030421072158
0.015396030421072158
0.015396030421072158
0.015396030421072158
0.015396030421072158
0.015396030421072158
0.015396030421072158
0.015396030421072158
0.015457861868546342
0.015457861868546342
0.015457861868546342
0.015457861868546342
0.015457861868546342
0.015457861868546342
0.015457861868546342
0.015519693316020529
0.015519693316020529
0.015519693316020529
0.015519693316020529
0.015519693316020529
0.015519693316020529
0.015519693316020529
0.015581524763494713
0.015581524763494713
0.015581524763494713
0.015581524763494713
0.015581524763494713
0.015581524763494713
0.015581524763494713
0.015581524763494713
0.015581524763494713
0.015581524763494713
0.015581524763494713
0.015581524763494713
0.015581524763494713
0.015581524763494713
0.015581524763494713
0.015581524763494713
0.015581524763494713
0.015581524763494713
0.015581524763494713
0.015581524763494713
0.015581524763494713
0.015581524763494713
0.015581524763494713
0.015581524763494713
0.015581524763494713
0.015581524763494713
0.015581524763494713
0.015581524763494713
0.015581524763494713
0.015581524763494713
0.015581524763494713
0.015581524763494713
0.015581524763494713
0.015581524763494713
0.015581524763494713
0.015581524763494713
0.015581524763494713
0.015581524763494713
0.015581524763494713
0.015581524763494713
0.015581524763494713
0.015581524763494713
0.015581524763494713
0.015581524763494713
0.015581524763494713
0.015581524763494713
0.015581524763494713
0.015581524763494713
0.015581524763494713
0.015581524763494713
0.015581524763494713
0.015581524763494713
0.015581524763494713
0.015581524763494713
0.015581524763494713
0.015581524763494713
0.015581524763494713
0.015581524763494713
0.015581524763494713
0.015581524763494713
0.015581524763494713
0.015581524763494713
0.015581524763494713
0.015581524763494713
0.015581524763494713
0.015581524763494713
0.015581524763494713
0.015581524763494713
0.015581524763494713
0.015581524763494713
0.015581524763494713
0.015581524763494713
0.015581524763494713
0.015581524763494713
0.015581524763494713
0.015581524763494713
0.015581524763494713
0.015581524763494713
0.015581524763494713
0.015581524763494713
0.015581524763494713
0.015581524763494713
0.015581524763494713
0.015581524763494713
0.015581524763494713
0.015581524763494713
0.015581524763494713
0.015581524763494713
0.015581524763494713
0.015581524763494713
0.015581524763494713
0.015581524763494713
0.015581524763494713
0.015581524763494713
0.015581524763494713
0.015581524763494713
0.015581524763494713
0.015581524763494713
0.015581524763494713
0.015581524763494713
0.015581524763494713
0.015581524763494713
0.015581524763494713
0.015581524763494713
0.015581524763494713
0.015581524763494713
0.015581524763494713
0.015581524763494713
0.015581524763494713
0.015581524763494713
0.015581524763494713
0.015581524763494713
0.015581524763494713
0.015581524763494713
0.015581524763494713
0.015581524763494713
0.015581524763494713
0.015581524763494713
0.015581524763494713
0.015581524763494713
0.015581524763494713
0.015581524763494713
0.015581524763494713
0.015581524763494713
0.015581524763494713
0.015581524763494713
0.015581524763494713
0.015581524763494713
0.015581524763494713
0.015581524763494713
0.015581524763494713
0.015581524763494713
0.015581524763494713
0.015581524763494713
0.015581524763494713
0.015581524763494713
0.015581524763494713
0.015581524763494713
0.015581524763494713
0.015581524763494713
0.015581524763494713
0.015581524763494713
0.015581524763494713
0.015581524763494713
0.015581524763494713
0.015581524763494713
0.015581524763494713
0.015581524763494713
0.015581524763494713
0.015581524763494713
0.015581524763494713
0.015581524763494713
0.015581524763494713
0.015581524763494713
0.015581524763494713
0.015581524763494713
0.015581524763494713
0.015581524763494713
0.015581524763494713
0.015581524763494713
0.015581524763494713
0.015581524763494713
0.015581524763494713
0.015581524763494713
0.015581524763494713
0.015581524763494713
0.015581524763494713
0.015581524763494713
0.015581524763494713
0.015581524763494713
0.015581524763494713
0.015581524763494713
0.015581524763494713
0.015581524763494713
0.015581524763494713
0.015581524763494713
0.015581524763494713
0.015581524763494713
0.015581524763494713
0.015581524763494713
0.015581524763494713
0.015581524763494713
0.015581524763494713
0.015581524763494713
0.015581524763494713
0.015581524763494713
0.015581524763494713
0.015581524763494713
0.015581524763494713
0.015581524763494713
0.015581524763494713
0.015581524763494713
0.015581524763494713
0.015581524763494713
0.015581524763494713
0.015581524763494713
0.015581524763494713
0.015581524763494713
0.015581524763494713
0.015581524763494713
0.015581524763494713
0.015581524763494713
0.015581524763494713
0.015581524763494713
0.015581524763494713
0.015581524763494713
0.015581524763494713
0.015581524763494713
0.015581524763494713
0.015581524763494713
0.015581524763494713
0.015581524763494713
0.015581524763494713
0.015581524763494713
0.015581524763494713
0.015581524763494713
0.015581524763494713
0.015581524763494713
0.015581524763494713
0.015581524763494713
0.015581524763494713
0.015581524763494713
0.015581524763494713
0.015581524763494713
0.015581524763494713
0.015581524763494713
0.015581524763494713
0.015581524763494713
0.015581524763494713
0.015581524763494713
0.015581524763494713
0.015581524763494713
0.015581524763494713
0.015581524763494713
0.015581524763494713
0.015581524763494713
0.015581524763494713
0.015581524763494713
0.015581524763494713
0.015581524763494713
0.015581524763494713
0.015581524763494713
0.015581524763494713
0.015581524763494713
0.015581524763494713
0.015581524763494713
0.015581524763494713
0.015581524763494713
0.015581524763494713
0.015581524763494713
0.015581524763494713
0.015581524763494713
0.015581524763494713
0.015581524763494713
0.015581524763494713
0.015581524763494713
0.015581524763494713
0.015581524763494713
0.015581524763494713
0.015581524763494713
0.015581524763494713
0.015581524763494713
0.015581524763494713
0.015581524763494713
0.015581524763494713
0.015581524763494713
0.015581524763494713
0.015581524763494713
0.015581524763494713
0.015581524763494713
0.015581524763494713
0.015581524763494713
0.015581524763494713
0.015581524763494713
0.015581524763494713
0.015581524763494713
0.015581524763494713
0.0156433562109689
0.0156433562109689
0.0156433562109689
0.0156433562109689
0.0156433562109689
0.0156433562109689
0.0156433562109689
