0.1195820194150745
0.1318864774624374
0.13664749891794967
0.1398627341866073
0.1424596549805231
0.14443826129969703
0.14586038459160328
0.1474061707784579
0.14858096828046743
0.1496321028875286
0.15074506894206394
0.1521671922339702
0.1529091696036604
0.1533419897359797
0.15365114697335064
0.15408396710566993
0.15457861868546344
0.15501143881778273
0.15569158473999875
0.1559389105298955
0.15630989921474062
0.1568045507945341
0.1572373709268534
0.1577320225066469
0.15828850553391455
0.1585358313238113
0.15878315711370802
0.15903048290360478
0.15946330303592407
0.15971062882582082
0.15989612316824336
0.16008161751066594
0.1605762690904594
0.16076176343288195
0.1610090892227787
0.16125641501267546
0.16156557225004636
0.1618747294874173
0.16193656093489148
0.16212205527731405
0.16236938106721077
0.16255487540963334
0.16298769554195264
0.16298769554195264
0.1632350213318494
0.16335868422679775
0.16335868422679775
0.16342051567427193
0.1635441785692203
0.1636060100166945
0.16385333580659123
0.1639151672540654
0.16397699870153962
0.16416249304396216
0.16422432449143634
0.1643479873863847
0.16453348172880727
0.16465714462375564
0.1648426389661782
0.16502813330860075
0.1651517962035491
0.1652754590984975
0.16533729054597168
0.16539912199344586
0.16552278488839423
0.16564644778334262
0.16583194212576516
0.16601743646818773
0.16620293081061027
0.16645025660050702
0.16657391949545539
0.16669758239040375
0.16675941383787796
0.16675941383787796
0.1669449081803005
0.16713040252272307
0.16719223397019725
0.1673158968651456
0.1673777283126198
0.16750139120756816
0.16762505410251655
0.16762505410251655
0.16768688554999073
0.16768688554999073
0.16793421133988748
0.16805787423483584
0.16824336857725838
0.16830520002473257
0.16830520002473257
0.16830520002473257
0.16836703147220677
0.16842886291968096
0.16849069436715514
0.16886168305200025
0.1689853459469486
0.169109008841897
0.16917084028937118
0.16929450318431954
0.16929450318431954
0.16935633463179373
0.1695418289742163
0.16972732331663884
0.16978915476411302
0.16978915476411302
0.1699128176590614
0.1699746491065356
0.17016014344895813
0.17022197489643232
0.17028380634390652
0.17028380634390652
0.17028380634390652
0.17046930068632907
0.17053113213380325
0.1706547950287516
0.1706547950287516
0.1707784579237
0.1707784579237
0.1707784579237
0.1707784579237
0.17084028937117418
0.17108761516107093
0.17108761516107093
0.1711494466085451
0.1712112780560193
0.17127310950349348
0.17133494095096766
0.17139677239844184
0.17139677239844184
0.17145860384591605
0.17152043529339023
0.17170592963581277
0.17170592963581277
0.17182959253076113
0.17182959253076113
0.17182959253076113
0.17195325542570952
0.17207691832065788
0.17207691832065788
0.17207691832065788
0.17220058121560625
0.17226241266308046
0.17232424411055464
0.17232424411055464
0.17250973845297718
0.17250973845297718
0.17250973845297718
0.17250973845297718
0.17263340134792554
0.17269523279539975
0.1728188956903481
0.1728188956903481
0.1728807271378223
0.1728807271378223
0.17294255858529647
0.17306622148024486
0.17306622148024486
0.17306622148024486
0.17312805292771904
0.17318988437519323
0.17318988437519323
0.1732517158226674
0.1732517158226674
0.1732517158226674
0.1733135472701416
0.1733135472701416
0.17337537871761577
0.17343721016508998
0.17349904161256416
0.17362270450751252
0.17362270450751252
0.17362270450751252
0.17362270450751252
0.17362270450751252
0.17374636740246088
0.17374636740246088
0.17387003029740927
0.17393186174488345
0.17399369319235763
0.17405552463983182
0.17405552463983182
0.17405552463983182
0.174117356087306
0.1742410189822544
0.17436468187720275
0.17436468187720275
0.17436468187720275
0.17436468187720275
0.1744883447721511
0.1744883447721511
0.1745501762196253
0.1746120076670995
0.17467383911457368
0.17473567056204786
0.17473567056204786
0.17479750200952204
0.17485933345699622
0.17485933345699622
0.1749829963519446
0.1749829963519446
0.17510665924689298
0.17523032214184134
0.17529215358931552
0.17529215358931552
0.1753539850367897
0.1753539850367897
0.1753539850367897
0.1754158164842639
0.1754776479317381
0.17553947937921227
0.17560131082668645
0.17560131082668645
0.17560131082668645
0.17560131082668645
0.17560131082668645
0.17566314227416063
0.17566314227416063
0.17566314227416063
0.17566314227416063
0.17566314227416063
0.17566314227416063
0.17572497372163481
0.1758486366165832
0.1758486366165832
0.1758486366165832
0.1758486366165832
0.1758486366165832
0.17591046806405738
0.17591046806405738
0.17597229951153157
0.17597229951153157
0.17609596240647993
0.17609596240647993
0.17609596240647993
0.17609596240647993
0.1761577938539541
0.1761577938539541
0.1761577938539541
0.1761577938539541
0.17621962530142832
0.17621962530142832
0.1762814567489025
0.1762814567489025
0.1762814567489025
0.1762814567489025
0.1762814567489025
0.1762814567489025
0.17640511964385086
0.17646695109132504
0.17646695109132504
0.17652878253879922
0.17652878253879922
0.17659061398627343
0.17659061398627343
0.17659061398627343
0.1766524454337476
0.1766524454337476
0.1766524454337476
0.1766524454337476
0.1766524454337476
0.1766524454337476
0.1767142768812218
0.1767142768812218
0.1767142768812218
0.1767142768812218
0.17677610832869597
0.17677610832869597
0.17683793977617016
0.17689977122364434
0.17689977122364434
0.17689977122364434
0.17689977122364434
0.17702343411859273
0.17702343411859273
0.17702343411859273
0.17702343411859273
0.17702343411859273
0.1770852655660669
0.1770852655660669
0.1770852655660669
0.1771470970135411
0.1771470970135411
0.17720892846101527
0.17739442280343784
0.17739442280343784
0.17739442280343784
0.17739442280343784
0.17739442280343784
0.17739442280343784
0.17739442280343784
0.17739442280343784
0.17745625425091202
0.17745625425091202
0.17745625425091202
0.17745625425091202
0.17745625425091202
0.17745625425091202
0.17745625425091202
0.17745625425091202
0.17745625425091202
0.17745625425091202
0.17745625425091202
0.1775180856983862
0.17757991714586038
0.17764174859333456
0.17770358004080875
0.17770358004080875
0.17770358004080875
0.17776541148828295
0.17776541148828295
0.17776541148828295
0.17782724293575713
0.17782724293575713
0.17782724293575713
0.17782724293575713
0.17782724293575713
0.17782724293575713
0.17782724293575713
0.17788907438323132
0.17788907438323132
0.17801273727817968
0.17801273727817968
0.17801273727817968
0.17801273727817968
0.17801273727817968
0.17807456872565386
0.17813640017312804
0.17819823162060225
0.17819823162060225
0.1783218945155506
0.1783218945155506
0.1783218945155506
0.1783218945155506
0.1783218945155506
0.1783218945155506
0.1783218945155506
0.1783837259630248
0.17850738885797315
0.17850738885797315
0.17856922030544736
0.17856922030544736
0.17856922030544736
0.17856922030544736
0.17863105175292154
0.17863105175292154
0.17863105175292154
0.17863105175292154
0.17863105175292154
0.17863105175292154
0.17863105175292154
0.17863105175292154
0.17863105175292154
0.17863105175292154
0.17863105175292154
0.17869288320039572
0.17869288320039572
0.17869288320039572
0.17869288320039572
0.17869288320039572
0.1787547146478699
0.1788165460953441
0.17887837754281827
0.17887837754281827
0.17894020899029248
0.17894020899029248
0.17894020899029248
0.17894020899029248
0.17894020899029248
0.17894020899029248
0.17900204043776666
0.17906387188524084
0.17906387188524084
0.17906387188524084
0.17906387188524084
0.17906387188524084
0.17906387188524084
0.17906387188524084
0.17912570333271502
0.17924936622766338
0.17924936622766338
0.17924936622766338
0.17924936622766338
0.17924936622766338
0.17931119767513756
0.17931119767513756
0.17931119767513756
0.17937302912261177
0.17937302912261177
0.17937302912261177
0.17937302912261177
0.17937302912261177
0.17937302912261177
0.17937302912261177
0.17937302912261177
0.17937302912261177
0.17937302912261177
0.17937302912261177
0.17943486057008595
0.17949669201756013
0.17949669201756013
0.17949669201756013
0.17949669201756013
0.17955852346503431
0.17955852346503431
0.17955852346503431
0.17955852346503431
0.17955852346503431
0.17955852346503431
0.17955852346503431
0.17955852346503431
0.17955852346503431
0.1796203549125085
0.1796203549125085
0.17968218635998268
0.17968218635998268
0.17968218635998268
0.17974401780745689
0.17974401780745689
0.17980584925493107
0.17980584925493107
0.17980584925493107
0.17980584925493107
0.17980584925493107
0.17986768070240525
0.17986768070240525
0.17986768070240525
0.17986768070240525
0.17986768070240525
0.17992951214987943
0.1799913435973536
0.1799913435973536
0.1799913435973536
0.1800531750448278
0.1800531750448278
0.1800531750448278
0.1800531750448278
0.1800531750448278
0.1800531750448278
0.1800531750448278
0.18011500649230197
0.18011500649230197
0.18011500649230197
0.18011500649230197
0.18011500649230197
0.18023866938725036
0.18023866938725036
0.18023866938725036
0.18023866938725036
0.18023866938725036
0.18023866938725036
0.18023866938725036
0.18030050083472454
0.18030050083472454
0.18030050083472454
0.18030050083472454
0.18030050083472454
0.18030050083472454
0.18030050083472454
0.18030050083472454
0.18030050083472454
0.18030050083472454
0.18030050083472454
0.18036233228219872
0.18036233228219872
0.18036233228219872
0.18036233228219872
0.18036233228219872
0.18036233228219872
0.18036233228219872
0.18036233228219872
0.1804241637296729
0.1804241637296729
0.1804241637296729
0.18048599517714708
0.18048599517714708
0.18048599517714708
0.18048599517714708
0.18048599517714708
0.18048599517714708
0.18048599517714708
0.1805478266246213
0.1805478266246213
0.1805478266246213
0.18067148951956966
0.18067148951956966
0.18067148951956966
0.18067148951956966
0.18067148951956966
0.18067148951956966
0.18067148951956966
0.18067148951956966
0.18067148951956966
0.18073332096704384
0.18073332096704384
0.18073332096704384
0.18073332096704384
0.18073332096704384
0.18073332096704384
0.18073332096704384
0.18073332096704384
0.18073332096704384
0.18073332096704384
0.18073332096704384
0.18073332096704384
0.18073332096704384
0.18073332096704384
0.18073332096704384
0.18073332096704384
0.18079515241451802
0.18079515241451802
0.18079515241451802
0.18079515241451802
0.18079515241451802
0.1808569838619922
0.1808569838619922
0.1808569838619922
0.1808569838619922
0.1808569838619922
0.1808569838619922
0.1808569838619922
0.1809188153094664
0.1809806467569406
0.1809806467569406
0.18104247820441477
0.18104247820441477
0.18104247820441477
0.18104247820441477
0.18104247820441477
0.18104247820441477
0.18104247820441477
0.18104247820441477
0.18104247820441477
0.18110430965188895
0.18110430965188895
0.18110430965188895
0.18110430965188895
0.18110430965188895
0.18110430965188895
0.18110430965188895
0.18110430965188895
0.18116614109936313
0.18116614109936313
0.18116614109936313
0.18116614109936313
0.18116614109936313
0.18116614109936313
0.18116614109936313
0.18116614109936313
0.18116614109936313
0.18116614109936313
0.1812898039943115
0.1812898039943115
0.1812898039943115
0.1813516354417857
0.1813516354417857
0.1813516354417857
0.1813516354417857
0.1813516354417857
0.18153712978420825
0.18153712978420825
0.18153712978420825
0.1816607926791566
0.1816607926791566
0.1816607926791566
0.181784455574105
0.181784455574105
0.181784455574105
0.181784455574105
0.181784455574105
0.18184628702157918
0.18184628702157918
0.18184628702157918
0.18184628702157918
0.18184628702157918
0.18184628702157918
0.18184628702157918
0.18184628702157918
0.18184628702157918
0.18184628702157918
0.18190811846905336
0.18190811846905336
0.18190811846905336
0.18190811846905336
0.18190811846905336
0.18190811846905336
0.18190811846905336
0.18190811846905336
0.18190811846905336
0.18190811846905336
0.18190811846905336
0.18190811846905336
0.18190811846905336
0.18190811846905336
0.18190811846905336
0.18190811846905336
0.18190811846905336
0.18190811846905336
0.18190811846905336
0.18190811846905336
0.18190811846905336
0.18190811846905336
0.18190811846905336
0.18190811846905336
0.18190811846905336
0.18196994991652754
0.18196994991652754
0.18196994991652754
0.18196994991652754
0.18196994991652754
0.18196994991652754
0.18196994991652754
0.18196994991652754
0.18196994991652754
0.18196994991652754
0.18196994991652754
0.18196994991652754
0.18196994991652754
0.18196994991652754
0.18196994991652754
0.18203178136400172
0.18203178136400172
0.18203178136400172
0.18203178136400172
0.18209361281147593
0.18209361281147593
0.18209361281147593
0.18209361281147593
0.18209361281147593
0.18209361281147593
0.18209361281147593
0.18209361281147593
0.1822172757064243
0.1822172757064243
0.1822172757064243
0.18227910715389847
0.18227910715389847
0.18227910715389847
0.18227910715389847
0.18227910715389847
0.18227910715389847
0.18227910715389847
0.18227910715389847
0.18227910715389847
0.18227910715389847
0.18227910715389847
0.18227910715389847
0.18234093860137265
0.18234093860137265
0.18234093860137265
0.18234093860137265
0.18234093860137265
0.18234093860137265
0.18234093860137265
0.18234093860137265
0.18240277004884684
0.18240277004884684
0.18240277004884684
0.18240277004884684
0.18240277004884684
0.18240277004884684
0.18240277004884684
0.18240277004884684
0.18240277004884684
0.18240277004884684
0.18246460149632102
0.18246460149632102
0.18246460149632102
0.18246460149632102
0.18246460149632102
0.18246460149632102
0.18246460149632102
0.18246460149632102
0.18246460149632102
0.18246460149632102
0.18246460149632102
0.18246460149632102
0.18252643294379522
0.18252643294379522
0.18252643294379522
0.18252643294379522
0.18252643294379522
0.18252643294379522
0.18252643294379522
0.18252643294379522
0.18252643294379522
0.18252643294379522
0.18252643294379522
0.18252643294379522
0.18252643294379522
0.18252643294379522
0.18252643294379522
0.18252643294379522
0.18252643294379522
0.1826500958387436
0.1826500958387436
0.1826500958387436
0.18271192728621777
0.18271192728621777
0.18277375873369195
0.18283559018116613
0.18283559018116613
0.18283559018116613
0.18283559018116613
0.18283559018116613
0.18283559018116613
0.18283559018116613
0.18283559018116613
0.18283559018116613
0.18283559018116613
0.18283559018116613
0.18283559018116613
0.18283559018116613
0.18283559018116613
0.18283559018116613
0.18283559018116613
0.18283559018116613
0.18283559018116613
0.18283559018116613
0.18283559018116613
0.18283559018116613
0.18283559018116613
0.18283559018116613
0.18289742162864034
0.18289742162864034
0.18289742162864034
0.18289742162864034
0.18289742162864034
0.18289742162864034
0.18289742162864034
0.18289742162864034
0.18289742162864034
0.18289742162864034
0.18289742162864034
0.18289742162864034
0.18289742162864034
0.18295925307611452
0.1830210845235887
0.18308291597106288
0.18308291597106288
0.18308291597106288
0.18308291597106288
0.18308291597106288
0.18308291597106288
0.18308291597106288
0.18314474741853706
0.18314474741853706
0.18314474741853706
0.18314474741853706
0.18314474741853706
0.18314474741853706
0.18314474741853706
0.18314474741853706
0.18314474741853706
0.18314474741853706
0.18314474741853706
0.18314474741853706
0.18314474741853706
0.18314474741853706
0.18314474741853706
0.18314474741853706
0.18314474741853706
0.18314474741853706
0.18314474741853706
0.18314474741853706
0.18320657886601124
0.18326841031348545
0.18326841031348545
0.18326841031348545
0.18326841031348545
0.18326841031348545
0.18326841031348545
0.18326841031348545
0.18333024176095963
0.18339207320843381
0.18339207320843381
0.183453904655908
0.183453904655908
0.183453904655908
0.183453904655908
0.183453904655908
0.183453904655908
0.183453904655908
0.183453904655908
0.183453904655908
0.183453904655908
0.183453904655908
0.183453904655908
0.18351573610338218
0.18351573610338218
0.18351573610338218
0.18351573610338218
0.18351573610338218
0.18351573610338218
0.18351573610338218
0.18351573610338218
0.18357756755085636
0.18357756755085636
0.18357756755085636
0.18357756755085636
0.18357756755085636
0.18357756755085636
0.18357756755085636
0.18357756755085636
0.18357756755085636
0.18357756755085636
0.18357756755085636
0.18357756755085636
0.18357756755085636
0.18357756755085636
0.18357756755085636
0.18357756755085636
0.18357756755085636
0.18357756755085636
0.18357756755085636
0.18357756755085636
0.18363939899833054
0.18370123044580475
0.18370123044580475
0.18370123044580475
0.18370123044580475
0.18370123044580475
0.18370123044580475
0.18370123044580475
0.18370123044580475
0.18370123044580475
0.18370123044580475
0.18370123044580475
0.18370123044580475
0.18370123044580475
0.18370123044580475
0.18376306189327893
0.18376306189327893
0.1838867247882273
0.1838867247882273
0.1838867247882273
0.18394855623570147
0.18394855623570147
0.18394855623570147
0.18394855623570147
0.18394855623570147
0.18394855623570147
0.18394855623570147
0.18401038768317565
0.18401038768317565
0.18401038768317565
0.18401038768317565
0.18401038768317565
0.18407221913064986
0.18407221913064986
0.18407221913064986
0.18407221913064986
0.18407221913064986
0.18407221913064986
0.18407221913064986
0.18407221913064986
0.18407221913064986
0.18407221913064986
0.18407221913064986
0.18413405057812404
0.18413405057812404
0.18413405057812404
0.18413405057812404
0.18413405057812404
0.18413405057812404
0.18413405057812404
0.18413405057812404
0.18413405057812404
0.18419588202559822
0.18419588202559822
0.18419588202559822
0.18419588202559822
0.18419588202559822
0.18419588202559822
0.18419588202559822
0.18419588202559822
0.18419588202559822
0.18419588202559822
0.1842577134730724
0.1842577134730724
0.1842577134730724
0.1842577134730724
0.1842577134730724
0.1842577134730724
0.1842577134730724
0.1842577134730724
0.1842577134730724
0.1842577134730724
0.1842577134730724
0.1842577134730724
0.1842577134730724
0.1842577134730724
0.1842577134730724
0.1842577134730724
0.1842577134730724
0.1842577134730724
0.1842577134730724
0.1842577134730724
0.1842577134730724
0.1842577134730724
0.1842577134730724
0.1842577134730724
0.18431954492054659
0.18438137636802077
0.18444320781549495
0.18444320781549495
0.18450503926296916
0.18456687071044334
0.18456687071044334
0.18456687071044334
0.18456687071044334
0.18456687071044334
0.18456687071044334
0.18456687071044334
0.18462870215791752
0.18462870215791752
0.18462870215791752
0.18462870215791752
0.18462870215791752
0.18462870215791752
0.18462870215791752
0.18462870215791752
0.18462870215791752
0.18462870215791752
0.18462870215791752
0.18462870215791752
0.18462870215791752
0.18462870215791752
0.18462870215791752
0.1846905336053917
0.1846905336053917
0.18475236505286588
0.18475236505286588
0.18475236505286588
0.18475236505286588
0.18475236505286588
0.18475236505286588
0.18475236505286588
0.18475236505286588
0.18475236505286588
0.18475236505286588
0.18475236505286588
0.18481419650034006
0.18481419650034006
0.18481419650034006
0.18481419650034006
0.18481419650034006
0.18481419650034006
0.18481419650034006
0.18481419650034006
0.18481419650034006
0.18481419650034006
0.18481419650034006
0.18481419650034006
0.18481419650034006
0.18481419650034006
0.18481419650034006
0.18481419650034006
0.18481419650034006
0.18481419650034006
0.18481419650034006
0.18481419650034006
0.18481419650034006
0.18481419650034006
0.18481419650034006
0.18481419650034006
0.18481419650034006
0.18481419650034006
0.18481419650034006
0.18481419650034006
0.18481419650034006
0.18481419650034006
0.18481419650034006
0.18481419650034006
0.18481419650034006
0.18487602794781427
0.18487602794781427
0.18487602794781427
0.18493785939528845
0.18493785939528845
0.18493785939528845
0.18493785939528845
0.18493785939528845
0.18493785939528845
0.18493785939528845
0.18493785939528845
0.18493785939528845
0.18493785939528845
0.18493785939528845
0.18493785939528845
0.18493785939528845
0.18493785939528845
0.18493785939528845
0.18493785939528845
0.18493785939528845
0.18493785939528845
0.18493785939528845
0.18493785939528845
0.18499969084276263
0.18499969084276263
0.18499969084276263
0.18499969084276263
0.18499969084276263
