0.023156285823461978
0.03324417271685136
0.038975926633549866
0.042644249140236914
0.045242644249140235
0.04722965227359572
0.04914023691249522
0.05089797478028277
0.05235001910584639
0.054260603744745894
0.05563622468475354
0.05678257546809324
0.05800534963698892
0.0592281238058846
0.060374474589224306
0.06175009552923195
0.06274359954145968
0.06335498662590752
0.06419564386702331
0.06480703095147115
0.06549484142147498
0.06564768819258693
0.0661062285059228
0.06664119220481467
0.06732900267481849
0.0677111196025984
0.0684753534581582
0.06878104700038212
0.06931601069927398
0.06992739778372183
0.07053878486816965
0.07092090179594956
0.0719144058081773
0.07244936950706916
0.07267863966373711
0.07290790982040504
0.07359572029040887
0.07420710737485671
0.0745892243026366
0.07520061138708445
0.07550630492930836
0.07604126862820022
0.07627053878486817
0.07688192586931601
0.07711119602598396
0.07741688956820787
0.07764615972487582
0.0781047000382117
0.07879251050821551
0.07917462743599542
0.07948032097821933
0.07978601452044326
0.08001528467711119
0.08016813144822316
0.08047382499044707
0.08093236530378296
0.08100878868933893
0.08154375238823079
0.08184944593045472
0.0819258693160107
0.08207871608712267
0.08215513947267863
0.08238440962934658
0.08276652655712648
0.08299579671379442
0.08314864348490639
0.0834543370271303
0.08368360718379825
0.08391287734046618
0.08414214749713413
0.08437141765380206
0.08460068781047
0.08490638135269392
0.08513565150936186
0.08544134505158578
0.08567061520825373
0.08605273213603362
0.08620557890714559
0.08628200229270157
0.08651127244936951
0.08674054260603745
0.08704623614826137
0.08735192969048529
0.08781047000382117
0.08796331677493313
0.0881161635460451
0.08842185708826901
0.08872755063049292
0.08910966755827283
0.08933893771494077
0.08941536110049675
0.08949178448605273
0.0896446312571647
0.08972105464272068
0.08995032479938861
0.09025601834161254
0.09056171188383645
0.09071455865494842
0.09086740542606038
0.09094382881161635
0.09102025219717233
0.09147879251050822
0.09178448605273214
0.09186090943828812
0.0919373328238441
0.09209017959495605
0.09216660298051203
0.09224302636606801
0.09224302636606801
0.09224302636606801
0.09254871990829194
0.09277799006495988
0.09293083683607184
0.09316010699273977
0.0934658005349637
0.09369507069163165
0.09377149407718761
0.09392434084829958
0.09407718761941154
0.09438288116163546
0.09445930454719144
0.09468857470385939
0.09476499808941537
0.09484142147497134
0.09491784486052732
0.0949942682460833
0.0953763851738632
0.09552923194497516
0.09560565533053114
0.09568207871608712
0.09568207871608712
0.09583492548719909
0.096140619029423
0.09621704241497898
0.09636988918609095
0.09659915934275888
0.09675200611387084
0.09698127627053879
0.09705769965609476
0.09705769965609476
0.09736339319831869
0.09743981658387467
0.0976690867405426
0.09782193351165457
0.09789835689721055
0.09805120366832251
0.09812762705387848
0.09812762705387848
0.09828047382499044
0.09858616736721437
0.09866259075277035
0.09873901413832632
0.09896828429499427
0.09904470768055025
0.09912113106610623
0.09919755445166221
0.09927397783721818
0.09935040122277417
0.09942682460833015
0.09957967137944211
0.09957967137944211
0.09973251815055408
0.10003821169277799
0.10011463507833397
0.10019105846388995
0.1003439052350019
0.1003439052350019
0.10042032862055789
0.10049675200611387
0.10049675200611387
0.10057317539166985
0.10064959877722583
0.10072602216278181
0.10087886893389378
0.10095529231944975
0.10103171570500573
0.10118456247611769
0.10126098586167367
0.10126098586167367
0.10141383263278564
0.10141383263278564
0.10141383263278564
0.10141383263278564
0.10141383263278564
0.10141383263278564
0.10141383263278564
0.1014902560183416
0.1014902560183416
0.1014902560183416
0.10156667940389759
0.10164310278945357
0.10171952617500955
0.10171952617500955
0.10179594956056554
0.10187237294612152
0.10202521971723347
0.10210164310278945
0.10225448987390141
0.10225448987390141
0.1023309132594574
0.1023309132594574
0.1023309132594574
0.10240733664501338
0.10248376003056936
0.10263660680168131
0.10263660680168131
0.10271303018723729
0.10271303018723729
0.10271303018723729
0.10278945357279327
0.10286587695834926
0.10286587695834926
0.10286587695834926
0.10286587695834926
0.10294230034390524
0.10317157050057317
0.10317157050057317
0.10317157050057317
0.10324799388612915
0.10324799388612915
0.10332441727168513
0.10340084065724112
0.10340084065724112
0.10340084065724112
0.1034772640427971
0.1034772640427971
0.1034772640427971
0.10355368742835308
0.10355368742835308
0.10355368742835308
0.10370653419946503
0.103859380970577
0.103859380970577
0.103859380970577
0.10393580435613298
0.10401222774168896
0.10401222774168896
0.10401222774168896
0.10416507451280092
0.10416507451280092
0.10424149789835689
0.10431792128391287
0.10431792128391287
0.10439434466946886
0.10439434466946886
0.10470003821169278
0.10470003821169278
0.10470003821169278
0.10470003821169278
0.10470003821169278
0.10470003821169278
0.10477646159724875
0.10492930836836072
0.10492930836836072
0.10492930836836072
0.1050057317539167
0.1050057317539167
0.10508215513947268
0.10515857852502866
0.10515857852502866
0.10531142529614061
0.10531142529614061
0.10531142529614061
0.10531142529614061
0.10531142529614061
0.10546427206725258
0.10561711883836454
0.1057699656094765
0.10584638899503249
0.10592281238058845
0.10592281238058845
0.10622850592281238
0.10630492930836836
0.10630492930836836
0.10630492930836836
0.10645777607948032
0.10661062285059228
0.10661062285059228
0.10668704623614826
0.10668704623614826
0.10676346962170424
0.10683989300726023
0.10683989300726023
0.10683989300726023
0.10683989300726023
0.10691631639281621
0.10699273977837218
0.10699273977837218
0.10714558654948414
0.10722200993504012
0.1072984333205961
0.10737485670615209
0.10745128009170807
0.10745128009170807
0.10745128009170807
0.10752770347726404
0.10752770347726404
0.10760412686282002
0.107680550248376
0.10775697363393198
0.10783339701948796
0.10783339701948796
0.10783339701948796
0.10783339701948796
0.10783339701948796
0.10783339701948796
0.10798624379059993
0.10813909056171188
0.10821551394726786
0.10829193733282384
0.10829193733282384
0.10829193733282384
0.10829193733282384
0.10829193733282384
0.10829193733282384
0.10829193733282384
0.10836836071837982
0.10836836071837982
0.10836836071837982
0.10836836071837982
0.10836836071837982
0.10836836071837982
0.1084447841039358
0.10852120748949179
0.10875047764615972
0.10875047764615972
0.1088269010317157
0.10890332441727169
0.10897974780282767
0.10897974780282767
0.10905617118838365
0.10905617118838365
0.10913259457393963
0.10913259457393963
0.10913259457393963
0.10913259457393963
0.1092090179594956
0.1092090179594956
0.1092090179594956
0.10928544134505158
0.10928544134505158
0.10943828811616355
0.10951471150171953
0.10951471150171953
0.10959113488727551
0.10959113488727551
0.10959113488727551
0.10966755827283149
0.10982040504394344
0.10982040504394344
0.10989682842949942
0.10989682842949942
0.1099732518150554
0.1099732518150554
0.1099732518150554
0.1099732518150554
0.1099732518150554
0.11004967520061139
0.11004967520061139
0.11004967520061139
0.11004967520061139
0.11004967520061139
0.11020252197172335
0.11020252197172335
0.11020252197172335
0.11020252197172335
0.11020252197172335
0.11027894535727933
0.11043179212839128
0.11058463889950325
0.11058463889950325
0.11058463889950325
0.11058463889950325
0.11058463889950325
0.11058463889950325
0.11066106228505923
0.11066106228505923
0.11073748567061521
0.1108139090561712
0.11096675582728315
0.11111960259839511
0.11119602598395109
0.11127244936950707
0.11134887275506306
0.111501719526175
0.111501719526175
0.11165456629728697
0.11180741306839893
0.11188383645395492
0.11196025983951088
0.11211310661062285
0.11211310661062285
0.11211310661062285
0.11211310661062285
0.11211310661062285
0.11218952999617883
0.11226595338173481
0.11226595338173481
0.11226595338173481
0.11226595338173481
0.11226595338173481
0.11226595338173481
0.11226595338173481
0.1123423767672908
0.1123423767672908
0.1123423767672908
0.11249522353840274
0.11257164692395873
0.11257164692395873
0.11264807030951471
0.11264807030951471
0.11264807030951471
0.11264807030951471
0.11264807030951471
0.11264807030951471
0.11264807030951471
0.11272449369507069
0.11272449369507069
0.11272449369507069
0.11272449369507069
0.11272449369507069
0.11295376385173864
0.11295376385173864
0.11303018723729462
0.11310661062285059
0.11318303400840657
0.11318303400840657
0.11325945739396255
0.11333588077951853
0.11333588077951853
0.11333588077951853
0.11333588077951853
0.11333588077951853
0.1134887275506305
0.11356515093618648
0.11364157432174245
0.11364157432174245
0.11364157432174245
0.11364157432174245
0.11371799770729843
0.11379442109285441
0.1138708444784104
0.1138708444784104
0.1138708444784104
0.1138708444784104
0.1138708444784104
0.1138708444784104
0.1138708444784104
0.1138708444784104
0.1138708444784104
0.1138708444784104
0.1138708444784104
0.1138708444784104
0.1138708444784104
0.11394726786396638
0.11394726786396638
0.11402369124952236
0.11402369124952236
0.11402369124952236
0.11402369124952236
0.11402369124952236
0.11410011463507834
0.11410011463507834
0.11410011463507834
0.11410011463507834
0.11410011463507834
0.11410011463507834
0.11410011463507834
0.11410011463507834
0.11410011463507834
0.11410011463507834
0.11410011463507834
0.11410011463507834
0.11417653802063431
0.11425296140619029
0.11425296140619029
0.11425296140619029
0.11432938479174627
0.11440580817730225
0.11440580817730225
0.11440580817730225
0.11440580817730225
0.11440580817730225
0.11448223156285824
0.11448223156285824
0.11455865494841422
0.1146350783339702
0.11471150171952617
0.11471150171952617
0.11471150171952617
0.11471150171952617
0.11471150171952617
0.11471150171952617
0.11471150171952617
0.11478792510508215
0.11478792510508215
0.11478792510508215
0.11486434849063813
0.11486434849063813
0.11486434849063813
0.11486434849063813
0.11486434849063813
0.11486434849063813
0.11486434849063813
0.11486434849063813
0.11486434849063813
0.11486434849063813
0.11486434849063813
0.11486434849063813
0.11486434849063813
0.11486434849063813
0.11486434849063813
0.11486434849063813
0.11494077187619411
0.1150171952617501
0.1150171952617501
0.1150171952617501
0.1150171952617501
0.1150171952617501
0.1150171952617501
0.1150171952617501
0.11517004203286206
0.11517004203286206
0.11517004203286206
0.11517004203286206
0.11517004203286206
0.11517004203286206
0.11517004203286206
0.11517004203286206
0.11517004203286206
0.11524646541841804
0.11524646541841804
0.11532288880397401
0.11539931218952999
0.11539931218952999
0.11539931218952999
0.11539931218952999
0.11539931218952999
0.11539931218952999
0.11547573557508597
0.11547573557508597
0.11547573557508597
0.11547573557508597
0.11547573557508597
0.11555215896064196
0.11555215896064196
0.11555215896064196
0.11555215896064196
0.11555215896064196
0.11555215896064196
0.11555215896064196
0.11555215896064196
0.11562858234619794
0.11562858234619794
0.11562858234619794
0.11562858234619794
0.11562858234619794
0.11562858234619794
0.11562858234619794
0.11562858234619794
0.11562858234619794
0.11562858234619794
0.11562858234619794
0.11570500573175392
0.1157814291173099
0.1157814291173099
0.1157814291173099
0.1157814291173099
0.1157814291173099
0.1157814291173099
0.1157814291173099
0.1157814291173099
0.1157814291173099
0.1157814291173099
0.1157814291173099
0.11593427588842185
0.11601069927397784
0.11601069927397784
0.11601069927397784
0.11601069927397784
0.11608712265953382
0.11608712265953382
0.11608712265953382
0.11608712265953382
0.11608712265953382
0.11608712265953382
0.11623996943064578
0.11623996943064578
0.11623996943064578
0.11623996943064578
0.11623996943064578
0.11631639281620176
0.11631639281620176
0.11631639281620176
0.11631639281620176
0.11631639281620176
0.11639281620175773
0.11646923958731371
0.11646923958731371
0.11646923958731371
0.11646923958731371
0.11646923958731371
0.11646923958731371
0.11646923958731371
0.11646923958731371
0.11646923958731371
0.11646923958731371
0.11646923958731371
0.1165456629728697
0.1165456629728697
0.1165456629728697
0.1165456629728697
0.1165456629728697
0.1165456629728697
0.11662208635842568
0.11662208635842568
0.11662208635842568
0.11662208635842568
0.11662208635842568
0.11662208635842568
0.11662208635842568
0.11662208635842568
0.11662208635842568
0.11662208635842568
0.11662208635842568
0.11662208635842568
0.11669850974398166
0.11677493312953764
0.11677493312953764
0.11677493312953764
0.11677493312953764
0.11677493312953764
0.11685135651509362
0.11685135651509362
0.11685135651509362
0.11692777990064959
0.11700420328620557
0.11700420328620557
0.11700420328620557
0.11700420328620557
0.11715705005731754
0.11715705005731754
0.11715705005731754
0.11715705005731754
0.11715705005731754
0.11715705005731754
0.11715705005731754
0.11715705005731754
0.11715705005731754
0.11715705005731754
0.11715705005731754
0.11715705005731754
0.11715705005731754
0.11715705005731754
0.11715705005731754
0.11715705005731754
0.11715705005731754
0.11715705005731754
0.11715705005731754
0.11715705005731754
0.11715705005731754
0.11715705005731754
0.11715705005731754
0.11715705005731754
0.11723347344287352
0.11723347344287352
0.11723347344287352
0.1173098968284295
0.1173098968284295
0.1173098968284295
0.1173098968284295
0.1173098968284295
0.1173098968284295
0.1173098968284295
0.1173098968284295
0.1173098968284295
0.1173098968284295
0.11738632021398548
0.11738632021398548
0.11738632021398548
0.11738632021398548
0.11738632021398548
0.11738632021398548
0.11738632021398548
0.11738632021398548
0.11738632021398548
0.11738632021398548
0.11738632021398548
0.11738632021398548
0.11738632021398548
0.11738632021398548
0.11738632021398548
0.11738632021398548
0.11738632021398548
0.11738632021398548
0.11738632021398548
0.11746274359954147
0.11746274359954147
0.11746274359954147
0.11746274359954147
0.11746274359954147
0.11746274359954147
0.11746274359954147
0.11753916698509743
0.11753916698509743
0.11753916698509743
0.11753916698509743
0.11753916698509743
0.11753916698509743
0.11753916698509743
0.11753916698509743
0.11753916698509743
0.11753916698509743
0.11753916698509743
0.11761559037065342
0.1176920137562094
0.1176920137562094
0.1176920137562094
0.11776843714176538
0.11776843714176538
0.11776843714176538
0.11776843714176538
0.11776843714176538
0.11784486052732136
0.11784486052732136
0.11784486052732136
0.11792128391287734
0.11792128391287734
0.11792128391287734
0.11792128391287734
0.11792128391287734
0.1180741306839893
0.1180741306839893
0.1180741306839893
0.1180741306839893
0.1180741306839893
0.1180741306839893
0.1180741306839893
0.1180741306839893
0.11815055406954528
0.11815055406954528
0.11815055406954528
0.11815055406954528
0.11822697745510126
0.11822697745510126
0.11822697745510126
0.11830340084065724
0.11830340084065724
0.11830340084065724
0.11830340084065724
0.11830340084065724
0.11830340084065724
0.11830340084065724
0.11830340084065724
0.11837982422621322
0.11837982422621322
0.11837982422621322
0.11837982422621322
0.11837982422621322
0.1184562476117692
0.1184562476117692
0.1184562476117692
0.1184562476117692
0.1184562476117692
0.1184562476117692
0.1184562476117692
0.1184562476117692
0.1184562476117692
0.1184562476117692
0.11853267099732519
0.11853267099732519
0.11860909438288116
0.11860909438288116
0.11860909438288116
0.11860909438288116
0.11868551776843714
0.11868551776843714
0.11876194115399312
0.11876194115399312
0.11876194115399312
0.11876194115399312
0.11876194115399312
0.11876194115399312
0.11876194115399312
0.11876194115399312
0.11876194115399312
0.11876194115399312
0.11876194115399312
0.11876194115399312
0.1188383645395491
0.1188383645395491
0.1188383645395491
0.1188383645395491
0.1188383645395491
0.1188383645395491
0.11891478792510508
0.11899121131066107
0.11899121131066107
0.11906763469621705
0.11914405808177302
0.119220481467329
0.11929690485288498
0.11929690485288498
0.11929690485288498
0.11937332823844096
0.11937332823844096
0.11937332823844096
0.11937332823844096
0.11937332823844096
0.11952617500955293
0.11952617500955293
0.11952617500955293
0.11952617500955293
0.11952617500955293
0.11952617500955293
0.11952617500955293
0.11952617500955293
0.11960259839510891
0.11960259839510891
0.11960259839510891
0.11960259839510891
0.11960259839510891
0.11960259839510891
0.11960259839510891
0.11960259839510891
0.11960259839510891
0.11967902178066489
0.11975544516622086
0.11975544516622086
0.11975544516622086
0.11975544516622086
0.11983186855177684
0.1199847153228888
0.12006113870844479
0.12006113870844479
0.12013756209400077
0.12013756209400077
0.12013756209400077
0.12013756209400077
0.12013756209400077
0.12013756209400077
0.12021398547955675
0.12021398547955675
0.12021398547955675
0.12021398547955675
0.12021398547955675
0.12021398547955675
0.12021398547955675
0.12021398547955675
0.12029040886511272
0.1203668322506687
0.1203668322506687
0.1203668322506687
0.12044325563622468
0.12051967902178067
0.12051967902178067
0.12051967902178067
0.12059610240733665
0.12082537256400458
0.12082537256400458
0.12082537256400458
0.12082537256400458
0.12090179594956056
0.12105464272067253
0.12105464272067253
0.12105464272067253
0.12105464272067253
0.12105464272067253
0.12105464272067253
0.12105464272067253
0.12105464272067253
0.12113106610622851
0.12113106610622851
0.12113106610622851
0.12113106610622851
0.12113106610622851
0.12113106610622851
0.12113106610622851
0.12113106610622851
0.12113106610622851
0.12113106610622851
0.12120748949178449
0.12120748949178449
0.12120748949178449
0.12120748949178449
0.12120748949178449
0.12120748949178449
0.12120748949178449
0.12128391287734047
0.12128391287734047
0.12128391287734047
0.12128391287734047
0.12128391287734047
0.12128391287734047
0.12128391287734047
0.12128391287734047
0.12128391287734047
0.12128391287734047
0.12136033626289644
0.12143675964845242
0.12143675964845242
0.12158960641956439
0.12158960641956439
0.12158960641956439
0.12158960641956439
0.12158960641956439
0.12158960641956439
0.12158960641956439
0.12158960641956439
0.12166602980512037
0.12166602980512037
0.12174245319067635
0.12174245319067635
0.12174245319067635
0.12174245319067635
0.12181887657623233
0.12181887657623233
0.1218952999617883
0.1218952999617883
0.1218952999617883
0.1218952999617883
0.12197172334734428
0.12197172334734428
0.12204814673290026
0.12204814673290026
0.12204814673290026
0.12204814673290026
0.12212457011845625
0.12212457011845625
0.12212457011845625
0.12212457011845625
0.12212457011845625
0.12212457011845625
0.12212457011845625
0.12212457011845625
0.12212457011845625
0.12212457011845625
0.12220099350401223
0.12220099350401223
0.12227741688956821
0.12235384027512419
0.12235384027512419
0.12235384027512419
0.12243026366068017
0.12243026366068017
0.12250668704623614
0.12258311043179212
0.12258311043179212
0.12265953381734811
0.12265953381734811
0.12265953381734811
0.12265953381734811
0.12265953381734811
0.12273595720290409
0.12273595720290409
0.12281238058846007
0.12281238058846007
0.12281238058846007
0.123041650745128
0.123041650745128
0.123041650745128
0.123041650745128
0.123041650745128
0.123041650745128
0.123041650745128
0.12311807413068399
0.12311807413068399
0.12311807413068399
0.12311807413068399
0.12319449751623997
0.12319449751623997
0.12327092090179595
0.12327092090179595
0.12327092090179595
0.12334734428735193
0.12334734428735193
0.12334734428735193
0.12334734428735193
0.12334734428735193
0.12342376767290791
0.12342376767290791
0.12342376767290791
0.12342376767290791
0.12342376767290791
0.12342376767290791
0.12342376767290791
0.12342376767290791
0.12342376767290791
0.12342376767290791
0.12342376767290791
0.1235001910584639
0.1235001910584639
0.1235001910584639
0.1235001910584639
0.1235001910584639
0.1235001910584639
0.1235001910584639
0.12357661444401986
0.12357661444401986
0.12357661444401986
