0.0126862820022927
0.022392051967902178
0.025983951089033244
0.02934658005349637
0.03247993886129155
0.03484906381352694
0.03599541459686664
0.03675964845242644
0.03882307986243791
0.04019870080244555
0.042109285441345054
0.043484906381352696
0.04432556362246848
0.04562476117692014
0.04715322888803974
0.04837600305693542
0.04990447076805502
0.05112724493695071
0.052655712648070306
0.053725640045854034
0.054260603744745894
0.05517768437141765
0.05601834161253343
0.056629728696981275
0.05747038593809706
0.05831104317921284
0.05892243026366068
0.05945739396255254
0.0599923576614444
0.060603744745892245
0.060833014902560184
0.061597248758119984
0.061673672143675966
0.06197936568589989
0.062437905999235765
0.06297286969812763
0.06366068016813145
0.06396637371035536
0.06411922048146733
0.06434849063813528
0.0649598777225831
0.065418418035919
0.06557126480703095
0.06595338173481086
0.0665647688192587
0.06679403897592663
0.0669468857470386
0.06725257928926251
0.06763469621704242
0.06786396637371035
0.06801681314482232
0.06870462361482614
0.06901031715705006
0.06931601069927398
0.06977455101260986
0.0703859380970577
0.07053878486816965
0.07099732518150555
0.07130301872372946
0.07153228888039741
0.07183798242262132
0.0722965227359572
0.07244936950706916
0.07298433320596102
0.07329002674818494
0.0734428735192969
0.07367214367596485
0.07405426060374475
0.07413068398930073
0.07428353076041269
0.07435995414596866
0.07443637753152464
0.07466564768819259
0.07504776461597248
0.07573557508597631
0.07581199847153229
0.0761176920137562
0.07634696217042415
0.07657623232709208
0.07711119602598396
0.07734046618265189
0.07741688956820787
0.07749331295376385
0.07772258311043179
0.07779900649598777
0.07802827665265571
0.07825754680932365
0.07833397019487963
0.07856324035154758
0.07871608712265954
0.07902178066488345
0.07902178066488345
0.07917462743599542
0.07948032097821933
0.0796331677493313
0.07978601452044326
0.07993886129155521
0.0803974016048911
0.08047382499044707
0.08070309514711502
0.08108521207489491
0.0811616354604509
0.08131448223156286
0.08131448223156286
0.08139090561711884
0.08146732900267482
0.08146732900267482
0.08169659915934276
0.08177302254489874
0.0819258693160107
0.08207871608712267
0.08223156285823462
0.08223156285823462
0.08246083301490256
0.08253725640045854
0.08276652655712648
0.0830722200993504
0.0834543370271303
0.08360718379824227
0.08376003056935422
0.08398930072602216
0.08429499426824609
0.08437141765380206
0.08437141765380206
0.08452426442491402
0.08475353458158197
0.08490638135269392
0.08505922812380588
0.08521207489491785
0.08528849828047383
0.08536492166602981
0.08544134505158578
0.08559419182269774
0.08567061520825373
0.08574703859380971
0.08574703859380971
0.08582346197936569
0.08582346197936569
0.08582346197936569
0.08605273213603362
0.08628200229270157
0.08628200229270157
0.08643484906381353
0.08643484906381353
0.08643484906381353
0.08651127244936951
0.08651127244936951
0.08666411922048146
0.08674054260603745
0.08689338937714941
0.08696981276270539
0.08696981276270539
0.08704623614826137
0.08712265953381734
0.08719908291937332
0.08742835307604127
0.08750477646159725
0.08758119984715323
0.08758119984715323
0.08773404661826519
0.08781047000382117
0.08788689338937715
0.08803974016048911
0.08819258693160106
0.08834543370271303
0.08857470385938097
0.08857470385938097
0.08865112724493696
0.08872755063049292
0.0888039740160489
0.0888039740160489
0.0888039740160489
0.08888039740160489
0.08903324417271685
0.08903324417271685
0.08903324417271685
0.08903324417271685
0.08918609094382882
0.08933893771494077
0.08933893771494077
0.08933893771494077
0.08941536110049675
0.08941536110049675
0.08941536110049675
0.0896446312571647
0.08979747802827666
0.08987390141383263
0.09002674818494459
0.09017959495605656
0.09033244172716852
0.09040886511272449
0.09048528849828047
0.09048528849828047
0.09056171188383645
0.09056171188383645
0.09063813526939243
0.09071455865494842
0.09071455865494842
0.09071455865494842
0.0907909820405044
0.09086740542606038
0.09086740542606038
0.09086740542606038
0.09102025219717233
0.09109667558272831
0.0911730989682843
0.0911730989682843
0.09124952235384028
0.09124952235384028
0.09124952235384028
0.09132594573939626
0.09147879251050822
0.09155521589606419
0.09163163928162017
0.09163163928162017
0.09178448605273214
0.09186090943828812
0.09186090943828812
0.09201375620940008
0.09209017959495605
0.09216660298051203
0.09224302636606801
0.092319449751624
0.09239587313717998
0.09239587313717998
0.09239587313717998
0.0927015666794039
0.09277799006495988
0.09277799006495988
0.09277799006495988
0.09285441345051586
0.09285441345051586
0.09293083683607184
0.09293083683607184
0.09293083683607184
0.09293083683607184
0.09300726022162782
0.0930836836071838
0.0930836836071838
0.09316010699273977
0.09316010699273977
0.09316010699273977
0.09323653037829575
0.09338937714940772
0.09354222392051968
0.09354222392051968
0.09354222392051968
0.09361864730607566
0.09369507069163165
0.0938479174627436
0.09400076423385556
0.09400076423385556
0.09407718761941154
0.09407718761941154
0.09407718761941154
0.09407718761941154
0.09415361100496752
0.09415361100496752
0.0942300343905235
0.09430645777607947
0.09430645777607947
0.09438288116163546
0.09445930454719144
0.09445930454719144
0.09445930454719144
0.09445930454719144
0.09445930454719144
0.09445930454719144
0.09453572793274742
0.0946121513183034
0.0946121513183034
0.09476499808941537
0.09476499808941537
0.09476499808941537
0.09484142147497134
0.09484142147497134
0.09484142147497134
0.09491784486052732
0.09491784486052732
0.09491784486052732
0.09507069163163928
0.09507069163163928
0.09522353840275125
0.09522353840275125
0.09522353840275125
0.09522353840275125
0.09529996178830723
0.0953763851738632
0.0953763851738632
0.09545280855941918
0.09545280855941918
0.09552923194497516
0.09560565533053114
0.09560565533053114
0.09560565533053114
0.09560565533053114
0.0957585021016431
0.0957585021016431
0.09591134887275506
0.09591134887275506
0.09591134887275506
0.09591134887275506
0.09591134887275506
0.09598777225831104
0.09598777225831104
0.09598777225831104
0.09598777225831104
0.09598777225831104
0.09598777225831104
0.09606419564386702
0.09606419564386702
0.09606419564386702
0.09606419564386702
0.096140619029423
0.09621704241497898
0.09644631257164693
0.09644631257164693
0.09644631257164693
0.0965227359572029
0.0965227359572029
0.09667558272831486
0.09675200611387084
0.09682842949942683
0.09682842949942683
0.09682842949942683
0.09682842949942683
0.09690485288498281
0.09690485288498281
0.09698127627053879
0.09698127627053879
0.09705769965609476
0.09721054642720672
0.09721054642720672
0.09751623996943065
0.09751623996943065
0.09751623996943065
0.09759266335498662
0.0976690867405426
0.09774551012609858
0.09774551012609858
0.09774551012609858
0.09774551012609858
0.09789835689721055
0.09805120366832251
0.09805120366832251
0.09805120366832251
0.09812762705387848
0.09812762705387848
0.09812762705387848
0.09820405043943446
0.09820405043943446
0.09820405043943446
0.09820405043943446
0.09820405043943446
0.09820405043943446
0.09828047382499044
0.09828047382499044
0.09835689721054643
0.09835689721054643
0.09835689721054643
0.09843332059610241
0.09843332059610241
0.09850974398165839
0.09850974398165839
0.09850974398165839
0.09850974398165839
0.09866259075277035
0.09866259075277035
0.09866259075277035
0.09873901413832632
0.09873901413832632
0.09873901413832632
0.09873901413832632
0.0988154375238823
0.0988154375238823
0.0988154375238823
0.09889186090943829
0.09889186090943829
0.09889186090943829
0.09889186090943829
0.09896828429499427
0.09896828429499427
0.09896828429499427
0.09896828429499427
0.09896828429499427
0.09904470768055025
0.09904470768055025
0.09912113106610623
0.09919755445166221
0.09919755445166221
0.09927397783721818
0.09927397783721818
0.09935040122277417
0.09942682460833015
0.09957967137944211
0.09957967137944211
0.09957967137944211
0.09957967137944211
0.09957967137944211
0.09957967137944211
0.09957967137944211
0.09957967137944211
0.09957967137944211
0.09973251815055408
0.09973251815055408
0.09973251815055408
0.09996178830722201
0.09996178830722201
0.10003821169277799
0.10019105846388995
0.10019105846388995
0.10026748184944594
0.10026748184944594
0.10042032862055789
0.10049675200611387
0.10049675200611387
0.10049675200611387
0.10049675200611387
0.10049675200611387
0.10049675200611387
0.10057317539166985
0.10057317539166985
0.10064959877722583
0.10064959877722583
0.10087886893389378
0.10087886893389378
0.10095529231944975
0.10095529231944975
0.10095529231944975
0.10095529231944975
0.10095529231944975
0.10095529231944975
0.10095529231944975
0.10095529231944975
0.10095529231944975
0.10110813909056171
0.10118456247611769
0.10118456247611769
0.10118456247611769
0.10118456247611769
0.10126098586167367
0.10126098586167367
0.10133740924722966
0.10133740924722966
0.10133740924722966
0.10141383263278564
0.10141383263278564
0.1014902560183416
0.10164310278945357
0.10171952617500955
0.10179594956056554
0.10179594956056554
0.10179594956056554
0.10179594956056554
0.10179594956056554
0.10179594956056554
0.10179594956056554
0.10179594956056554
0.10179594956056554
0.10179594956056554
0.10179594956056554
0.10187237294612152
0.1019487963316775
0.1019487963316775
0.1019487963316775
0.1019487963316775
0.10202521971723347
0.10210164310278945
0.10210164310278945
0.10210164310278945
0.10217806648834543
0.10217806648834543
0.10217806648834543
0.10225448987390141
0.10225448987390141
0.1023309132594574
0.10248376003056936
0.10263660680168131
0.10286587695834926
0.10286587695834926
0.10286587695834926
0.10286587695834926
0.10286587695834926
0.10286587695834926
0.10286587695834926
0.10317157050057317
0.10317157050057317
0.10317157050057317
0.10324799388612915
0.10324799388612915
0.10324799388612915
0.10324799388612915
0.10324799388612915
0.10332441727168513
0.10340084065724112
0.10340084065724112
0.10340084065724112
0.10340084065724112
0.1034772640427971
0.1034772640427971
0.1034772640427971
0.10363011081390906
0.10363011081390906
0.10363011081390906
0.10363011081390906
0.10370653419946503
0.10370653419946503
0.10370653419946503
0.10370653419946503
0.10378295758502101
0.103859380970577
0.103859380970577
0.103859380970577
0.103859380970577
0.10393580435613298
0.10393580435613298
0.10401222774168896
0.10401222774168896
0.10408865112724494
0.10408865112724494
0.10408865112724494
0.10416507451280092
0.10416507451280092
0.10416507451280092
0.10416507451280092
0.10416507451280092
0.10424149789835689
0.10431792128391287
0.10447076805502484
0.10447076805502484
0.10447076805502484
0.10447076805502484
0.10454719144058082
0.10454719144058082
0.10454719144058082
0.10470003821169278
0.10470003821169278
0.10470003821169278
0.10470003821169278
0.10470003821169278
0.10477646159724875
0.10485288498280473
0.10492930836836072
0.10492930836836072
0.10492930836836072
0.10492930836836072
0.10492930836836072
0.10492930836836072
0.10492930836836072
0.10492930836836072
0.10492930836836072
0.1050057317539167
0.1050057317539167
0.1050057317539167
0.1050057317539167
0.1050057317539167
0.1050057317539167
0.10508215513947268
0.10508215513947268
0.10508215513947268
0.10515857852502866
0.10523500191058464
0.10523500191058464
0.10523500191058464
0.10531142529614061
0.10531142529614061
0.10546427206725258
0.10546427206725258
0.10546427206725258
0.10569354222392052
0.10569354222392052
0.1057699656094765
0.10584638899503249
0.10584638899503249
0.10584638899503249
0.10584638899503249
0.10584638899503249
0.10584638899503249
0.10599923576614444
0.10599923576614444
0.10599923576614444
0.10599923576614444
0.1061520825372564
0.1061520825372564
0.1061520825372564
0.1061520825372564
0.1061520825372564
0.10622850592281238
0.10630492930836836
0.10638135269392435
0.1065341994650363
0.10661062285059228
0.10676346962170424
0.10683989300726023
0.10691631639281621
0.10691631639281621
0.10691631639281621
0.10691631639281621
0.10691631639281621
0.10691631639281621
0.10691631639281621
0.10706916316392816
0.10714558654948414
0.10714558654948414
0.10714558654948414
0.10722200993504012
0.10722200993504012
0.10722200993504012
0.10722200993504012
0.10722200993504012
0.10722200993504012
0.10722200993504012
0.10722200993504012
0.10722200993504012
0.1072984333205961
0.1072984333205961
0.1072984333205961
0.1072984333205961
0.10737485670615209
0.10737485670615209
0.10737485670615209
0.10745128009170807
0.10745128009170807
0.10745128009170807
0.10745128009170807
0.10752770347726404
0.10752770347726404
0.10752770347726404
0.10760412686282002
0.10760412686282002
0.107680550248376
0.107680550248376
0.107680550248376
0.10783339701948796
0.10783339701948796
0.10783339701948796
0.10783339701948796
0.10783339701948796
0.10783339701948796
0.10790982040504395
0.10790982040504395
0.10790982040504395
0.10798624379059993
0.10798624379059993
0.10798624379059993
0.10798624379059993
0.10798624379059993
0.10798624379059993
0.10798624379059993
0.10806266717615591
0.10806266717615591
0.10806266717615591
0.10813909056171188
0.10821551394726786
0.10821551394726786
0.10821551394726786
0.10821551394726786
0.10821551394726786
0.10821551394726786
0.10821551394726786
0.10821551394726786
0.10821551394726786
0.10829193733282384
0.10829193733282384
0.10829193733282384
0.10829193733282384
0.10829193733282384
0.10829193733282384
0.10829193733282384
0.10836836071837982
0.10836836071837982
0.10836836071837982
0.10836836071837982
0.10836836071837982
0.10836836071837982
0.10836836071837982
0.10836836071837982
0.10836836071837982
0.10836836071837982
0.1084447841039358
0.1084447841039358
0.10852120748949179
0.10852120748949179
0.10852120748949179
0.10852120748949179
0.10867405426060374
0.10867405426060374
0.10867405426060374
0.10867405426060374
0.10867405426060374
0.10867405426060374
0.10867405426060374
0.10867405426060374
0.10875047764615972
0.10875047764615972
0.10875047764615972
0.10875047764615972
0.1088269010317157
0.1088269010317157
0.1088269010317157
0.10890332441727169
0.10890332441727169
0.10890332441727169
0.10897974780282767
0.10897974780282767
0.10897974780282767
0.10897974780282767
0.10897974780282767
0.10897974780282767
0.10897974780282767
0.10897974780282767
0.10897974780282767
0.10897974780282767
0.10905617118838365
0.10905617118838365
0.10905617118838365
0.10905617118838365
0.10905617118838365
0.10905617118838365
0.10913259457393963
0.10913259457393963
0.10913259457393963
0.10913259457393963
0.10913259457393963
0.10913259457393963
0.10913259457393963
0.10913259457393963
0.10913259457393963
0.1092090179594956
0.10928544134505158
0.10928544134505158
0.10928544134505158
0.10928544134505158
0.10928544134505158
0.10936186473060756
0.10943828811616355
0.10943828811616355
0.10943828811616355
0.10951471150171953
0.10951471150171953
0.10951471150171953
0.10951471150171953
0.10951471150171953
0.10959113488727551
0.10966755827283149
0.10974398165838746
0.10974398165838746
0.10982040504394344
0.10982040504394344
0.10989682842949942
0.1099732518150554
0.11004967520061139
0.11012609858616737
0.11012609858616737
0.11020252197172335
0.11020252197172335
0.11020252197172335
0.11027894535727933
0.11027894535727933
0.1103553687428353
0.1103553687428353
0.1103553687428353
0.1103553687428353
0.1103553687428353
0.1103553687428353
0.1103553687428353
0.11043179212839128
0.11043179212839128
0.11043179212839128
0.11050821551394727
0.11050821551394727
0.11050821551394727
0.11050821551394727
0.11050821551394727
0.11066106228505923
0.11066106228505923
0.11066106228505923
0.11073748567061521
0.11073748567061521
0.11073748567061521
0.1108139090561712
0.1108139090561712
0.1108139090561712
0.1108139090561712
0.1108139090561712
0.1108139090561712
0.1108139090561712
0.1108139090561712
0.1108139090561712
0.1108139090561712
0.11096675582728315
0.11096675582728315
0.11096675582728315
0.11104317921283913
0.11104317921283913
0.11104317921283913
0.11104317921283913
0.11104317921283913
0.11104317921283913
0.11111960259839511
0.11119602598395109
0.11127244936950707
0.11127244936950707
0.11127244936950707
0.11142529614061902
0.11142529614061902
0.11142529614061902
0.11142529614061902
0.11142529614061902
0.11142529614061902
0.11142529614061902
0.11142529614061902
0.11142529614061902
0.111501719526175
0.111501719526175
0.11157814291173099
0.11157814291173099
0.11157814291173099
0.11157814291173099
0.11157814291173099
0.11157814291173099
0.11157814291173099
0.11157814291173099
0.11157814291173099
0.11157814291173099
0.11157814291173099
0.11157814291173099
0.11157814291173099
0.11157814291173099
0.11157814291173099
0.11157814291173099
0.11157814291173099
0.11157814291173099
0.11157814291173099
0.11157814291173099
0.11157814291173099
0.11165456629728697
0.11173098968284295
0.11173098968284295
0.11173098968284295
0.11173098968284295
0.11173098968284295
0.11173098968284295
0.11173098968284295
0.11173098968284295
0.11173098968284295
0.11173098968284295
0.11173098968284295
0.11173098968284295
0.11180741306839893
0.11180741306839893
0.11180741306839893
0.11188383645395492
0.11196025983951088
0.11196025983951088
0.11196025983951088
0.11196025983951088
0.11196025983951088
0.11196025983951088
0.11196025983951088
0.11196025983951088
0.11203668322506687
0.11211310661062285
0.11226595338173481
0.11226595338173481
0.11226595338173481
0.11226595338173481
0.11226595338173481
0.1123423767672908
0.11241880015284678
0.11241880015284678
0.11241880015284678
0.11241880015284678
0.11241880015284678
0.11241880015284678
0.11241880015284678
0.11241880015284678
0.11241880015284678
0.11241880015284678
0.11241880015284678
0.11241880015284678
0.11241880015284678
0.11241880015284678
0.11241880015284678
0.11241880015284678
0.11249522353840274
0.11249522353840274
0.11257164692395873
0.11257164692395873
0.11257164692395873
0.11257164692395873
0.11257164692395873
0.11272449369507069
0.11280091708062667
0.11280091708062667
0.11280091708062667
0.11280091708062667
0.11280091708062667
0.11280091708062667
0.11295376385173864
0.11295376385173864
0.11295376385173864
0.11295376385173864
0.11303018723729462
0.11303018723729462
0.11303018723729462
0.11303018723729462
0.11303018723729462
0.11303018723729462
0.11303018723729462
0.11303018723729462
0.11303018723729462
0.11303018723729462
0.11303018723729462
0.11303018723729462
0.11303018723729462
0.11303018723729462
0.11303018723729462
0.11303018723729462
0.11303018723729462
0.11303018723729462
0.11310661062285059
0.11310661062285059
0.11318303400840657
0.11318303400840657
0.11318303400840657
0.11325945739396255
0.11333588077951853
0.11333588077951853
0.11333588077951853
0.11333588077951853
0.11341230416507452
0.11341230416507452
0.11341230416507452
0.11341230416507452
0.11341230416507452
0.11341230416507452
0.11341230416507452
0.1134887275506305
0.11356515093618648
0.11356515093618648
0.11356515093618648
0.11356515093618648
0.11356515093618648
0.11356515093618648
0.11364157432174245
0.11364157432174245
0.11364157432174245
0.11371799770729843
0.11371799770729843
0.11371799770729843
0.11371799770729843
0.11371799770729843
0.11371799770729843
0.11371799770729843
0.11379442109285441
0.11379442109285441
0.11379442109285441
0.11379442109285441
0.11379442109285441
0.11379442109285441
0.11379442109285441
0.11379442109285441
0.11379442109285441
0.11379442109285441
0.11379442109285441
0.11379442109285441
0.11394726786396638
0.11394726786396638
0.11394726786396638
0.11394726786396638
0.11402369124952236
0.11402369124952236
0.11410011463507834
0.11417653802063431
0.11417653802063431
0.11417653802063431
0.11417653802063431
0.11425296140619029
0.11425296140619029
0.11425296140619029
0.11425296140619029
0.11425296140619029
0.11425296140619029
0.11425296140619029
0.11425296140619029
0.11425296140619029
0.11425296140619029
0.11440580817730225
0.11440580817730225
0.11448223156285824
0.11448223156285824
0.11455865494841422
0.11455865494841422
0.11455865494841422
0.11455865494841422
0.11455865494841422
0.1146350783339702
0.1146350783339702
0.1146350783339702
0.1146350783339702
