0.0126862820022927
0.022392051967902178
0.025983951089033244
0.02934658005349637
0.03240351547573558
0.03484906381352694
0.03599541459686664
0.03675964845242644
0.03874665647688193
0.03989300726022163
0.04134505158578525
0.04302636606801681
0.04379059992357662
0.044936950706916313
0.04638899503247994
0.04753534581581964
0.04852884982804738
0.04990447076805502
0.051050821551394725
0.05196790217806649
0.05235001910584639
0.05364921666029805
0.054260603744745894
0.05494841421474971
0.055789071455865494
0.056400458540313336
0.0569354222392052
0.05762323270920902
0.05823461979365686
0.058463889950324796
0.058998853649216663
0.05968666411922048
0.05976308750477646
0.06052732136033626
0.06098586167367214
0.061367978601452045
0.062208635842567826
0.06251432938479175
0.06251432938479175
0.06289644631257164
0.06358425678257547
0.06419564386702331
0.06465418418035919
0.0649598777225831
0.06557126480703095
0.06587695834925487
0.06618265189147879
0.0665647688192587
0.06671761559037065
0.0669468857470386
0.06717615590370653
0.06778754298815437
0.06801681314482232
0.06824608330149026
0.06870462361482614
0.06916316392816202
0.0696217042414979
0.06992739778372183
0.07046236148261369
0.0707680550248376
0.07084447841039358
0.07107374856706151
0.07145586549484143
0.07176155903706534
0.07206725257928927
0.07222009935040122
0.07260221627818113
0.07290790982040504
0.073060756591517
0.07313717997707299
0.07321360336262897
0.07336645013374092
0.07359572029040887
0.07413068398930073
0.0745892243026366
0.07481849445930455
0.07504776461597248
0.07520061138708445
0.0754298815437524
0.07573557508597631
0.07596484524264425
0.0761176920137562
0.07627053878486817
0.07649980894153612
0.07657623232709208
0.07672907909820405
0.07688192586931601
0.07703477264042798
0.07734046618265189
0.07741688956820787
0.07764615972487582
0.07772258311043179
0.07802827665265571
0.07825754680932365
0.07825754680932365
0.07856324035154758
0.07886893389377149
0.07894535727932747
0.07902178066488345
0.07932747420710737
0.07955674436377531
0.0796331677493313
0.07970959113488728
0.07978601452044326
0.07986243790599924
0.07986243790599924
0.08001528467711119
0.08024455483377914
0.0803974016048911
0.08055024837600305
0.080779518532671
0.080779518532671
0.08093236530378296
0.08108521207489491
0.08123805884600688
0.08146732900267482
0.08169659915934276
0.08184944593045472
0.08223156285823462
0.08238440962934658
0.08276652655712648
0.08276652655712648
0.08284294994268246
0.08291937332823844
0.0830722200993504
0.08322506687046236
0.08330149025601834
0.08353076041268628
0.08368360718379825
0.08376003056935422
0.08376003056935422
0.08391287734046618
0.08391287734046618
0.08406572411157814
0.08414214749713413
0.08421857088269011
0.08421857088269011
0.08421857088269011
0.08452426442491402
0.08460068781047
0.08467711119602599
0.08475353458158197
0.08475353458158197
0.08482995796713795
0.08482995796713795
0.08490638135269392
0.08521207489491785
0.08528849828047383
0.08544134505158578
0.08544134505158578
0.08544134505158578
0.08559419182269774
0.08567061520825373
0.08582346197936569
0.08589988536492167
0.08605273213603362
0.0861291555215896
0.0861291555215896
0.08628200229270157
0.08643484906381353
0.08643484906381353
0.08666411922048146
0.08681696599159343
0.08696981276270539
0.08704623614826137
0.08719908291937332
0.08719908291937332
0.0872755063049293
0.08735192969048529
0.08735192969048529
0.08735192969048529
0.08750477646159725
0.08750477646159725
0.08758119984715323
0.08758119984715323
0.08758119984715323
0.08781047000382117
0.08788689338937715
0.08788689338937715
0.08788689338937715
0.0881161635460451
0.0881161635460451
0.08826901031715705
0.08842185708826901
0.08849828047382499
0.08865112724493696
0.08865112724493696
0.08888039740160489
0.08903324417271685
0.08903324417271685
0.08910966755827283
0.08918609094382882
0.0892625143293848
0.08933893771494077
0.08941536110049675
0.08941536110049675
0.08941536110049675
0.08949178448605273
0.0896446312571647
0.0896446312571647
0.0896446312571647
0.08972105464272068
0.08995032479938861
0.09002674818494459
0.09002674818494459
0.09010317157050057
0.09010317157050057
0.09010317157050057
0.09010317157050057
0.09025601834161254
0.09033244172716852
0.09040886511272449
0.09048528849828047
0.09063813526939243
0.09063813526939243
0.09071455865494842
0.0907909820405044
0.09086740542606038
0.09109667558272831
0.09109667558272831
0.09109667558272831
0.0911730989682843
0.09124952235384028
0.09132594573939626
0.09155521589606419
0.09155521589606419
0.09155521589606419
0.09163163928162017
0.09163163928162017
0.09163163928162017
0.09170806266717615
0.09170806266717615
0.09170806266717615
0.09170806266717615
0.09170806266717615
0.09186090943828812
0.09186090943828812
0.09186090943828812
0.09186090943828812
0.09201375620940008
0.09209017959495605
0.09209017959495605
0.09209017959495605
0.09224302636606801
0.092319449751624
0.09247229652273596
0.09254871990829194
0.0927015666794039
0.09277799006495988
0.09285441345051586
0.09285441345051586
0.09285441345051586
0.09285441345051586
0.09293083683607184
0.09293083683607184
0.09300726022162782
0.0930836836071838
0.0930836836071838
0.09316010699273977
0.09316010699273977
0.09316010699273977
0.09316010699273977
0.09323653037829575
0.09323653037829575
0.09323653037829575
0.09331295376385174
0.09331295376385174
0.09331295376385174
0.09338937714940772
0.09354222392051968
0.09377149407718761
0.09377149407718761
0.0938479174627436
0.0938479174627436
0.0938479174627436
0.0938479174627436
0.09392434084829958
0.09392434084829958
0.09392434084829958
0.09400076423385556
0.09407718761941154
0.09407718761941154
0.09407718761941154
0.09407718761941154
0.09415361100496752
0.0942300343905235
0.0942300343905235
0.09430645777607947
0.09438288116163546
0.09438288116163546
0.09438288116163546
0.09438288116163546
0.09445930454719144
0.09445930454719144
0.09445930454719144
0.09445930454719144
0.09476499808941537
0.09476499808941537
0.09476499808941537
0.09476499808941537
0.09476499808941537
0.09491784486052732
0.09491784486052732
0.09491784486052732
0.09491784486052732
0.09491784486052732
0.09491784486052732
0.09491784486052732
0.0949942682460833
0.09507069163163928
0.09507069163163928
0.09514711501719526
0.09522353840275125
0.09522353840275125
0.09529996178830723
0.0953763851738632
0.09545280855941918
0.09552923194497516
0.09560565533053114
0.09568207871608712
0.09568207871608712
0.09568207871608712
0.09568207871608712
0.0957585021016431
0.0957585021016431
0.0957585021016431
0.0957585021016431
0.09591134887275506
0.09591134887275506
0.09598777225831104
0.09606419564386702
0.096140619029423
0.09636988918609095
0.09636988918609095
0.09636988918609095
0.09644631257164693
0.09644631257164693
0.0965227359572029
0.0965227359572029
0.0965227359572029
0.09675200611387084
0.09682842949942683
0.09690485288498281
0.09690485288498281
0.09690485288498281
0.09690485288498281
0.09690485288498281
0.09698127627053879
0.09705769965609476
0.09705769965609476
0.09705769965609476
0.09713412304165074
0.09713412304165074
0.09721054642720672
0.09721054642720672
0.09721054642720672
0.09721054642720672
0.0972869698127627
0.0972869698127627
0.09736339319831869
0.09736339319831869
0.09743981658387467
0.09743981658387467
0.09751623996943065
0.09751623996943065
0.09751623996943065
0.09751623996943065
0.09759266335498662
0.09759266335498662
0.09759266335498662
0.09759266335498662
0.0976690867405426
0.09774551012609858
0.09774551012609858
0.09774551012609858
0.09774551012609858
0.09774551012609858
0.09774551012609858
0.09782193351165457
0.09782193351165457
0.09782193351165457
0.09782193351165457
0.09789835689721055
0.09789835689721055
0.09789835689721055
0.09797478028276653
0.09805120366832251
0.09812762705387848
0.09812762705387848
0.09820405043943446
0.09820405043943446
0.09835689721054643
0.09835689721054643
0.09843332059610241
0.09843332059610241
0.09843332059610241
0.09843332059610241
0.09843332059610241
0.09843332059610241
0.09843332059610241
0.09843332059610241
0.09850974398165839
0.09858616736721437
0.09873901413832632
0.09889186090943829
0.09889186090943829
0.09889186090943829
0.09889186090943829
0.09896828429499427
0.09904470768055025
0.09904470768055025
0.09912113106610623
0.09927397783721818
0.09927397783721818
0.09927397783721818
0.09927397783721818
0.09927397783721818
0.09935040122277417
0.09935040122277417
0.09942682460833015
0.09957967137944211
0.09957967137944211
0.0996560947649981
0.0996560947649981
0.0996560947649981
0.0996560947649981
0.0996560947649981
0.0996560947649981
0.0996560947649981
0.0996560947649981
0.0996560947649981
0.09973251815055408
0.09980894153611004
0.09980894153611004
0.09980894153611004
0.09980894153611004
0.09980894153611004
0.09980894153611004
0.09988536492166603
0.09988536492166603
0.09988536492166603
0.09988536492166603
0.09996178830722201
0.10003821169277799
0.10003821169277799
0.10003821169277799
0.1003439052350019
0.1003439052350019
0.1003439052350019
0.1003439052350019
0.1003439052350019
0.1003439052350019
0.1003439052350019
0.10042032862055789
0.10049675200611387
0.10049675200611387
0.10049675200611387
0.10049675200611387
0.10057317539166985
0.10057317539166985
0.10057317539166985
0.10064959877722583
0.10064959877722583
0.10064959877722583
0.10064959877722583
0.10064959877722583
0.10072602216278181
0.1008024455483378
0.1008024455483378
0.1008024455483378
0.10087886893389378
0.10095529231944975
0.10095529231944975
0.10110813909056171
0.10110813909056171
0.10110813909056171
0.10126098586167367
0.10141383263278564
0.10141383263278564
0.10141383263278564
0.10141383263278564
0.10141383263278564
0.1014902560183416
0.1014902560183416
0.10164310278945357
0.10164310278945357
0.10171952617500955
0.10179594956056554
0.10179594956056554
0.10179594956056554
0.10179594956056554
0.10179594956056554
0.10179594956056554
0.10187237294612152
0.10187237294612152
0.10187237294612152
0.10187237294612152
0.10187237294612152
0.10187237294612152
0.10187237294612152
0.1019487963316775
0.10202521971723347
0.10202521971723347
0.10202521971723347
0.10210164310278945
0.10210164310278945
0.10210164310278945
0.10210164310278945
0.10217806648834543
0.10217806648834543
0.10225448987390141
0.1023309132594574
0.10240733664501338
0.10248376003056936
0.10248376003056936
0.10248376003056936
0.10248376003056936
0.10248376003056936
0.10248376003056936
0.10256018341612533
0.10256018341612533
0.10256018341612533
0.10256018341612533
0.10256018341612533
0.10263660680168131
0.10271303018723729
0.10271303018723729
0.10286587695834926
0.10286587695834926
0.10286587695834926
0.10286587695834926
0.10301872372946122
0.10301872372946122
0.1030951471150172
0.1030951471150172
0.1030951471150172
0.1030951471150172
0.1030951471150172
0.10317157050057317
0.10317157050057317
0.10332441727168513
0.10332441727168513
0.10332441727168513
0.10332441727168513
0.10332441727168513
0.10332441727168513
0.10332441727168513
0.10332441727168513
0.10332441727168513
0.10332441727168513
0.10340084065724112
0.10340084065724112
0.10340084065724112
0.10340084065724112
0.10340084065724112
0.1034772640427971
0.10355368742835308
0.10355368742835308
0.10363011081390906
0.10363011081390906
0.10363011081390906
0.10363011081390906
0.10378295758502101
0.10378295758502101
0.103859380970577
0.103859380970577
0.10393580435613298
0.10401222774168896
0.10408865112724494
0.10408865112724494
0.10408865112724494
0.10408865112724494
0.10408865112724494
0.10408865112724494
0.10408865112724494
0.10408865112724494
0.10416507451280092
0.10416507451280092
0.10416507451280092
0.10416507451280092
0.10424149789835689
0.10431792128391287
0.10431792128391287
0.10431792128391287
0.10447076805502484
0.10447076805502484
0.10447076805502484
0.10454719144058082
0.10454719144058082
0.1046236148261368
0.10470003821169278
0.10470003821169278
0.10477646159724875
0.10477646159724875
0.10485288498280473
0.10485288498280473
0.10485288498280473
0.10485288498280473
0.1050057317539167
0.1050057317539167
0.1050057317539167
0.10508215513947268
0.10508215513947268
0.10508215513947268
0.10508215513947268
0.10508215513947268
0.10508215513947268
0.10508215513947268
0.10508215513947268
0.10508215513947268
0.10508215513947268
0.10508215513947268
0.10508215513947268
0.10515857852502866
0.10515857852502866
0.10515857852502866
0.10523500191058464
0.10523500191058464
0.10531142529614061
0.10531142529614061
0.10531142529614061
0.1053878486816966
0.10546427206725258
0.10546427206725258
0.10554069545280856
0.10554069545280856
0.10554069545280856
0.10561711883836454
0.10569354222392052
0.10569354222392052
0.10569354222392052
0.10569354222392052
0.10569354222392052
0.10569354222392052
0.10569354222392052
0.10569354222392052
0.10569354222392052
0.10569354222392052
0.1057699656094765
0.1057699656094765
0.1057699656094765
0.10584638899503249
0.10584638899503249
0.10584638899503249
0.10592281238058845
0.10592281238058845
0.10592281238058845
0.10599923576614444
0.10607565915170042
0.10607565915170042
0.10607565915170042
0.10607565915170042
0.10607565915170042
0.10607565915170042
0.10607565915170042
0.10607565915170042
0.10607565915170042
0.10607565915170042
0.10607565915170042
0.10607565915170042
0.10607565915170042
0.10607565915170042
0.10607565915170042
0.10607565915170042
0.10607565915170042
0.1061520825372564
0.1061520825372564
0.1061520825372564
0.1061520825372564
0.1061520825372564
0.1061520825372564
0.1061520825372564
0.1061520825372564
0.1061520825372564
0.1061520825372564
0.10622850592281238
0.10622850592281238
0.10622850592281238
0.10622850592281238
0.10622850592281238
0.10630492930836836
0.10645777607948032
0.10645777607948032
0.10645777607948032
0.10645777607948032
0.1065341994650363
0.1065341994650363
0.10661062285059228
0.10661062285059228
0.10661062285059228
0.10661062285059228
0.10661062285059228
0.10661062285059228
0.10661062285059228
0.10661062285059228
0.10661062285059228
0.10661062285059228
0.10661062285059228
0.10661062285059228
0.10661062285059228
0.10661062285059228
0.10661062285059228
0.10661062285059228
0.10661062285059228
0.10661062285059228
0.10668704623614826
0.10668704623614826
0.10668704623614826
0.10668704623614826
0.10668704623614826
0.10668704623614826
0.10668704623614826
0.10668704623614826
0.10668704623614826
0.10668704623614826
0.10668704623614826
0.10668704623614826
0.10676346962170424
0.10676346962170424
0.10676346962170424
0.10676346962170424
0.10676346962170424
0.10676346962170424
0.10676346962170424
0.10676346962170424
0.10676346962170424
0.10676346962170424
0.10676346962170424
0.10683989300726023
0.10683989300726023
0.10683989300726023
0.10683989300726023
0.10683989300726023
0.10683989300726023
0.10683989300726023
0.10683989300726023
0.10683989300726023
0.10699273977837218
0.10699273977837218
0.10706916316392816
0.10714558654948414
0.10722200993504012
0.10722200993504012
0.1072984333205961
0.1072984333205961
0.1072984333205961
0.1072984333205961
0.10737485670615209
0.10737485670615209
0.10737485670615209
0.10737485670615209
0.10737485670615209
0.10737485670615209
0.10737485670615209
0.10745128009170807
0.10745128009170807
0.10745128009170807
0.10745128009170807
0.10745128009170807
0.10745128009170807
0.10745128009170807
0.10745128009170807
0.10745128009170807
0.10752770347726404
0.10752770347726404
0.10752770347726404
0.10752770347726404
0.10752770347726404
0.10752770347726404
0.10752770347726404
0.10752770347726404
0.10752770347726404
0.10752770347726404
0.10760412686282002
0.10760412686282002
0.10760412686282002
0.10760412686282002
0.10760412686282002
0.10760412686282002
0.10760412686282002
0.10760412686282002
0.10760412686282002
0.107680550248376
0.107680550248376
0.107680550248376
0.10775697363393198
0.10775697363393198
0.10775697363393198
0.10783339701948796
0.10783339701948796
0.10783339701948796
0.10783339701948796
0.10790982040504395
0.10790982040504395
0.10798624379059993
0.10798624379059993
0.10806266717615591
0.10806266717615591
0.10813909056171188
0.10813909056171188
0.10821551394726786
0.10821551394726786
0.10821551394726786
0.10821551394726786
0.10821551394726786
0.10829193733282384
0.10829193733282384
0.10829193733282384
0.10829193733282384
0.10829193733282384
0.10829193733282384
0.10829193733282384
0.10829193733282384
0.10829193733282384
0.10829193733282384
0.10829193733282384
0.10836836071837982
0.10836836071837982
0.10836836071837982
0.10836836071837982
0.10836836071837982
0.10836836071837982
0.10836836071837982
0.10836836071837982
0.10836836071837982
0.10836836071837982
0.10836836071837982
0.10836836071837982
0.10836836071837982
0.1084447841039358
0.1084447841039358
0.1084447841039358
0.10852120748949179
0.10852120748949179
0.10852120748949179
0.10859763087504777
0.10859763087504777
0.10859763087504777
0.10859763087504777
0.10859763087504777
0.10859763087504777
0.10859763087504777
0.10859763087504777
0.10867405426060374
0.10867405426060374
0.10867405426060374
0.10875047764615972
0.10875047764615972
0.10875047764615972
0.10875047764615972
0.10875047764615972
0.10875047764615972
0.1088269010317157
0.1088269010317157
0.1088269010317157
0.1088269010317157
0.10890332441727169
0.10890332441727169
0.10897974780282767
0.10905617118838365
0.10905617118838365
0.10905617118838365
0.10913259457393963
0.1092090179594956
0.1092090179594956
0.1092090179594956
0.1092090179594956
0.1092090179594956
0.1092090179594956
0.10928544134505158
0.10928544134505158
0.10928544134505158
0.10928544134505158
0.10928544134505158
0.10928544134505158
0.10936186473060756
0.10936186473060756
0.10936186473060756
0.10936186473060756
0.10936186473060756
0.10936186473060756
0.10943828811616355
0.10943828811616355
0.10943828811616355
0.10943828811616355
0.10966755827283149
0.10966755827283149
0.10966755827283149
0.10966755827283149
0.10966755827283149
0.10966755827283149
0.10966755827283149
0.10966755827283149
0.10966755827283149
0.10966755827283149
0.10966755827283149
0.10966755827283149
0.10966755827283149
0.10966755827283149
0.10966755827283149
0.10966755827283149
0.10966755827283149
0.10966755827283149
0.10966755827283149
0.10966755827283149
0.10966755827283149
0.10966755827283149
0.10966755827283149
0.10974398165838746
0.10974398165838746
0.10974398165838746
0.10974398165838746
0.10974398165838746
0.10974398165838746
0.10974398165838746
0.10974398165838746
0.10974398165838746
0.10974398165838746
0.10989682842949942
0.1099732518150554
0.1099732518150554
0.1099732518150554
0.11004967520061139
0.11004967520061139
0.11004967520061139
0.11012609858616737
0.11012609858616737
0.11012609858616737
0.11012609858616737
0.11012609858616737
0.11012609858616737
0.11012609858616737
0.11012609858616737
0.11012609858616737
0.11020252197172335
0.11027894535727933
0.11027894535727933
0.11027894535727933
0.11027894535727933
0.11027894535727933
0.11027894535727933
0.1103553687428353
0.1103553687428353
0.1103553687428353
0.11043179212839128
0.11050821551394727
0.11050821551394727
0.11050821551394727
0.11050821551394727
0.11050821551394727
0.11050821551394727
0.11050821551394727
0.11050821551394727
0.11050821551394727
0.11050821551394727
0.11050821551394727
0.11058463889950325
0.11058463889950325
0.11058463889950325
0.11058463889950325
0.11066106228505923
0.11066106228505923
0.11066106228505923
0.11073748567061521
0.11073748567061521
0.11073748567061521
0.1108139090561712
0.1108139090561712
0.1108139090561712
0.1108139090561712
0.1108139090561712
0.1108139090561712
0.1108139090561712
0.1108139090561712
0.1108139090561712
0.1108139090561712
0.1108139090561712
0.11096675582728315
0.11096675582728315
0.11096675582728315
0.11096675582728315
0.11096675582728315
0.11104317921283913
0.11104317921283913
0.11104317921283913
0.11104317921283913
0.11104317921283913
0.11104317921283913
0.11104317921283913
0.11104317921283913
0.11104317921283913
0.11104317921283913
0.11104317921283913
0.11104317921283913
0.11104317921283913
0.11104317921283913
0.11104317921283913
0.11104317921283913
0.11104317921283913
0.11111960259839511
0.11111960259839511
