0.00557890714558655
0.013756209400076424
0.01727168513565151
0.019182269774551012
0.021169277799006497
0.022468475353458157
0.02330913259457394
0.025219717233473445
0.026060374474589223
0.026518914787925105
0.027359572029040886
0.028047382499044708
0.02873519296904853
0.02934658005349637
0.02965227359572029
0.030034390523500192
0.030569354222392053
0.03102789453572793
0.031104317921283913
0.031257164692395874
0.03171570500573175
0.031792128391287734
0.03202139854795567
0.03217424531906764
0.032327092090179595
0.03240351547573558
0.0327092090179595
0.0327092090179595
0.03301490256018342
0.033091325945739394
0.03324417271685136
0.0334734428735193
0.033626289644631255
0.033931983186855176
0.03400840657241116
0.03400840657241116
0.03408482995796714
0.03408482995796714
0.0342376767290791
0.03454337027130302
0.034696217042414976
0.03484906381352694
0.03484906381352694
0.03492548719908292
0.03492548719908292
0.0350019105846389
0.0350019105846389
0.03523118074130684
0.03530760412686282
0.03546045089797478
0.03553687428353076
0.03568972105464272
0.03568972105464272
0.035766144440198704
0.03584256782575468
0.03584256782575468
0.03584256782575468
0.03591899121131066
0.03607183798242262
0.03622468475353458
0.03622468475353458
0.036301108139090564
0.036301108139090564
0.03637753152464654
0.03637753152464654
0.0365303782957585
0.03675964845242644
0.0369124952235384
0.03698891860909438
0.03698891860909438
0.037065341994650364
0.037065341994650364
0.037065341994650364
0.03721818876576232
0.03744745892243027
0.037600305693542224
0.037600305693542224
0.037600305693542224
0.037600305693542224
0.037676729079098206
0.037676729079098206
0.03782957585021016
0.03798242262132213
0.03798242262132213
0.03798242262132213
0.03798242262132213
0.03821169277799007
0.03821169277799007
0.03821169277799007
0.03828811616354604
0.038440962934658006
0.038440962934658006
0.038440962934658006
0.038440962934658006
0.03851738632021399
0.03851738632021399
0.03859380970576996
0.03859380970576996
0.038670233091325945
0.038670233091325945
0.03874665647688193
0.03874665647688193
0.03874665647688193
0.03882307986243791
0.038975926633549866
0.038975926633549866
0.038975926633549866
0.039128773404661824
0.039128773404661824
0.039128773404661824
0.03928162017577379
0.03928162017577379
0.03928162017577379
0.03928162017577379
0.03928162017577379
0.03928162017577379
0.03928162017577379
0.03928162017577379
0.03928162017577379
0.03935804356132977
0.03935804356132977
0.039434466946885745
0.039434466946885745
0.039434466946885745
0.03951089033244173
0.03958731371799771
0.03958731371799771
0.03958731371799771
0.03958731371799771
0.039663737103553684
0.039663737103553684
0.039740160489109666
0.03981658387466565
0.03981658387466565
0.03989300726022163
0.03989300726022163
0.04004585403133359
0.04004585403133359
0.04004585403133359
0.04004585403133359
0.04012227741688957
0.04012227741688957
0.04012227741688957
0.04012227741688957
0.04019870080244555
0.04019870080244555
0.04019870080244555
0.04019870080244555
0.040275124188001526
0.040275124188001526
0.040275124188001526
0.040275124188001526
0.040275124188001526
0.040275124188001526
0.040275124188001526
0.040275124188001526
0.040275124188001526
0.040275124188001526
0.04035154757355751
0.04035154757355751
0.04035154757355751
0.04035154757355751
0.04035154757355751
0.04042797095911349
0.04042797095911349
0.04042797095911349
0.04042797095911349
0.04042797095911349
0.040504394344669466
0.040504394344669466
0.040504394344669466
0.040504394344669466
0.040504394344669466
0.040504394344669466
0.040504394344669466
0.040504394344669466
0.04058081773022545
0.04058081773022545
0.04058081773022545
0.04065724111578143
0.04081008788689339
0.04088651127244937
0.04088651127244937
0.04088651127244937
0.04103935804356133
0.04103935804356133
0.04111578142911731
0.04111578142911731
0.04119220481467329
0.04119220481467329
0.04119220481467329
0.04119220481467329
0.04126862820022927
0.04126862820022927
0.04134505158578525
0.04134505158578525
0.04134505158578525
0.04134505158578525
0.04134505158578525
0.04134505158578525
0.04134505158578525
0.04134505158578525
0.04134505158578525
0.04134505158578525
0.04134505158578525
0.04134505158578525
0.04134505158578525
0.04134505158578525
0.04134505158578525
0.04134505158578525
0.04134505158578525
0.04134505158578525
0.04134505158578525
0.04134505158578525
0.04134505158578525
0.04134505158578525
0.04134505158578525
0.04142147497134123
0.04149789835689721
0.04149789835689721
0.04149789835689721
0.04149789835689721
0.04149789835689721
0.04149789835689721
0.04149789835689721
0.04149789835689721
0.04149789835689721
0.04149789835689721
0.04149789835689721
0.04149789835689721
0.04149789835689721
0.041574321742453194
0.041574321742453194
0.041574321742453194
0.041574321742453194
0.041574321742453194
0.041574321742453194
0.04165074512800917
0.04165074512800917
0.04165074512800917
0.04165074512800917
0.04165074512800917
0.04180359189912113
0.04180359189912113
0.04180359189912113
0.04180359189912113
0.04180359189912113
0.04180359189912113
0.04180359189912113
0.04180359189912113
0.04180359189912113
0.04180359189912113
0.04180359189912113
0.04180359189912113
0.04180359189912113
0.04188001528467711
0.04188001528467711
0.04188001528467711
0.04195643867023309
0.04203286205578907
0.042109285441345054
0.042109285441345054
0.042109285441345054
0.042109285441345054
0.042109285441345054
0.042109285441345054
0.042109285441345054
0.042109285441345054
0.042109285441345054
0.04218570882690103
0.04226213221245701
0.04226213221245701
0.04226213221245701
0.04226213221245701
0.04226213221245701
0.04233855559801299
0.042414978983568975
0.042414978983568975
0.042414978983568975
0.042414978983568975
0.042414978983568975
0.042414978983568975
0.042414978983568975
0.042414978983568975
0.04256782575468093
0.04256782575468093
0.04256782575468093
0.04256782575468093
0.04256782575468093
0.042644249140236914
0.042644249140236914
0.04272067252579289
0.04272067252579289
0.04272067252579289
0.04272067252579289
0.04272067252579289
0.04272067252579289
0.04272067252579289
0.04272067252579289
0.04272067252579289
0.04272067252579289
0.04279709591134887
0.04279709591134887
0.04279709591134887
0.04279709591134887
0.04279709591134887
0.04279709591134887
0.042873519296904854
0.042873519296904854
0.042873519296904854
0.042873519296904854
0.042873519296904854
0.042873519296904854
0.042873519296904854
0.042873519296904854
0.042873519296904854
0.042873519296904854
0.042949942682460836
0.042949942682460836
0.042949942682460836
0.042949942682460836
0.042949942682460836
0.042949942682460836
0.042949942682460836
0.04302636606801681
0.04302636606801681
0.04302636606801681
0.04302636606801681
0.04302636606801681
0.04302636606801681
0.043179212839128775
0.043179212839128775
0.043179212839128775
0.043179212839128775
0.043179212839128775
0.04325563622468476
0.04325563622468476
0.04325563622468476
0.04325563622468476
0.04325563622468476
0.04325563622468476
0.04325563622468476
0.04325563622468476
0.04325563622468476
0.04325563622468476
0.04325563622468476
0.04325563622468476
0.04325563622468476
0.04325563622468476
0.04325563622468476
0.04325563622468476
0.04325563622468476
0.04325563622468476
0.04325563622468476
0.04325563622468476
0.04325563622468476
0.04325563622468476
0.04325563622468476
0.04333205961024073
0.04333205961024073
0.04333205961024073
0.04333205961024073
0.04333205961024073
0.04333205961024073
0.04333205961024073
0.04333205961024073
0.04333205961024073
0.04333205961024073
0.04333205961024073
0.04333205961024073
0.04333205961024073
0.04333205961024073
0.04333205961024073
0.04333205961024073
0.04333205961024073
0.043408482995796714
0.043408482995796714
0.043408482995796714
0.043408482995796714
0.043408482995796714
0.043408482995796714
0.043408482995796714
0.043408482995796714
0.043408482995796714
0.043408482995796714
0.043408482995796714
0.043408482995796714
0.04356132976690867
0.04356132976690867
0.04356132976690867
0.04356132976690867
0.04356132976690867
0.04356132976690867
0.04363775315246465
0.04363775315246465
0.04363775315246465
0.04363775315246465
0.04363775315246465
0.04363775315246465
0.04363775315246465
0.04363775315246465
0.04363775315246465
0.04363775315246465
0.043714176538020635
0.043714176538020635
0.043714176538020635
0.043714176538020635
0.043714176538020635
0.043714176538020635
0.043714176538020635
0.043714176538020635
0.043714176538020635
0.043714176538020635
0.043714176538020635
0.04386702330913259
0.04386702330913259
0.043943446694688575
0.043943446694688575
0.043943446694688575
0.043943446694688575
0.043943446694688575
0.043943446694688575
0.043943446694688575
0.043943446694688575
0.043943446694688575
0.043943446694688575
0.043943446694688575
0.043943446694688575
0.04401987008024456
0.04401987008024456
0.04401987008024456
0.04401987008024456
0.04401987008024456
0.04401987008024456
0.04401987008024456
0.04401987008024456
0.04401987008024456
0.04401987008024456
0.04401987008024456
0.04401987008024456
0.04401987008024456
0.04401987008024456
0.04409629346580053
0.04409629346580053
0.04409629346580053
0.044172716851356514
0.044172716851356514
0.044172716851356514
0.044172716851356514
0.044172716851356514
0.044172716851356514
0.044172716851356514
0.04432556362246848
0.04432556362246848
0.04432556362246848
0.04432556362246848
0.04432556362246848
0.04432556362246848
0.04440198700802445
0.04440198700802445
0.04440198700802445
0.04440198700802445
0.04440198700802445
0.04440198700802445
0.04440198700802445
0.04440198700802445
0.04440198700802445
0.04440198700802445
0.04440198700802445
0.04440198700802445
0.04440198700802445
0.04440198700802445
0.04440198700802445
0.044478410393580435
0.044478410393580435
0.044478410393580435
0.044478410393580435
0.044478410393580435
0.04455483377913642
0.04455483377913642
0.04455483377913642
0.04455483377913642
0.04455483377913642
0.0446312571646924
0.0446312571646924
0.0446312571646924
0.0446312571646924
0.0446312571646924
0.0446312571646924
0.0446312571646924
0.0446312571646924
0.0446312571646924
0.044707680550248374
0.044707680550248374
0.044707680550248374
0.044707680550248374
0.044707680550248374
0.044707680550248374
0.044707680550248374
0.044707680550248374
0.044707680550248374
0.044707680550248374
0.044707680550248374
0.044707680550248374
0.044707680550248374
0.044707680550248374
0.044707680550248374
0.044707680550248374
0.044707680550248374
0.044784103935804356
0.044784103935804356
0.04486052732136034
0.04486052732136034
0.04486052732136034
0.04486052732136034
0.04486052732136034
0.04486052732136034
0.044936950706916313
0.044936950706916313
0.044936950706916313
0.044936950706916313
0.044936950706916313
0.044936950706916313
0.044936950706916313
0.044936950706916313
0.044936950706916313
0.044936950706916313
0.044936950706916313
0.045013374092472296
0.04508979747802828
0.04508979747802828
0.04508979747802828
0.04508979747802828
0.04508979747802828
0.04508979747802828
0.04508979747802828
0.04508979747802828
0.04508979747802828
0.04508979747802828
0.04508979747802828
0.04508979747802828
0.04508979747802828
0.04508979747802828
0.04508979747802828
0.04508979747802828
0.04508979747802828
0.04508979747802828
0.04508979747802828
0.04508979747802828
0.04508979747802828
0.04508979747802828
0.04508979747802828
0.04508979747802828
0.04508979747802828
0.04508979747802828
0.04508979747802828
0.04508979747802828
0.04508979747802828
0.04508979747802828
0.04508979747802828
0.04508979747802828
0.04508979747802828
0.04516622086358426
0.04516622086358426
0.04516622086358426
0.04516622086358426
0.04516622086358426
0.04516622086358426
0.04516622086358426
0.04516622086358426
0.04516622086358426
0.045242644249140235
0.045242644249140235
0.045242644249140235
0.045242644249140235
0.045242644249140235
0.045242644249140235
0.045242644249140235
0.045242644249140235
0.045242644249140235
0.045242644249140235
0.045242644249140235
0.045242644249140235
0.04531906763469622
0.04531906763469622
0.0453954910202522
0.0453954910202522
0.0453954910202522
0.0453954910202522
0.0453954910202522
0.0453954910202522
0.0453954910202522
0.0453954910202522
0.0453954910202522
0.0453954910202522
0.0453954910202522
0.045471914405808174
0.045471914405808174
0.045471914405808174
0.045471914405808174
0.045471914405808174
0.045471914405808174
0.045471914405808174
0.045471914405808174
0.045471914405808174
0.045471914405808174
0.045471914405808174
0.045471914405808174
0.045471914405808174
0.045471914405808174
0.045471914405808174
0.045471914405808174
0.045548337791364156
0.045548337791364156
0.045548337791364156
0.045548337791364156
0.045548337791364156
0.045548337791364156
0.045548337791364156
0.045548337791364156
0.045548337791364156
0.045548337791364156
0.045548337791364156
0.045548337791364156
0.045548337791364156
0.045548337791364156
0.045548337791364156
0.045548337791364156
0.045548337791364156
0.045548337791364156
0.045548337791364156
0.045548337791364156
0.045548337791364156
0.045548337791364156
0.045548337791364156
0.045548337791364156
0.045548337791364156
0.045548337791364156
0.045548337791364156
0.045548337791364156
0.045548337791364156
0.045548337791364156
0.045548337791364156
0.045548337791364156
0.045548337791364156
0.045548337791364156
0.045548337791364156
0.045548337791364156
0.045548337791364156
0.045548337791364156
0.045548337791364156
0.045548337791364156
0.045548337791364156
0.045548337791364156
0.04562476117692014
0.04562476117692014
0.04562476117692014
0.04562476117692014
0.04562476117692014
0.04562476117692014
0.04562476117692014
0.04562476117692014
0.04562476117692014
0.04562476117692014
0.04562476117692014
0.04562476117692014
0.04562476117692014
0.04562476117692014
0.04562476117692014
0.04562476117692014
0.04562476117692014
0.04562476117692014
0.04562476117692014
0.04570118456247612
0.04570118456247612
0.04570118456247612
0.04570118456247612
0.04570118456247612
0.04570118456247612
0.04570118456247612
0.045777607948032095
0.045777607948032095
0.045777607948032095
0.045777607948032095
0.045777607948032095
0.045777607948032095
0.045777607948032095
0.045777607948032095
0.045777607948032095
0.045777607948032095
0.045777607948032095
0.045777607948032095
0.045777607948032095
0.045777607948032095
0.045777607948032095
0.045777607948032095
0.045777607948032095
0.045777607948032095
0.045777607948032095
0.045777607948032095
0.045777607948032095
0.045777607948032095
0.045777607948032095
0.045777607948032095
0.045777607948032095
0.045777607948032095
0.045777607948032095
0.045777607948032095
0.045777607948032095
0.045777607948032095
0.045777607948032095
0.045777607948032095
0.045777607948032095
0.045777607948032095
0.045777607948032095
0.045777607948032095
0.045777607948032095
0.045777607948032095
0.045777607948032095
0.045777607948032095
0.045777607948032095
0.045777607948032095
0.04585403133358808
0.04585403133358808
0.04585403133358808
0.04585403133358808
0.04585403133358808
0.04585403133358808
0.04585403133358808
0.04585403133358808
0.04593045471914406
0.04600687810470004
0.04600687810470004
0.04600687810470004
0.046083301490256016
0.046083301490256016
0.046083301490256016
0.046083301490256016
0.046083301490256016
0.046083301490256016
0.046083301490256016
0.046083301490256016
0.046083301490256016
0.046083301490256016
0.046083301490256016
0.046083301490256016
0.046083301490256016
0.046083301490256016
0.046083301490256016
0.046083301490256016
0.046159724875812
0.046159724875812
0.046159724875812
0.046159724875812
0.046159724875812
0.046159724875812
0.046159724875812
0.046159724875812
0.046159724875812
0.046159724875812
0.046159724875812
0.046159724875812
0.046159724875812
0.046159724875812
0.046159724875812
0.046159724875812
0.046159724875812
0.046159724875812
0.046159724875812
0.046159724875812
0.046159724875812
0.046159724875812
0.046159724875812
0.046159724875812
0.04623614826136798
0.04623614826136798
0.04623614826136798
0.04623614826136798
0.04623614826136798
0.04623614826136798
0.04623614826136798
0.04623614826136798
0.04623614826136798
0.04623614826136798
0.04623614826136798
0.04623614826136798
0.04623614826136798
0.04623614826136798
0.04623614826136798
0.04623614826136798
0.046312571646923956
0.046312571646923956
0.046312571646923956
0.046312571646923956
0.046312571646923956
0.046312571646923956
0.046312571646923956
0.046312571646923956
0.046312571646923956
0.046312571646923956
0.046312571646923956
0.046312571646923956
0.046312571646923956
0.046312571646923956
0.046312571646923956
0.046312571646923956
0.046312571646923956
0.046312571646923956
0.046312571646923956
0.04638899503247994
0.04638899503247994
0.04638899503247994
0.04638899503247994
0.04638899503247994
0.04638899503247994
0.04638899503247994
0.04638899503247994
0.04638899503247994
0.04638899503247994
0.04638899503247994
0.04638899503247994
0.04638899503247994
0.04638899503247994
0.04638899503247994
0.04638899503247994
0.04638899503247994
0.04638899503247994
0.04638899503247994
0.04638899503247994
0.04638899503247994
0.04638899503247994
0.04638899503247994
0.04638899503247994
0.04638899503247994
0.04638899503247994
0.04638899503247994
0.04638899503247994
0.04646541841803592
0.04646541841803592
0.04646541841803592
0.04646541841803592
0.04646541841803592
0.04646541841803592
0.04646541841803592
0.04646541841803592
0.04646541841803592
0.04646541841803592
0.04646541841803592
0.04646541841803592
0.04646541841803592
0.04646541841803592
0.04646541841803592
0.04646541841803592
0.04646541841803592
0.04646541841803592
0.04646541841803592
0.04646541841803592
0.04646541841803592
0.04646541841803592
0.04646541841803592
0.04646541841803592
0.04646541841803592
0.04646541841803592
0.04646541841803592
0.04646541841803592
0.04646541841803592
0.04646541841803592
0.04646541841803592
0.04646541841803592
0.04646541841803592
0.04646541841803592
0.04646541841803592
0.04646541841803592
0.04646541841803592
0.04646541841803592
0.04646541841803592
0.0465418418035919
0.0465418418035919
0.0465418418035919
0.0465418418035919
0.0465418418035919
0.0465418418035919
0.0465418418035919
0.0465418418035919
0.0465418418035919
0.0465418418035919
0.0465418418035919
0.0465418418035919
0.0465418418035919
0.0465418418035919
0.0465418418035919
0.0465418418035919
0.0465418418035919
0.0465418418035919
0.0465418418035919
0.0465418418035919
0.0465418418035919
0.0465418418035919
0.0465418418035919
0.0465418418035919
0.0465418418035919
0.0465418418035919
0.0465418418035919
0.0465418418035919
0.0465418418035919
0.0465418418035919
0.0465418418035919
0.0465418418035919
0.0465418418035919
0.0465418418035919
0.0465418418035919
0.0465418418035919
0.0465418418035919
0.0465418418035919
0.0465418418035919
0.0465418418035919
0.0465418418035919
0.0465418418035919
0.0465418418035919
0.0465418418035919
0.0465418418035919
0.0465418418035919
0.0465418418035919
0.0465418418035919
0.0465418418035919
0.0465418418035919
0.0465418418035919
0.0465418418035919
0.0465418418035919
0.0465418418035919
0.0465418418035919
0.0465418418035919
0.0465418418035919
0.0465418418035919
0.0465418418035919
0.0465418418035919
0.0465418418035919
0.0465418418035919
0.04661826518914788
0.04661826518914788
0.04661826518914788
0.04661826518914788
0.04661826518914788
0.04661826518914788
0.04661826518914788
0.04661826518914788
0.04661826518914788
0.04661826518914788
0.04661826518914788
0.04669468857470386
0.04669468857470386
0.04669468857470386
0.04669468857470386
0.04669468857470386
0.04669468857470386
0.04669468857470386
0.04677111196025984
0.04677111196025984
0.04677111196025984
0.04677111196025984
0.04677111196025984
0.0469239587313718
0.0469239587313718
0.0469239587313718
0.0469239587313718
0.0469239587313718
0.0469239587313718
0.0469239587313718
0.0469239587313718
0.04700038211692778
0.04700038211692778
0.04700038211692778
0.04700038211692778
0.04700038211692778
0.04700038211692778
0.04700038211692778
0.04700038211692778
0.04700038211692778
0.04700038211692778
0.04700038211692778
0.04700038211692778
0.04700038211692778
0.04700038211692778
0.04700038211692778
0.04700038211692778
0.04700038211692778
0.04700038211692778
0.04700038211692778
0.04700038211692778
0.04700038211692778
0.04700038211692778
0.04700038211692778
0.04700038211692778
0.04700038211692778
0.04700038211692778
0.04700038211692778
0.04700038211692778
0.04700038211692778
0.04700038211692778
0.04700038211692778
0.04700038211692778
