0.018723729461215134
0.02797095911348873
0.034161253343523115
0.03622468475353458
0.038364539549102024
0.039740160489109666
0.04126862820022927
0.043408482995796714
0.04440198700802445
0.046312571646923956
0.0480703095147115
0.04906381352693924
0.05021016431027894
0.05097439816583875
0.051356515093618646
0.05227359572029041
0.05311425296140619
0.05341994650363011
0.05387848681696599
0.054260603744745894
0.054795567443637755
0.05517768437141765
0.0554069545280856
0.055789071455865494
0.056324035154757354
0.056629728696981275
0.05701184562476118
0.05762323270920902
0.05800534963698892
0.05861673672143676
0.05938097057699656
0.05976308750477646
0.06022162781811234
0.060603744745892245
0.060833014902560184
0.061367978601452045
0.06182651891478792
0.06228505922812381
0.06259075277034773
0.06297286969812763
0.06320213985479557
0.0634314100114635
0.06358425678257547
0.06411922048146733
0.06442491402369124
0.06465418418035919
0.06503630110813909
0.06534199465036301
0.06564768819258693
0.06580053496369889
0.06595338173481086
0.06602980512036684
0.0661062285059228
0.06679403897592663
0.06702330913259458
0.06717615590370653
0.06725257928926251
0.06740542606037447
0.06748184944593046
0.06748184944593046
0.06755827283148644
0.06778754298815437
0.06801681314482232
0.06839893007260221
0.06878104700038212
0.06893389377149407
0.06916316392816202
0.06939243408482995
0.0696217042414979
0.0696217042414979
0.06992739778372183
0.06992739778372183
0.07008024455483378
0.07023309132594574
0.07053878486816965
0.07069163163928162
0.0707680550248376
0.07099732518150555
0.07107374856706151
0.07107374856706151
0.07137944210928544
0.07160871226595338
0.07199082919373329
0.07237294612151318
0.07244936950706916
0.07252579289262515
0.07260221627818113
0.07275506304929308
0.07283148643484906
0.073060756591517
0.07329002674818494
0.07336645013374092
0.07336645013374092
0.07359572029040887
0.07367214367596485
0.07367214367596485
0.07390141383263278
0.07413068398930073
0.07428353076041269
0.07443637753152464
0.07474207107374857
0.07481849445930455
0.0749713412304165
0.07512418800152847
0.07520061138708445
0.07535345815819641
0.07550630492930836
0.07565915170042033
0.07573557508597631
0.07596484524264425
0.07642338555598013
0.07665265571264807
0.07672907909820405
0.07680550248376003
0.076958349254872
0.07726404279709591
0.07734046618265189
0.07741688956820787
0.07749331295376385
0.07749331295376385
0.07772258311043179
0.07787542988154375
0.0781047000382117
0.0784868169659916
0.07863966373710356
0.07871608712265954
0.07894535727932747
0.07902178066488345
0.07909820405043944
0.0792510508215514
0.07932747420710737
0.07932747420710737
0.07940389759266335
0.07955674436377531
0.07970959113488728
0.07970959113488728
0.07970959113488728
0.07978601452044326
0.07986243790599924
0.07986243790599924
0.07986243790599924
0.07986243790599924
0.08001528467711119
0.08016813144822316
0.08024455483377914
0.08024455483377914
0.08024455483377914
0.08032097821933512
0.08047382499044707
0.08055024837600305
0.08062667176155904
0.08085594191822698
0.08093236530378296
0.08108521207489491
0.0811616354604509
0.08139090561711884
0.08139090561711884
0.08139090561711884
0.08139090561711884
0.08146732900267482
0.08146732900267482
0.08162017577378677
0.08169659915934276
0.08177302254489874
0.08184944593045472
0.08184944593045472
0.08207871608712267
0.08223156285823462
0.08223156285823462
0.0823079862437906
0.0823079862437906
0.08253725640045854
0.0826901031715705
0.08276652655712648
0.08299579671379442
0.08322506687046236
0.08337791364157432
0.0834543370271303
0.08368360718379825
0.08391287734046618
0.08398930072602216
0.08429499426824609
0.08437141765380206
0.08444784103935804
0.08467711119602599
0.08490638135269392
0.0849828047382499
0.08513565150936186
0.08513565150936186
0.08521207489491785
0.08528849828047383
0.08528849828047383
0.08528849828047383
0.08528849828047383
0.08536492166602981
0.08536492166602981
0.08544134505158578
0.08551776843714176
0.08559419182269774
0.08559419182269774
0.08567061520825373
0.08567061520825373
0.08574703859380971
0.08574703859380971
0.08574703859380971
0.08582346197936569
0.08582346197936569
0.08582346197936569
0.08589988536492167
0.08597630875047764
0.08597630875047764
0.08597630875047764
0.08597630875047764
0.08605273213603362
0.08605273213603362
0.08605273213603362
0.08620557890714559
0.08620557890714559
0.08635842567825755
0.08643484906381353
0.08658769583492548
0.08674054260603745
0.08681696599159343
0.08696981276270539
0.08696981276270539
0.08704623614826137
0.08719908291937332
0.0872755063049293
0.0872755063049293
0.08735192969048529
0.08735192969048529
0.08735192969048529
0.08735192969048529
0.08735192969048529
0.08750477646159725
0.08750477646159725
0.08750477646159725
0.0876576232327092
0.0876576232327092
0.0876576232327092
0.08781047000382117
0.08788689338937715
0.08796331677493313
0.08796331677493313
0.08796331677493313
0.08796331677493313
0.08826901031715705
0.08834543370271303
0.08834543370271303
0.08834543370271303
0.08842185708826901
0.08849828047382499
0.08849828047382499
0.08857470385938097
0.08857470385938097
0.08857470385938097
0.08872755063049292
0.08872755063049292
0.08872755063049292
0.08872755063049292
0.08872755063049292
0.08872755063049292
0.08895682078716087
0.08895682078716087
0.08895682078716087
0.08895682078716087
0.08895682078716087
0.08910966755827283
0.08910966755827283
0.0892625143293848
0.0892625143293848
0.08933893771494077
0.08933893771494077
0.08941536110049675
0.08956820787160871
0.08972105464272068
0.08972105464272068
0.08972105464272068
0.08972105464272068
0.08972105464272068
0.08972105464272068
0.08979747802827666
0.08979747802827666
0.08979747802827666
0.09002674818494459
0.09002674818494459
0.09002674818494459
0.09002674818494459
0.09002674818494459
0.09010317157050057
0.09010317157050057
0.09017959495605656
0.09017959495605656
0.09017959495605656
0.09017959495605656
0.09025601834161254
0.09033244172716852
0.09040886511272449
0.09040886511272449
0.09040886511272449
0.09048528849828047
0.09063813526939243
0.09063813526939243
0.0907909820405044
0.0907909820405044
0.09086740542606038
0.09086740542606038
0.09086740542606038
0.09094382881161635
0.09102025219717233
0.09102025219717233
0.09102025219717233
0.09102025219717233
0.0911730989682843
0.0911730989682843
0.0911730989682843
0.0911730989682843
0.0911730989682843
0.0911730989682843
0.0911730989682843
0.0911730989682843
0.0911730989682843
0.09132594573939626
0.09140236912495224
0.09140236912495224
0.09140236912495224
0.09140236912495224
0.09140236912495224
0.09147879251050822
0.09163163928162017
0.09170806266717615
0.09170806266717615
0.09170806266717615
0.09178448605273214
0.0919373328238441
0.09201375620940008
0.09209017959495605
0.09216660298051203
0.09216660298051203
0.09216660298051203
0.09224302636606801
0.09224302636606801
0.09224302636606801
0.09224302636606801
0.09239587313717998
0.09239587313717998
0.09254871990829194
0.09254871990829194
0.09254871990829194
0.09262514329384791
0.09262514329384791
0.09277799006495988
0.09285441345051586
0.09285441345051586
0.09285441345051586
0.09293083683607184
0.09300726022162782
0.09300726022162782
0.09300726022162782
0.0930836836071838
0.0930836836071838
0.09323653037829575
0.09323653037829575
0.09323653037829575
0.09323653037829575
0.09331295376385174
0.09331295376385174
0.09331295376385174
0.0934658005349637
0.0934658005349637
0.0934658005349637
0.0934658005349637
0.09354222392051968
0.09354222392051968
0.09354222392051968
0.09361864730607566
0.09369507069163165
0.09369507069163165
0.09369507069163165
0.09377149407718761
0.09377149407718761
0.09377149407718761
0.09377149407718761
0.09392434084829958
0.09392434084829958
0.09392434084829958
0.09392434084829958
0.09392434084829958
0.09407718761941154
0.09415361100496752
0.0942300343905235
0.09430645777607947
0.09430645777607947
0.09430645777607947
0.09430645777607947
0.09430645777607947
0.09430645777607947
0.09438288116163546
0.09438288116163546
0.09438288116163546
0.09445930454719144
0.09476499808941537
0.09484142147497134
0.09484142147497134
0.09484142147497134
0.09484142147497134
0.09491784486052732
0.09491784486052732
0.09491784486052732
0.09491784486052732
0.09491784486052732
0.09491784486052732
0.09491784486052732
0.09491784486052732
0.0949942682460833
0.0949942682460833
0.0949942682460833
0.09507069163163928
0.09522353840275125
0.09522353840275125
0.09522353840275125
0.09529996178830723
0.0953763851738632
0.09545280855941918
0.09545280855941918
0.09552923194497516
0.09552923194497516
0.09552923194497516
0.09552923194497516
0.09552923194497516
0.09568207871608712
0.09568207871608712
0.0957585021016431
0.0957585021016431
0.0957585021016431
0.0957585021016431
0.09591134887275506
0.09591134887275506
0.09591134887275506
0.09591134887275506
0.09598777225831104
0.09606419564386702
0.09606419564386702
0.096140619029423
0.096140619029423
0.09629346580053497
0.09636988918609095
0.09636988918609095
0.09636988918609095
0.09644631257164693
0.09644631257164693
0.0965227359572029
0.0965227359572029
0.0965227359572029
0.0965227359572029
0.0965227359572029
0.0965227359572029
0.0965227359572029
0.0965227359572029
0.0965227359572029
0.0965227359572029
0.0965227359572029
0.0965227359572029
0.0965227359572029
0.0965227359572029
0.0965227359572029
0.09659915934275888
0.09659915934275888
0.09659915934275888
0.09659915934275888
0.09659915934275888
0.09659915934275888
0.09659915934275888
0.09659915934275888
0.09667558272831486
0.09675200611387084
0.09675200611387084
0.09682842949942683
0.09690485288498281
0.09690485288498281
0.09690485288498281
0.09690485288498281
0.09705769965609476
0.09713412304165074
0.09713412304165074
0.09713412304165074
0.09713412304165074
0.09721054642720672
0.09721054642720672
0.09721054642720672
0.0972869698127627
0.0972869698127627
0.0972869698127627
0.0972869698127627
0.0972869698127627
0.0972869698127627
0.0972869698127627
0.0972869698127627
0.09736339319831869
0.09743981658387467
0.09743981658387467
0.09743981658387467
0.09743981658387467
0.09759266335498662
0.09759266335498662
0.09759266335498662
0.09759266335498662
0.0976690867405426
0.0976690867405426
0.0976690867405426
0.0976690867405426
0.0976690867405426
0.09774551012609858
0.09774551012609858
0.09774551012609858
0.09782193351165457
0.09782193351165457
0.09797478028276653
0.09797478028276653
0.09797478028276653
0.09797478028276653
0.09797478028276653
0.09797478028276653
0.09797478028276653
0.09797478028276653
0.09797478028276653
0.09797478028276653
0.09797478028276653
0.09797478028276653
0.09805120366832251
0.09805120366832251
0.09812762705387848
0.09812762705387848
0.09812762705387848
0.09820405043943446
0.09820405043943446
0.09820405043943446
0.09820405043943446
0.09820405043943446
0.09820405043943446
0.09820405043943446
0.09820405043943446
0.09820405043943446
0.09820405043943446
0.09820405043943446
0.09820405043943446
0.09820405043943446
0.09820405043943446
0.09820405043943446
0.09820405043943446
0.09820405043943446
0.09820405043943446
0.09828047382499044
0.09828047382499044
0.09828047382499044
0.09828047382499044
0.09828047382499044
0.09828047382499044
0.09828047382499044
0.09828047382499044
0.09828047382499044
0.09828047382499044
0.09828047382499044
0.09835689721054643
0.09843332059610241
0.09843332059610241
0.09843332059610241
0.09843332059610241
0.09843332059610241
0.09843332059610241
0.09843332059610241
0.09850974398165839
0.09850974398165839
0.09850974398165839
0.09858616736721437
0.09866259075277035
0.09873901413832632
0.0988154375238823
0.0988154375238823
0.09889186090943829
0.09896828429499427
0.09904470768055025
0.09904470768055025
0.09912113106610623
0.09912113106610623
0.09912113106610623
0.09912113106610623
0.09912113106610623
0.09919755445166221
0.09919755445166221
0.09919755445166221
0.09919755445166221
0.09935040122277417
0.09942682460833015
0.09950324799388613
0.09957967137944211
0.09957967137944211
0.0996560947649981
0.09980894153611004
0.09980894153611004
0.09980894153611004
0.09988536492166603
0.09996178830722201
0.09996178830722201
0.09996178830722201
0.09996178830722201
0.10003821169277799
0.10003821169277799
0.10003821169277799
0.10003821169277799
0.10011463507833397
0.10019105846388995
0.10019105846388995
0.10019105846388995
0.10019105846388995
0.10026748184944594
0.10026748184944594
0.10026748184944594
0.10026748184944594
0.10026748184944594
0.10026748184944594
0.1003439052350019
0.1003439052350019
0.10042032862055789
0.10042032862055789
0.10042032862055789
0.10042032862055789
0.10042032862055789
0.10042032862055789
0.10042032862055789
0.10042032862055789
0.10042032862055789
0.10042032862055789
0.10042032862055789
0.10042032862055789
0.10042032862055789
0.10042032862055789
0.10042032862055789
0.10042032862055789
0.10042032862055789
0.10042032862055789
0.10042032862055789
0.10042032862055789
0.10042032862055789
0.10042032862055789
0.10042032862055789
0.10042032862055789
0.10042032862055789
0.10042032862055789
0.10042032862055789
0.10042032862055789
0.10042032862055789
0.10042032862055789
0.10042032862055789
0.10042032862055789
0.10042032862055789
0.10042032862055789
0.10042032862055789
0.10042032862055789
0.10042032862055789
0.10042032862055789
0.10042032862055789
0.10049675200611387
0.10049675200611387
0.10049675200611387
0.10049675200611387
0.10049675200611387
0.10049675200611387
0.10049675200611387
0.10049675200611387
0.10049675200611387
0.10049675200611387
0.10049675200611387
0.10049675200611387
0.10049675200611387
0.10049675200611387
0.10057317539166985
0.10057317539166985
0.10057317539166985
0.10064959877722583
0.10064959877722583
0.10072602216278181
0.10072602216278181
0.10072602216278181
0.10072602216278181
0.10072602216278181
0.1008024455483378
0.1008024455483378
0.1008024455483378
0.10087886893389378
0.10087886893389378
0.10103171570500573
0.10110813909056171
0.10110813909056171
0.10110813909056171
0.10110813909056171
0.10118456247611769
0.10126098586167367
0.10126098586167367
0.10133740924722966
0.10133740924722966
0.10133740924722966
0.10141383263278564
0.10141383263278564
0.10141383263278564
0.1014902560183416
0.10156667940389759
0.10164310278945357
0.10164310278945357
0.10164310278945357
0.10164310278945357
0.10164310278945357
0.10164310278945357
0.10164310278945357
0.10164310278945357
0.10164310278945357
0.10164310278945357
0.10164310278945357
0.10164310278945357
0.10171952617500955
0.10179594956056554
0.10179594956056554
0.10187237294612152
0.10187237294612152
0.10187237294612152
0.10187237294612152
0.10187237294612152
0.10187237294612152
0.1019487963316775
0.1019487963316775
0.10202521971723347
0.10202521971723347
0.10202521971723347
0.10202521971723347
0.10210164310278945
0.10210164310278945
0.10210164310278945
0.10210164310278945
0.10210164310278945
0.10217806648834543
0.10217806648834543
0.10217806648834543
0.10217806648834543
0.10217806648834543
0.10225448987390141
0.10225448987390141
0.1023309132594574
0.1023309132594574
0.1023309132594574
0.1023309132594574
0.1023309132594574
0.1023309132594574
0.1023309132594574
0.1023309132594574
0.1023309132594574
0.1023309132594574
0.1023309132594574
0.1023309132594574
0.1023309132594574
0.1023309132594574
0.1023309132594574
0.1023309132594574
0.1023309132594574
0.1023309132594574
0.1023309132594574
0.1023309132594574
0.1023309132594574
0.1023309132594574
0.1023309132594574
0.1023309132594574
0.1023309132594574
0.1023309132594574
0.1023309132594574
0.1023309132594574
0.1023309132594574
0.10240733664501338
0.10240733664501338
0.10240733664501338
0.10240733664501338
0.10248376003056936
0.10248376003056936
0.10248376003056936
0.10248376003056936
0.10248376003056936
0.10248376003056936
0.10248376003056936
0.10248376003056936
0.10248376003056936
0.10248376003056936
0.10248376003056936
0.10248376003056936
0.10248376003056936
0.10248376003056936
0.10248376003056936
0.10248376003056936
0.10248376003056936
0.10248376003056936
0.10248376003056936
0.10248376003056936
0.10248376003056936
0.10248376003056936
0.10248376003056936
0.10248376003056936
0.10248376003056936
0.10248376003056936
0.10248376003056936
0.10248376003056936
0.10248376003056936
0.10248376003056936
0.10248376003056936
0.10248376003056936
0.10248376003056936
0.10248376003056936
0.10248376003056936
0.10248376003056936
0.10248376003056936
0.10248376003056936
0.10248376003056936
0.10248376003056936
0.10248376003056936
0.10248376003056936
0.10248376003056936
0.10248376003056936
0.10248376003056936
0.10248376003056936
0.10248376003056936
0.10256018341612533
0.10256018341612533
0.10256018341612533
0.10256018341612533
0.10271303018723729
0.10271303018723729
0.10271303018723729
0.10271303018723729
0.10271303018723729
0.10278945357279327
0.10278945357279327
0.10286587695834926
0.10286587695834926
0.10286587695834926
0.10286587695834926
0.10286587695834926
0.10286587695834926
0.10286587695834926
0.10286587695834926
0.10286587695834926
0.10286587695834926
0.10286587695834926
0.10286587695834926
0.10286587695834926
0.10286587695834926
0.10286587695834926
0.10286587695834926
0.10286587695834926
0.10286587695834926
0.10286587695834926
0.10286587695834926
0.10286587695834926
0.10294230034390524
0.10294230034390524
0.10294230034390524
0.10301872372946122
0.10301872372946122
0.10301872372946122
0.10301872372946122
0.1030951471150172
0.1030951471150172
0.1030951471150172
0.1030951471150172
0.10324799388612915
0.10324799388612915
0.10324799388612915
0.10340084065724112
0.10340084065724112
0.10340084065724112
0.10340084065724112
0.10340084065724112
0.10340084065724112
0.10340084065724112
0.1034772640427971
0.10355368742835308
0.10355368742835308
0.10355368742835308
0.10355368742835308
0.10363011081390906
0.10363011081390906
0.10363011081390906
0.10363011081390906
0.10363011081390906
0.10363011081390906
0.10363011081390906
0.10363011081390906
0.10363011081390906
0.10363011081390906
0.10370653419946503
0.10370653419946503
0.10370653419946503
0.103859380970577
0.103859380970577
0.10393580435613298
0.10393580435613298
0.10393580435613298
0.10393580435613298
0.10393580435613298
0.10401222774168896
0.10401222774168896
0.10401222774168896
0.10416507451280092
0.10416507451280092
0.10416507451280092
0.10416507451280092
0.10416507451280092
0.10416507451280092
0.10424149789835689
0.10424149789835689
0.10424149789835689
0.10424149789835689
0.10424149789835689
0.10424149789835689
0.10431792128391287
0.10431792128391287
0.10431792128391287
0.10431792128391287
0.10431792128391287
0.10431792128391287
0.10431792128391287
0.10439434466946886
0.10439434466946886
0.10447076805502484
0.10447076805502484
0.10447076805502484
0.10454719144058082
0.10454719144058082
0.10454719144058082
0.10454719144058082
0.1046236148261368
0.1046236148261368
0.1046236148261368
0.1046236148261368
0.1046236148261368
0.1046236148261368
0.1046236148261368
0.1046236148261368
0.1046236148261368
0.1046236148261368
0.1046236148261368
0.1046236148261368
0.1046236148261368
0.1046236148261368
0.10470003821169278
0.10470003821169278
0.10477646159724875
0.10477646159724875
0.10477646159724875
0.10477646159724875
0.10477646159724875
0.10477646159724875
0.10477646159724875
0.10477646159724875
0.10485288498280473
0.10485288498280473
0.10485288498280473
0.10485288498280473
0.10485288498280473
0.10485288498280473
0.10485288498280473
0.10492930836836072
0.10492930836836072
0.10492930836836072
0.10492930836836072
0.10492930836836072
0.10492930836836072
0.10492930836836072
0.10492930836836072
0.10492930836836072
0.10492930836836072
0.10492930836836072
0.10492930836836072
0.10492930836836072
0.10492930836836072
0.10492930836836072
0.10492930836836072
0.10492930836836072
0.10492930836836072
0.10492930836836072
0.10492930836836072
0.10492930836836072
0.10492930836836072
0.10492930836836072
0.10492930836836072
0.10492930836836072
0.10492930836836072
0.10492930836836072
0.10492930836836072
0.10492930836836072
0.10492930836836072
0.10492930836836072
0.10492930836836072
0.10492930836836072
0.1050057317539167
