0.008635842567825755
0.01100496752006114
0.013603362628964463
0.016048910966755828
0.01818876576232327
0.019717233473442872
0.021016431027894536
0.0223156285823462
0.02330913259457394
0.024226213221245702
0.025525410775697362
0.026136797860145205
0.026748184944593044
0.027359572029040886
0.027665265571264808
0.027894535727932747
0.02835307604126863
0.02865876958349255
0.02904088651127245
0.02942300343905235
0.02995796713794421
0.030187237294612153
0.030569354222392053
0.030798624379059992
0.030951471150171952
0.03148643484906381
0.032097821933511655
0.03225066870462361
0.03247993886129155
0.03278563240351547
0.03301490256018342
0.033167749331295376
0.03324417271685136
0.03377913641574322
0.0338555598012992
0.0342376767290791
0.03439052350019106
0.034619793656859
0.03484906381352694
0.03507833397019488
0.03530760412686282
0.03546045089797478
0.035766144440198704
0.03591899121131066
0.03622468475353458
0.03645395491020252
0.03668322506687046
0.036836071837982425
0.0369124952235384
0.037065341994650364
0.03744745892243027
0.03744745892243027
0.03752388230798624
0.03775315246465418
0.03798242262132213
0.03828811616354604
0.038440962934658006
0.03859380970576996
0.03882307986243791
0.03905235001910585
0.039205196790217806
0.03928162017577379
0.03928162017577379
0.03928162017577379
0.03935804356132977
0.039663737103553684
0.039663737103553684
0.039740160489109666
0.03981658387466565
0.04012227741688957
0.04012227741688957
0.04019870080244555
0.040275124188001526
0.040275124188001526
0.040275124188001526
0.040504394344669466
0.04073366450133741
0.04096293465800535
0.04096293465800535
0.04096293465800535
0.04096293465800535
0.04103935804356133
0.04134505158578525
0.04134505158578525
0.04134505158578525
0.04142147497134123
0.04149789835689721
0.041574321742453194
0.04165074512800917
0.04172716851356515
0.04172716851356515
0.04180359189912113
0.04188001528467711
0.04188001528467711
0.04195643867023309
0.04195643867023309
0.04203286205578907
0.04203286205578907
0.042109285441345054
0.04218570882690103
0.04218570882690103
0.04218570882690103
0.04218570882690103
0.04218570882690103
0.04226213221245701
0.042414978983568975
0.04249140236912495
0.04249140236912495
0.042644249140236914
0.042644249140236914
0.04272067252579289
0.04279709591134887
0.04279709591134887
0.04279709591134887
0.04279709591134887
0.042949942682460836
0.042949942682460836
0.042949942682460836
0.042949942682460836
0.042949942682460836
0.042949942682460836
0.042949942682460836
0.04302636606801681
0.04302636606801681
0.04310278945357279
0.04310278945357279
0.043179212839128775
0.043179212839128775
0.043179212839128775
0.043179212839128775
0.043179212839128775
0.043408482995796714
0.043408482995796714
0.043484906381352696
0.04363775315246465
0.043714176538020635
0.04386702330913259
0.04386702330913259
0.043943446694688575
0.043943446694688575
0.043943446694688575
0.04409629346580053
0.04409629346580053
0.04409629346580053
0.044249140236912496
0.044249140236912496
0.04432556362246848
0.04440198700802445
0.04455483377913642
0.0446312571646924
0.0446312571646924
0.0446312571646924
0.044707680550248374
0.044707680550248374
0.044707680550248374
0.044784103935804356
0.044784103935804356
0.044784103935804356
0.04486052732136034
0.04486052732136034
0.044936950706916313
0.045013374092472296
0.045013374092472296
0.045013374092472296
0.045013374092472296
0.045013374092472296
0.04508979747802828
0.045242644249140235
0.04531906763469622
0.0453954910202522
0.045471914405808174
0.04562476117692014
0.04562476117692014
0.04562476117692014
0.04562476117692014
0.04570118456247612
0.045777607948032095
0.04585403133358808
0.04593045471914406
0.04600687810470004
0.046159724875812
0.046159724875812
0.04623614826136798
0.04623614826136798
0.046312571646923956
0.04638899503247994
0.04646541841803592
0.04646541841803592
0.04646541841803592
0.04646541841803592
0.04646541841803592
0.04646541841803592
0.0465418418035919
0.04661826518914788
0.04661826518914788
0.04669468857470386
0.04684753534581582
0.04684753534581582
0.04684753534581582
0.04684753534581582
0.04684753534581582
0.04700038211692778
0.04700038211692778
0.04707680550248376
0.04722965227359572
0.0473060756591517
0.0473060756591517
0.047382499044707684
0.04753534581581964
0.04753534581581964
0.04753534581581964
0.04761176920137562
0.04761176920137562
0.04776461597248758
0.04784103935804356
0.04784103935804356
0.04784103935804356
0.04784103935804356
0.04784103935804356
0.04784103935804356
0.04784103935804356
0.047917462743599544
0.0480703095147115
0.04814673290026748
0.04814673290026748
0.04814673290026748
0.048223156285823465
0.048223156285823465
0.048223156285823465
0.048223156285823465
0.04829957967137944
0.04829957967137944
0.04829957967137944
0.04837600305693542
0.04837600305693542
0.048452426442491404
0.048452426442491404
0.048452426442491404
0.048452426442491404
0.048452426442491404
0.048452426442491404
0.048452426442491404
0.048452426442491404
0.048452426442491404
0.048452426442491404
0.04852884982804738
0.04852884982804738
0.04852884982804738
0.04860527321360336
0.048681696599159344
0.048681696599159344
0.048681696599159344
0.048681696599159344
0.048681696599159344
0.048681696599159344
0.048681696599159344
0.048681696599159344
0.048681696599159344
0.048681696599159344
0.048758119984715326
0.048758119984715326
0.0488345433702713
0.0488345433702713
0.0488345433702713
0.0488345433702713
0.0488345433702713
0.0488345433702713
0.0488345433702713
0.04891096675582728
0.04891096675582728
0.04891096675582728
0.04891096675582728
0.04891096675582728
0.048987390141383265
0.048987390141383265
0.048987390141383265
0.04906381352693924
0.04906381352693924
0.04914023691249522
0.04914023691249522
0.04914023691249522
0.04914023691249522
0.04914023691249522
0.04914023691249522
0.04914023691249522
0.04914023691249522
0.04936950706916316
0.04936950706916316
0.04936950706916316
0.049522353840275125
0.049522353840275125
0.049522353840275125
0.049522353840275125
0.049522353840275125
0.049522353840275125
0.04967520061138708
0.04967520061138708
0.04967520061138708
0.04967520061138708
0.04967520061138708
0.04967520061138708
0.04982804738249905
0.04982804738249905
0.04990447076805502
0.04990447076805502
0.04990447076805502
0.04990447076805502
0.04990447076805502
0.04990447076805502
0.049980894153611004
0.049980894153611004
0.049980894153611004
0.050057317539166986
0.05013374092472297
0.05013374092472297
0.050286587695834925
0.050286587695834925
0.050286587695834925
0.050286587695834925
0.050286587695834925
0.050286587695834925
0.050286587695834925
0.050286587695834925
0.05036301108139091
0.05036301108139091
0.05036301108139091
0.05043943446694689
0.05043943446694689
0.05043943446694689
0.05043943446694689
0.05043943446694689
0.050515857852502864
0.050515857852502864
0.050515857852502864
0.050515857852502864
0.050515857852502864
0.050515857852502864
0.050515857852502864
0.050515857852502864
0.050515857852502864
0.050515857852502864
0.050592281238058846
0.050592281238058846
0.050592281238058846
0.050592281238058846
0.050592281238058846
0.05066870462361483
0.0507451280091708
0.0507451280091708
0.050821551394726786
0.051050821551394725
0.051050821551394725
0.051050821551394725
0.051050821551394725
0.051050821551394725
0.051050821551394725
0.051050821551394725
0.051050821551394725
0.051050821551394725
0.05112724493695071
0.05112724493695071
0.05120366832250669
0.05120366832250669
0.05120366832250669
0.05120366832250669
0.051356515093618646
0.05143293847917463
0.05143293847917463
0.05143293847917463
0.05143293847917463
0.05143293847917463
0.05143293847917463
0.05143293847917463
0.05143293847917463
0.05150936186473061
0.05150936186473061
0.05150936186473061
0.05150936186473061
0.051585785250286585
0.051585785250286585
0.051585785250286585
0.051585785250286585
0.051585785250286585
0.051585785250286585
0.051585785250286585
0.051585785250286585
0.051585785250286585
0.05166220863584257
0.05166220863584257
0.05166220863584257
0.05173863202139855
0.05173863202139855
0.05173863202139855
0.05173863202139855
0.05173863202139855
0.05173863202139855
0.05173863202139855
0.05173863202139855
0.05181505540695453
0.05181505540695453
0.05181505540695453
0.05181505540695453
0.05181505540695453
0.05181505540695453
0.051891478792510506
0.051891478792510506
0.05196790217806649
0.05204432556362247
0.052120748949178446
0.052120748949178446
0.052120748949178446
0.052120748949178446
0.052120748949178446
0.052120748949178446
0.052120748949178446
0.05219717233473443
0.05219717233473443
0.05219717233473443
0.05219717233473443
0.05219717233473443
0.05219717233473443
0.05219717233473443
0.05227359572029041
0.05227359572029041
0.05227359572029041
0.05227359572029041
0.05242644249140237
0.05250286587695835
0.05257928926251433
0.05257928926251433
0.05257928926251433
0.05257928926251433
0.05257928926251433
0.05257928926251433
0.05257928926251433
0.052655712648070306
0.05273213603362629
0.05273213603362629
0.05273213603362629
0.05288498280473825
0.05303782957585021
0.05303782957585021
0.05303782957585021
0.05303782957585021
0.05303782957585021
0.05303782957585021
0.05303782957585021
0.05303782957585021
0.05303782957585021
0.05303782957585021
0.05311425296140619
0.05311425296140619
0.05311425296140619
0.053190676346962174
0.05326709973251815
0.05334352311807413
0.05334352311807413
0.05334352311807413
0.05334352311807413
0.05334352311807413
0.05334352311807413
0.05334352311807413
0.05334352311807413
0.05334352311807413
0.05341994650363011
0.05341994650363011
0.05341994650363011
0.05341994650363011
0.05341994650363011
0.05341994650363011
0.05341994650363011
0.05341994650363011
0.05349636988918609
0.05349636988918609
0.05349636988918609
0.05349636988918609
0.05349636988918609
0.05349636988918609
0.05349636988918609
0.05349636988918609
0.05349636988918609
0.05349636988918609
0.05349636988918609
0.05357279327474207
0.05357279327474207
0.05357279327474207
0.05357279327474207
0.05357279327474207
0.05357279327474207
0.05357279327474207
0.05357279327474207
0.05357279327474207
0.05364921666029805
0.05364921666029805
0.05364921666029805
0.05364921666029805
0.05364921666029805
0.053725640045854034
0.053725640045854034
0.05380206343141001
0.05387848681696599
0.05387848681696599
0.05387848681696599
0.05387848681696599
0.05387848681696599
0.05395491020252197
0.05395491020252197
0.05395491020252197
0.054031333588077955
0.05418418035918991
0.05418418035918991
0.05418418035918991
0.05418418035918991
0.05418418035918991
0.05418418035918991
0.05418418035918991
0.05418418035918991
0.05418418035918991
0.05418418035918991
0.054260603744745894
0.054260603744745894
0.054260603744745894
0.054260603744745894
0.054260603744745894
0.054260603744745894
0.054260603744745894
0.054260603744745894
0.054260603744745894
0.054260603744745894
0.054260603744745894
0.054260603744745894
0.054260603744745894
0.054260603744745894
0.054260603744745894
0.054260603744745894
0.05433702713030187
0.05433702713030187
0.05433702713030187
0.05433702713030187
0.05433702713030187
0.05433702713030187
0.05433702713030187
0.05433702713030187
0.05433702713030187
0.05441345051585785
0.05441345051585785
0.05441345051585785
0.05441345051585785
0.05441345051585785
0.05441345051585785
0.05441345051585785
0.05441345051585785
0.054489873901413834
0.054489873901413834
0.054566297286969816
0.054566297286969816
0.054566297286969816
0.054566297286969816
0.05464272067252579
0.05464272067252579
0.05464272067252579
0.05464272067252579
0.05464272067252579
0.05464272067252579
0.05464272067252579
0.05464272067252579
0.05471914405808177
0.05471914405808177
0.054795567443637755
0.054795567443637755
0.054795567443637755
0.054795567443637755
0.054795567443637755
0.054795567443637755
0.05487199082919373
0.05487199082919373
0.05487199082919373
0.05487199082919373
0.05487199082919373
0.05487199082919373
0.05487199082919373
0.05487199082919373
0.05487199082919373
0.05487199082919373
0.05487199082919373
0.05487199082919373
0.05487199082919373
0.05487199082919373
0.05494841421474971
0.05494841421474971
0.05494841421474971
0.055024837600305694
0.055024837600305694
0.055024837600305694
0.055024837600305694
0.055024837600305694
0.055024837600305694
0.055024837600305694
0.055024837600305694
0.055024837600305694
0.055024837600305694
0.055024837600305694
0.055024837600305694
0.055024837600305694
0.055024837600305694
0.055024837600305694
0.055101260985861676
0.055101260985861676
0.055101260985861676
0.055101260985861676
0.055101260985861676
0.055101260985861676
0.055101260985861676
0.05517768437141765
0.05517768437141765
0.05517768437141765
0.05517768437141765
0.05517768437141765
0.05517768437141765
0.05517768437141765
0.055330531142529615
0.0554069545280856
0.0554069545280856
0.0554069545280856
0.0554069545280856
0.0554069545280856
0.0554069545280856
0.0554069545280856
0.05548337791364157
0.05548337791364157
0.05548337791364157
0.055559801299197555
0.055559801299197555
0.055559801299197555
0.055559801299197555
0.055559801299197555
0.055559801299197555
0.055559801299197555
0.055559801299197555
0.055559801299197555
0.055559801299197555
0.055559801299197555
0.055559801299197555
0.055559801299197555
0.055559801299197555
0.055559801299197555
0.055559801299197555
0.055559801299197555
0.055559801299197555
0.055559801299197555
0.05563622468475354
0.05563622468475354
0.05563622468475354
0.05563622468475354
0.05563622468475354
0.05571264807030951
0.05571264807030951
0.05571264807030951
0.05571264807030951
0.05571264807030951
0.05571264807030951
0.055789071455865494
0.055789071455865494
0.055789071455865494
0.055789071455865494
0.055789071455865494
0.055789071455865494
0.055789071455865494
0.055865494841421476
0.055865494841421476
0.055865494841421476
0.055865494841421476
0.055865494841421476
0.055865494841421476
0.055865494841421476
0.055865494841421476
0.055865494841421476
0.055865494841421476
0.055865494841421476
0.055865494841421476
0.055865494841421476
0.055865494841421476
0.055865494841421476
0.05594191822697746
0.05594191822697746
0.05594191822697746
0.05594191822697746
0.05594191822697746
0.05594191822697746
0.05594191822697746
0.05594191822697746
0.05594191822697746
0.05594191822697746
0.05601834161253343
0.05601834161253343
0.05601834161253343
0.056094764998089415
0.056094764998089415
0.056094764998089415
0.056094764998089415
0.056094764998089415
0.056094764998089415
0.056094764998089415
0.056094764998089415
0.056094764998089415
0.0561711883836454
0.0561711883836454
0.0561711883836454
0.0561711883836454
0.0561711883836454
0.0561711883836454
0.0561711883836454
0.0561711883836454
0.0561711883836454
0.0561711883836454
0.0561711883836454
0.0561711883836454
0.05624761176920137
0.056400458540313336
0.056400458540313336
0.056400458540313336
0.056400458540313336
0.05647688192586932
0.05655330531142529
0.05655330531142529
0.05655330531142529
0.05655330531142529
0.05655330531142529
0.056629728696981275
0.056629728696981275
0.056629728696981275
0.056629728696981275
0.05670615208253726
0.05678257546809324
0.056858998853649215
0.05701184562476118
0.057088269010317154
0.057088269010317154
0.057088269010317154
0.057088269010317154
0.057088269010317154
0.057088269010317154
0.057088269010317154
0.057088269010317154
0.057088269010317154
0.057088269010317154
0.057164692395873136
0.057164692395873136
0.057164692395873136
0.057164692395873136
0.057164692395873136
0.05724111578142912
0.05724111578142912
0.0573175391669851
0.0573175391669851
0.0573175391669851
0.0573175391669851
0.0573175391669851
0.0573175391669851
0.0573175391669851
0.0573175391669851
0.0573175391669851
0.057393962552541075
0.057393962552541075
0.057393962552541075
0.057393962552541075
0.057393962552541075
0.057393962552541075
0.057393962552541075
0.05747038593809706
0.05754680932365304
0.05762323270920902
0.05762323270920902
0.05762323270920902
0.05762323270920902
0.05762323270920902
0.05762323270920902
0.05777607948032098
0.05777607948032098
0.05777607948032098
0.05777607948032098
0.05777607948032098
0.05777607948032098
0.05777607948032098
0.05777607948032098
0.05777607948032098
0.05777607948032098
0.05777607948032098
0.05777607948032098
0.05777607948032098
0.05777607948032098
0.05777607948032098
0.05777607948032098
0.05777607948032098
0.05777607948032098
0.05785250286587696
0.05785250286587696
0.05785250286587696
0.05785250286587696
0.05785250286587696
0.05785250286587696
0.057928926251432936
0.057928926251432936
0.057928926251432936
0.057928926251432936
0.057928926251432936
0.057928926251432936
0.057928926251432936
0.057928926251432936
0.057928926251432936
0.057928926251432936
0.05800534963698892
0.05800534963698892
0.05800534963698892
0.05800534963698892
0.0580817730225449
0.0580817730225449
0.0580817730225449
0.0580817730225449
0.0580817730225449
0.0580817730225449
0.0580817730225449
0.0580817730225449
0.0580817730225449
0.0580817730225449
0.0580817730225449
0.0580817730225449
0.0580817730225449
0.0580817730225449
0.0580817730225449
0.0580817730225449
0.0580817730225449
0.0580817730225449
0.0580817730225449
0.0580817730225449
0.0580817730225449
0.05815819640810088
0.05823461979365686
0.05823461979365686
0.05823461979365686
0.05823461979365686
0.05823461979365686
0.05823461979365686
0.05823461979365686
0.05823461979365686
0.05831104317921284
0.05831104317921284
0.05831104317921284
0.05831104317921284
0.05831104317921284
0.05831104317921284
0.05831104317921284
0.05831104317921284
0.05831104317921284
0.05831104317921284
0.05831104317921284
0.05831104317921284
0.05831104317921284
0.05831104317921284
0.05831104317921284
0.05831104317921284
0.05831104317921284
0.05831104317921284
0.05838746656476882
0.05838746656476882
0.05838746656476882
0.05838746656476882
0.05838746656476882
0.05838746656476882
0.05838746656476882
0.05838746656476882
0.05838746656476882
0.05838746656476882
0.058463889950324796
0.058463889950324796
0.058463889950324796
0.05854031333588078
0.05854031333588078
0.05854031333588078
0.05854031333588078
0.05854031333588078
0.05854031333588078
0.05854031333588078
0.05854031333588078
0.05854031333588078
0.05854031333588078
0.05854031333588078
0.05854031333588078
0.05861673672143676
0.05861673672143676
0.05861673672143676
0.05861673672143676
0.05861673672143676
0.05861673672143676
0.05861673672143676
0.05861673672143676
0.05861673672143676
0.05861673672143676
0.05861673672143676
0.05861673672143676
0.05861673672143676
0.05869316010699274
0.05869316010699274
0.05869316010699274
0.05869316010699274
0.05876958349254872
0.05876958349254872
0.05876958349254872
0.05876958349254872
0.0588460068781047
0.0588460068781047
0.0588460068781047
0.0588460068781047
0.0588460068781047
0.0588460068781047
0.0588460068781047
0.0588460068781047
0.0588460068781047
0.0588460068781047
0.0588460068781047
0.05892243026366068
0.05892243026366068
0.05892243026366068
0.05892243026366068
0.05892243026366068
0.05892243026366068
0.05892243026366068
0.05892243026366068
0.05892243026366068
0.05892243026366068
0.05892243026366068
0.05892243026366068
0.05892243026366068
0.05892243026366068
0.05892243026366068
0.058998853649216663
0.058998853649216663
0.058998853649216663
0.05907527703477264
0.05907527703477264
0.05907527703477264
0.05907527703477264
0.05907527703477264
0.05907527703477264
0.05907527703477264
0.05915170042032862
0.05915170042032862
0.05915170042032862
0.05915170042032862
0.05915170042032862
0.05915170042032862
0.05915170042032862
0.05915170042032862
0.05915170042032862
0.05915170042032862
0.05915170042032862
0.05915170042032862
0.05915170042032862
0.05915170042032862
0.05915170042032862
0.05915170042032862
0.05915170042032862
0.05915170042032862
0.0592281238058846
0.0592281238058846
0.0592281238058846
0.0592281238058846
0.0592281238058846
0.0592281238058846
0.0592281238058846
0.0592281238058846
0.05938097057699656
0.05938097057699656
0.05938097057699656
0.05938097057699656
0.05938097057699656
0.05945739396255254
0.05945739396255254
0.05945739396255254
0.05945739396255254
0.05945739396255254
0.05945739396255254
0.05945739396255254
0.05945739396255254
0.059533817348108524
0.059533817348108524
0.059533817348108524
0.059533817348108524
0.059533817348108524
0.059533817348108524
0.059533817348108524
0.059533817348108524
0.059533817348108524
0.059533817348108524
0.059533817348108524
0.059533817348108524
0.059533817348108524
0.059533817348108524
0.059533817348108524
0.059533817348108524
