0.015284677111196026
0.020634314100114636
0.0234619793656859
0.02988154375238823
0.03148643484906381
0.0327092090179595
0.033931983186855176
0.03507833397019488
0.03553687428353076
0.037600305693542224
0.04019870080244555
0.04142147497134123
0.04203286205578907
0.04325563622468476
0.04409629346580053
0.044936950706916313
0.0453954910202522
0.04646541841803592
0.04677111196025984
0.0480703095147115
0.048452426442491404
0.04891096675582728
0.048987390141383265
0.04944593045471914
0.04967520061138708
0.04990447076805502
0.050286587695834925
0.05043943446694689
0.0507451280091708
0.05112724493695071
0.05120366832250669
0.051356515093618646
0.05173863202139855
0.05219717233473443
0.05250286587695835
0.05273213603362629
0.05296140619029423
0.053190676346962174
0.05364921666029805
0.05387848681696599
0.05410775697363393
0.054260603744745894
0.054566297286969816
0.05471914405808177
0.055024837600305694
0.05517768437141765
0.055330531142529615
0.05548337791364157
0.05548337791364157
0.05594191822697746
0.05624761176920137
0.056324035154757354
0.05670615208253726
0.0569354222392052
0.057164692395873136
0.05747038593809706
0.05777607948032098
0.05785250286587696
0.05831104317921284
0.058463889950324796
0.05869316010699274
0.05892243026366068
0.05915170042032862
0.05930454719144058
0.05938097057699656
0.059533817348108524
0.05976308750477646
0.0599923576614444
0.06014520443255636
0.06022162781811234
0.060374474589224306
0.0607565915170042
0.0607565915170042
0.0607565915170042
0.061138708444784105
0.06129155521589606
0.06144440198700803
0.061597248758119984
0.061673672143675966
0.061902942300343905
0.06205578907145586
0.062208635842567826
0.06259075277034773
0.06282002292701566
0.06297286969812763
0.06304929308368361
0.06327856324035155
0.06335498662590752
0.06358425678257547
0.06373710355368743
0.06419564386702331
0.06427206725257929
0.06442491402369124
0.06450133740924723
0.06450133740924723
0.06457776079480321
0.06473060756591517
0.06473060756591517
0.06480703095147115
0.06480703095147115
0.06488345433702714
0.06511272449369507
0.06526557126480703
0.065418418035919
0.06564768819258693
0.06580053496369889
0.06602980512036684
0.06602980512036684
0.06641192204814673
0.0665647688192587
0.06671761559037065
0.06687046236148261
0.0669468857470386
0.0669468857470386
0.06702330913259458
0.06717615590370653
0.06717615590370653
0.06725257928926251
0.06725257928926251
0.06732900267481849
0.06748184944593046
0.06763469621704242
0.06763469621704242
0.06763469621704242
0.0677111196025984
0.0677111196025984
0.0677111196025984
0.0677111196025984
0.0677111196025984
0.06778754298815437
0.06778754298815437
0.06786396637371035
0.06801681314482232
0.06816965991593428
0.06824608330149026
0.06824608330149026
0.06824608330149026
0.0684753534581582
0.06855177684371418
0.06870462361482614
0.06878104700038212
0.06885747038593809
0.06893389377149407
0.06893389377149407
0.06901031715705006
0.06916316392816202
0.06931601069927398
0.06939243408482995
0.06946885747038593
0.06946885747038593
0.06954528085594192
0.06977455101260986
0.06985097439816584
0.06985097439816584
0.0700038211692778
0.0700038211692778
0.07008024455483378
0.07015666794038976
0.07023309132594574
0.07030951471150172
0.07046236148261369
0.07053878486816965
0.07053878486816965
0.07053878486816965
0.07061520825372564
0.07069163163928162
0.07084447841039358
0.0711501719526175
0.07137944210928544
0.07153228888039741
0.07160871226595338
0.07160871226595338
0.07183798242262132
0.07183798242262132
0.0719144058081773
0.0719144058081773
0.07199082919373329
0.0722965227359572
0.07244936950706916
0.07252579289262515
0.07260221627818113
0.07260221627818113
0.07275506304929308
0.07275506304929308
0.07275506304929308
0.07283148643484906
0.07290790982040504
0.07298433320596102
0.073060756591517
0.073060756591517
0.07321360336262897
0.07329002674818494
0.07329002674818494
0.07336645013374092
0.07336645013374092
0.0734428735192969
0.0734428735192969
0.0734428735192969
0.0734428735192969
0.07351929690485288
0.07351929690485288
0.07359572029040887
0.07359572029040887
0.07359572029040887
0.07359572029040887
0.07367214367596485
0.07367214367596485
0.07367214367596485
0.07367214367596485
0.07367214367596485
0.07367214367596485
0.07367214367596485
0.0738249904470768
0.07397783721818876
0.07397783721818876
0.07413068398930073
0.07428353076041269
0.07435995414596866
0.07435995414596866
0.07443637753152464
0.07451280091708062
0.0745892243026366
0.0745892243026366
0.0745892243026366
0.07466564768819259
0.07474207107374857
0.07474207107374857
0.07474207107374857
0.07489491784486053
0.07504776461597248
0.07504776461597248
0.07512418800152847
0.07512418800152847
0.07520061138708445
0.07520061138708445
0.07520061138708445
0.07527703477264043
0.07535345815819641
0.07535345815819641
0.07535345815819641
0.07535345815819641
0.07535345815819641
0.07535345815819641
0.07535345815819641
0.07535345815819641
0.0754298815437524
0.0754298815437524
0.0754298815437524
0.0754298815437524
0.07550630492930836
0.07565915170042033
0.07565915170042033
0.07573557508597631
0.07588842185708827
0.07596484524264425
0.07596484524264425
0.07596484524264425
0.07596484524264425
0.07604126862820022
0.07619411539931219
0.07619411539931219
0.07627053878486817
0.07634696217042415
0.07634696217042415
0.07634696217042415
0.07634696217042415
0.07634696217042415
0.07649980894153612
0.07649980894153612
0.07657623232709208
0.07665265571264807
0.07672907909820405
0.07688192586931601
0.076958349254872
0.07703477264042798
0.07711119602598396
0.07711119602598396
0.07718761941153993
0.07726404279709591
0.07741688956820787
0.07749331295376385
0.07749331295376385
0.07749331295376385
0.07749331295376385
0.07756973633931984
0.07756973633931984
0.07756973633931984
0.07756973633931984
0.07756973633931984
0.07756973633931984
0.07764615972487582
0.07764615972487582
0.07772258311043179
0.07772258311043179
0.07772258311043179
0.07779900649598777
0.07787542988154375
0.07802827665265571
0.0781047000382117
0.0781047000382117
0.0781047000382117
0.0781047000382117
0.07818112342376768
0.07825754680932365
0.07825754680932365
0.07825754680932365
0.07833397019487963
0.07833397019487963
0.07841039358043561
0.0784868169659916
0.0784868169659916
0.0784868169659916
0.07856324035154758
0.07856324035154758
0.07856324035154758
0.07856324035154758
0.07863966373710356
0.07871608712265954
0.07879251050821551
0.07879251050821551
0.07886893389377149
0.07886893389377149
0.07886893389377149
0.07894535727932747
0.07894535727932747
0.07902178066488345
0.07917462743599542
0.0792510508215514
0.0792510508215514
0.07932747420710737
0.07948032097821933
0.07948032097821933
0.07948032097821933
0.07948032097821933
0.07948032097821933
0.07948032097821933
0.07955674436377531
0.07955674436377531
0.07955674436377531
0.07955674436377531
0.07955674436377531
0.07955674436377531
0.0796331677493313
0.0796331677493313
0.07970959113488728
0.07970959113488728
0.07970959113488728
0.07970959113488728
0.07970959113488728
0.07970959113488728
0.07970959113488728
0.07978601452044326
0.07978601452044326
0.07978601452044326
0.07986243790599924
0.07993886129155521
0.08001528467711119
0.08009170806266717
0.08009170806266717
0.08016813144822316
0.08032097821933512
0.08032097821933512
0.08032097821933512
0.08032097821933512
0.08032097821933512
0.08047382499044707
0.08047382499044707
0.08047382499044707
0.08047382499044707
0.08047382499044707
0.08047382499044707
0.08047382499044707
0.08062667176155904
0.08062667176155904
0.08062667176155904
0.08062667176155904
0.08062667176155904
0.08062667176155904
0.08070309514711502
0.08070309514711502
0.08070309514711502
0.08070309514711502
0.08070309514711502
0.080779518532671
0.080779518532671
0.080779518532671
0.080779518532671
0.080779518532671
0.080779518532671
0.080779518532671
0.080779518532671
0.080779518532671
0.080779518532671
0.080779518532671
0.080779518532671
0.080779518532671
0.080779518532671
0.080779518532671
0.080779518532671
0.080779518532671
0.080779518532671
0.080779518532671
0.080779518532671
0.080779518532671
0.080779518532671
0.080779518532671
0.08085594191822698
0.08085594191822698
0.08093236530378296
0.08093236530378296
0.08093236530378296
0.08108521207489491
0.0811616354604509
0.0811616354604509
0.0811616354604509
0.0811616354604509
0.0811616354604509
0.0811616354604509
0.0811616354604509
0.0811616354604509
0.0811616354604509
0.0811616354604509
0.0811616354604509
0.08123805884600688
0.08123805884600688
0.08131448223156286
0.08131448223156286
0.08131448223156286
0.08131448223156286
0.08139090561711884
0.08139090561711884
0.08146732900267482
0.08154375238823079
0.08162017577378677
0.08162017577378677
0.08162017577378677
0.08162017577378677
0.08162017577378677
0.08162017577378677
0.08162017577378677
0.08162017577378677
0.08162017577378677
0.08162017577378677
0.08162017577378677
0.08162017577378677
0.08162017577378677
0.08162017577378677
0.08162017577378677
0.08169659915934276
0.08169659915934276
0.08169659915934276
0.08169659915934276
0.08169659915934276
0.08169659915934276
0.08169659915934276
0.08169659915934276
0.08169659915934276
0.08169659915934276
0.08169659915934276
0.08169659915934276
0.08169659915934276
0.08169659915934276
0.08169659915934276
0.08169659915934276
0.08169659915934276
0.08169659915934276
0.08169659915934276
0.08169659915934276
0.08169659915934276
0.08169659915934276
0.08177302254489874
0.08177302254489874
0.08177302254489874
0.08177302254489874
0.08177302254489874
0.08177302254489874
0.08177302254489874
0.08177302254489874
0.08184944593045472
0.08184944593045472
0.08184944593045472
0.08184944593045472
0.08184944593045472
0.0819258693160107
0.08200229270156668
0.08207871608712267
0.08207871608712267
0.08207871608712267
0.08207871608712267
0.08215513947267863
0.08215513947267863
0.08215513947267863
0.08238440962934658
0.08246083301490256
0.08246083301490256
0.08246083301490256
0.08246083301490256
0.08246083301490256
0.08261367978601453
0.08261367978601453
0.08261367978601453
0.08261367978601453
0.08261367978601453
0.08261367978601453
0.0826901031715705
0.0826901031715705
0.08284294994268246
0.08284294994268246
0.08284294994268246
0.08284294994268246
0.08284294994268246
0.08291937332823844
0.08291937332823844
0.08299579671379442
0.08299579671379442
0.08299579671379442
0.08299579671379442
0.08299579671379442
0.08299579671379442
0.08299579671379442
0.08299579671379442
0.08299579671379442
0.08299579671379442
0.08299579671379442
0.0830722200993504
0.08314864348490639
0.08322506687046236
0.08322506687046236
0.08322506687046236
0.08330149025601834
0.08330149025601834
0.08330149025601834
0.08330149025601834
0.08330149025601834
0.08330149025601834
0.08330149025601834
0.08330149025601834
0.08330149025601834
0.08330149025601834
0.08330149025601834
0.08330149025601834
0.08330149025601834
0.08330149025601834
0.08330149025601834
0.08330149025601834
0.08330149025601834
0.08330149025601834
0.08330149025601834
0.08330149025601834
0.08330149025601834
0.08330149025601834
0.08330149025601834
0.08330149025601834
0.08330149025601834
0.08330149025601834
0.08330149025601834
0.08337791364157432
0.08337791364157432
0.08337791364157432
0.08337791364157432
0.08337791364157432
0.08337791364157432
0.08337791364157432
0.08337791364157432
0.08337791364157432
0.08337791364157432
0.08337791364157432
0.08337791364157432
0.08337791364157432
0.08337791364157432
0.0834543370271303
0.0834543370271303
0.0834543370271303
0.0834543370271303
0.08353076041268628
0.08353076041268628
0.08360718379824227
0.08360718379824227
0.08360718379824227
0.08360718379824227
0.08360718379824227
0.08360718379824227
0.08360718379824227
0.08360718379824227
0.08360718379824227
0.08368360718379825
0.08368360718379825
0.08368360718379825
0.08368360718379825
0.08368360718379825
0.08368360718379825
0.08368360718379825
0.08376003056935422
0.08376003056935422
0.08376003056935422
0.08376003056935422
0.08376003056935422
0.08376003056935422
0.08376003056935422
0.08376003056935422
0.08376003056935422
0.08376003056935422
0.08376003056935422
0.08376003056935422
0.08376003056935422
0.08376003056935422
0.08376003056935422
0.08376003056935422
0.08376003056935422
0.08376003056935422
0.08376003056935422
0.08376003056935422
0.08376003056935422
0.0838364539549102
0.0838364539549102
0.0838364539549102
0.0838364539549102
0.0838364539549102
0.0838364539549102
0.08391287734046618
0.08391287734046618
0.08391287734046618
0.08391287734046618
0.08391287734046618
0.08398930072602216
0.08398930072602216
0.08398930072602216
0.08406572411157814
0.08406572411157814
0.08406572411157814
0.08414214749713413
0.08421857088269011
0.08421857088269011
0.08421857088269011
0.08421857088269011
0.08421857088269011
0.08429499426824609
0.08429499426824609
0.08429499426824609
0.08437141765380206
0.08437141765380206
0.08437141765380206
0.08444784103935804
0.08452426442491402
0.08452426442491402
0.08452426442491402
0.08452426442491402
0.08452426442491402
0.08452426442491402
0.08452426442491402
0.08452426442491402
0.08460068781047
0.08467711119602599
0.08467711119602599
0.08467711119602599
0.08467711119602599
0.08467711119602599
0.08467711119602599
0.08467711119602599
0.08467711119602599
0.08467711119602599
0.08467711119602599
0.08475353458158197
0.08475353458158197
0.08475353458158197
0.08475353458158197
0.08475353458158197
0.08475353458158197
0.08482995796713795
0.08482995796713795
0.08482995796713795
0.08482995796713795
0.08482995796713795
0.08482995796713795
0.08482995796713795
0.08482995796713795
0.08482995796713795
0.08490638135269392
0.08490638135269392
0.08490638135269392
0.08490638135269392
0.08490638135269392
0.08490638135269392
0.08490638135269392
0.08490638135269392
0.08490638135269392
0.08490638135269392
0.08490638135269392
0.08490638135269392
0.08490638135269392
0.08490638135269392
0.0849828047382499
0.08505922812380588
0.08505922812380588
0.08505922812380588
0.08505922812380588
0.08505922812380588
0.08505922812380588
0.08505922812380588
0.08513565150936186
0.08513565150936186
0.08513565150936186
0.08513565150936186
0.08513565150936186
0.08521207489491785
0.08521207489491785
0.08521207489491785
0.08521207489491785
0.08521207489491785
0.08521207489491785
0.08521207489491785
0.08521207489491785
0.08521207489491785
0.08521207489491785
0.08521207489491785
0.08521207489491785
0.08521207489491785
0.08521207489491785
0.08521207489491785
0.08521207489491785
0.08521207489491785
0.08521207489491785
0.08528849828047383
0.08528849828047383
0.08528849828047383
0.08528849828047383
0.08528849828047383
0.08536492166602981
0.08536492166602981
0.08536492166602981
0.08536492166602981
0.08536492166602981
0.08536492166602981
0.08536492166602981
0.08536492166602981
0.08536492166602981
0.08544134505158578
0.08544134505158578
0.08544134505158578
0.08544134505158578
0.08544134505158578
0.08544134505158578
0.08544134505158578
0.08544134505158578
0.08544134505158578
0.08544134505158578
0.08544134505158578
0.08544134505158578
0.08544134505158578
0.08544134505158578
0.08544134505158578
0.08551776843714176
0.08551776843714176
0.08551776843714176
0.08551776843714176
0.08551776843714176
0.08551776843714176
0.08551776843714176
0.08551776843714176
0.08551776843714176
0.08551776843714176
0.08551776843714176
0.08551776843714176
0.08551776843714176
0.08551776843714176
0.08551776843714176
0.08551776843714176
0.08551776843714176
0.08551776843714176
0.08551776843714176
0.08551776843714176
0.08551776843714176
0.08551776843714176
0.08551776843714176
0.08551776843714176
0.08551776843714176
0.08551776843714176
0.08551776843714176
0.08551776843714176
0.08551776843714176
0.08551776843714176
0.08551776843714176
0.08551776843714176
0.08551776843714176
0.08551776843714176
0.08551776843714176
0.08551776843714176
0.08551776843714176
0.08551776843714176
0.08551776843714176
0.08551776843714176
0.08551776843714176
0.08551776843714176
0.08559419182269774
0.08559419182269774
0.08559419182269774
0.08559419182269774
0.08559419182269774
0.08559419182269774
0.08559419182269774
0.08559419182269774
0.08559419182269774
0.08559419182269774
0.08559419182269774
0.08559419182269774
0.08559419182269774
0.08559419182269774
0.08559419182269774
0.08559419182269774
0.08559419182269774
0.08567061520825373
0.08567061520825373
0.08567061520825373
0.08567061520825373
0.08567061520825373
0.08567061520825373
0.08567061520825373
0.08567061520825373
0.08567061520825373
0.08567061520825373
0.08567061520825373
0.08567061520825373
0.08567061520825373
0.08567061520825373
0.08567061520825373
0.08567061520825373
0.08567061520825373
0.08567061520825373
0.08567061520825373
0.08567061520825373
0.08567061520825373
0.08567061520825373
0.08567061520825373
0.08567061520825373
0.08567061520825373
0.08567061520825373
0.08567061520825373
0.08567061520825373
0.08567061520825373
0.08567061520825373
0.08567061520825373
0.08567061520825373
0.08567061520825373
0.08567061520825373
0.08567061520825373
0.08567061520825373
0.08567061520825373
0.08574703859380971
0.08574703859380971
0.08574703859380971
0.08574703859380971
0.08574703859380971
0.08574703859380971
0.08574703859380971
0.08574703859380971
0.08574703859380971
0.08574703859380971
0.08574703859380971
0.08574703859380971
0.08574703859380971
0.08574703859380971
0.08574703859380971
0.08574703859380971
0.08574703859380971
0.08574703859380971
0.08574703859380971
0.08574703859380971
0.08574703859380971
0.08574703859380971
0.08574703859380971
0.08574703859380971
0.08574703859380971
0.08574703859380971
0.08574703859380971
0.08574703859380971
0.08574703859380971
0.08574703859380971
0.08574703859380971
0.08574703859380971
0.08574703859380971
0.08574703859380971
0.08574703859380971
0.08574703859380971
0.08574703859380971
0.08582346197936569
0.08582346197936569
0.08582346197936569
0.08582346197936569
0.08582346197936569
0.08582346197936569
0.08582346197936569
0.08582346197936569
0.08582346197936569
0.08582346197936569
0.08582346197936569
0.08582346197936569
0.08582346197936569
0.08582346197936569
0.08582346197936569
0.08589988536492167
0.08589988536492167
0.08589988536492167
0.08589988536492167
0.08589988536492167
0.08589988536492167
0.08589988536492167
0.08589988536492167
0.08589988536492167
0.08589988536492167
0.08597630875047764
0.08597630875047764
0.08597630875047764
0.08597630875047764
0.08597630875047764
0.08605273213603362
0.08605273213603362
0.08605273213603362
0.08605273213603362
0.08605273213603362
0.08605273213603362
0.08605273213603362
0.08605273213603362
0.08605273213603362
0.08605273213603362
0.08605273213603362
0.08605273213603362
0.08605273213603362
0.08605273213603362
0.08605273213603362
0.08605273213603362
0.08605273213603362
0.08605273213603362
0.08605273213603362
0.08605273213603362
0.08605273213603362
0.08605273213603362
0.0861291555215896
0.0861291555215896
0.08620557890714559
0.08620557890714559
0.08620557890714559
0.08620557890714559
0.08620557890714559
0.08620557890714559
0.08620557890714559
0.08620557890714559
0.08620557890714559
0.08620557890714559
0.08620557890714559
0.08620557890714559
0.08620557890714559
0.08620557890714559
0.08628200229270157
0.08635842567825755
0.08635842567825755
0.08635842567825755
0.08635842567825755
0.08635842567825755
0.08635842567825755
0.08635842567825755
0.08635842567825755
0.08635842567825755
0.08643484906381353
0.08643484906381353
0.08643484906381353
0.08643484906381353
0.08651127244936951
0.08651127244936951
0.08651127244936951
0.08651127244936951
0.08651127244936951
0.08651127244936951
0.08651127244936951
0.08651127244936951
0.08651127244936951
0.08651127244936951
0.08651127244936951
0.08651127244936951
0.08651127244936951
0.08651127244936951
0.08651127244936951
0.08651127244936951
0.08651127244936951
0.08658769583492548
0.08658769583492548
0.08658769583492548
0.08658769583492548
0.08666411922048146
0.08666411922048146
0.08666411922048146
0.08666411922048146
0.08674054260603745
0.08674054260603745
0.08681696599159343
0.08681696599159343
0.08681696599159343
0.08681696599159343
0.08681696599159343
0.08681696599159343
0.08681696599159343
