0.01108139090561712
0.013679786014520443
0.014978983568972105
0.01727168513565151
0.018800152846771112
0.019335116545662973
0.019793656858998854
0.019946503630110815
0.020099350401222776
0.020252197172334733
0.020405043943446693
0.020634314100114636
0.020710737485670615
0.020787160871226597
0.020787160871226597
0.020940007642338554
0.021169277799006497
0.021322124570118457
0.021704241497898357
0.02292701566679404
0.023079862437906
0.02353840275124188
0.02376767290790982
0.02392051967902178
0.02414978983568972
0.02430263660680168
0.02430263660680168
0.024379059992357663
0.02445548337791364
0.02468475353458158
0.024761176920137563
0.025066870462361484
0.025219717233473445
0.025601834161253344
0.025601834161253344
0.025678257546809323
0.026060374474589223
0.026136797860145205
0.026289644631257165
0.026366068016813144
0.026442491402369126
0.026442491402369126
0.027130301872372947
0.027130301872372947
0.027359572029040886
0.027512418800152847
0.027665265571264808
0.027741688956820786
0.027741688956820786
0.027741688956820786
0.02781811234237677
0.027894535727932747
0.027894535727932747
0.02797095911348873
0.028200229270156668
0.028276652655712647
0.028276652655712647
0.028276652655712647
0.028429499426824607
0.02850592281238059
0.02850592281238059
0.028582346197936568
0.028582346197936568
0.02865876958349255
0.02865876958349255
0.02888803974016049
0.02904088651127245
0.02919373328238441
0.02927015666794039
0.02927015666794039
0.02927015666794039
0.02934658005349637
0.029499426824608332
0.02957585021016431
0.02957585021016431
0.02957585021016431
0.02957585021016431
0.02957585021016431
0.030034390523500192
0.030034390523500192
0.030034390523500192
0.030034390523500192
0.030034390523500192
0.030187237294612153
0.030187237294612153
0.030187237294612153
0.03034008406572411
0.03034008406572411
0.03034008406572411
0.03049293083683607
0.03049293083683607
0.030569354222392053
0.030569354222392053
0.030569354222392053
0.03064577760794803
0.030722200993504013
0.030722200993504013
0.030722200993504013
0.030722200993504013
0.030722200993504013
0.030722200993504013
0.030722200993504013
0.030722200993504013
0.030722200993504013
0.030722200993504013
0.030722200993504013
0.030722200993504013
0.031104317921283913
0.03141001146350783
0.03141001146350783
0.03141001146350783
0.03141001146350783
0.03148643484906381
0.031562858234619795
0.03163928162017578
0.03163928162017578
0.03163928162017578
0.031792128391287734
0.03194497516239969
0.03194497516239969
0.03194497516239969
0.03194497516239969
0.03202139854795567
0.032097821933511655
0.03217424531906764
0.03217424531906764
0.03217424531906764
0.03217424531906764
0.03217424531906764
0.03225066870462361
0.03225066870462361
0.03225066870462361
0.03225066870462361
0.03225066870462361
0.03240351547573558
0.03240351547573558
0.0327092090179595
0.0327092090179595
0.03301490256018342
0.03301490256018342
0.03301490256018342
0.033091325945739394
0.033091325945739394
0.033091325945739394
0.033091325945739394
0.033091325945739394
0.033091325945739394
0.033091325945739394
0.033167749331295376
0.033167749331295376
0.033167749331295376
0.033167749331295376
0.03324417271685136
0.03324417271685136
0.03324417271685136
0.03324417271685136
0.03324417271685136
0.03324417271685136
0.03324417271685136
0.03324417271685136
0.03324417271685136
0.03324417271685136
0.03324417271685136
0.03324417271685136
0.03324417271685136
0.033397019487963316
0.033397019487963316
0.033397019487963316
0.0334734428735193
0.03354986625907528
0.03354986625907528
0.03354986625907528
0.03354986625907528
0.03354986625907528
0.03354986625907528
0.03354986625907528
0.033626289644631255
0.033931983186855176
0.03400840657241116
0.03400840657241116
0.034161253343523115
0.0342376767290791
0.0342376767290791
0.0342376767290791
0.0342376767290791
0.0342376767290791
0.03431410011463508
0.03431410011463508
0.03431410011463508
0.03439052350019106
0.03439052350019106
0.03439052350019106
0.03439052350019106
0.03439052350019106
0.03439052350019106
0.03439052350019106
0.03439052350019106
0.03439052350019106
0.03439052350019106
0.03439052350019106
0.034619793656859
0.03477264042797096
0.03477264042797096
0.03484906381352694
0.03484906381352694
0.0350019105846389
0.0350019105846389
0.0350019105846389
0.0350019105846389
0.0350019105846389
0.0350019105846389
0.03507833397019488
0.03515475735575086
0.03523118074130684
0.03530760412686282
0.03530760412686282
0.03530760412686282
0.0353840275124188
0.0353840275124188
0.03546045089797478
0.03553687428353076
0.03553687428353076
0.03561329766908674
0.03561329766908674
0.03568972105464272
0.03568972105464272
0.03568972105464272
0.03568972105464272
0.03568972105464272
0.035766144440198704
0.035766144440198704
0.035766144440198704
0.03584256782575468
0.03584256782575468
0.03584256782575468
0.03584256782575468
0.03584256782575468
0.03584256782575468
0.03584256782575468
0.03584256782575468
0.03584256782575468
0.03591899121131066
0.03599541459686664
0.03599541459686664
0.03607183798242262
0.03607183798242262
0.03607183798242262
0.0361482613679786
0.0361482613679786
0.0361482613679786
0.0361482613679786
0.0361482613679786
0.0361482613679786
0.0361482613679786
0.0361482613679786
0.03622468475353458
0.03622468475353458
0.03622468475353458
0.036301108139090564
0.036301108139090564
0.036301108139090564
0.036301108139090564
0.036301108139090564
0.03637753152464654
0.03637753152464654
0.03637753152464654
0.03637753152464654
0.03637753152464654
0.03637753152464654
0.0365303782957585
0.0365303782957585
0.0365303782957585
0.0365303782957585
0.0365303782957585
0.036606801681314485
0.036606801681314485
0.036606801681314485
0.03668322506687046
0.03668322506687046
0.03668322506687046
0.03668322506687046
0.03668322506687046
0.03668322506687046
0.03668322506687046
0.03668322506687046
0.03668322506687046
0.03668322506687046
0.03668322506687046
0.03668322506687046
0.03668322506687046
0.03668322506687046
0.03668322506687046
0.03668322506687046
0.03668322506687046
0.03668322506687046
0.03668322506687046
0.03668322506687046
0.03675964845242644
0.036836071837982425
0.036836071837982425
0.036836071837982425
0.036836071837982425
0.036836071837982425
0.036836071837982425
0.036836071837982425
0.036836071837982425
0.036836071837982425
0.036836071837982425
0.036836071837982425
0.0369124952235384
0.0369124952235384
0.0369124952235384
0.03698891860909438
0.037065341994650364
0.037065341994650364
0.037141765380206346
0.037141765380206346
0.037141765380206346
0.037141765380206346
0.03721818876576232
0.03721818876576232
0.03721818876576232
0.03721818876576232
0.03721818876576232
0.03721818876576232
0.03744745892243027
0.03744745892243027
0.03752388230798624
0.03752388230798624
0.03752388230798624
0.03752388230798624
0.03752388230798624
0.037600305693542224
0.037600305693542224
0.037600305693542224
0.037600305693542224
0.037676729079098206
0.037676729079098206
0.037676729079098206
0.037676729079098206
0.037676729079098206
0.037676729079098206
0.037676729079098206
0.03782957585021016
0.037905999235766145
0.03798242262132213
0.03798242262132213
0.03798242262132213
0.03798242262132213
0.0380588460068781
0.0380588460068781
0.0380588460068781
0.0380588460068781
0.0380588460068781
0.038135269392434085
0.03821169277799007
0.03821169277799007
0.03821169277799007
0.03821169277799007
0.03828811616354604
0.03828811616354604
0.03828811616354604
0.038364539549102024
0.038364539549102024
0.038364539549102024
0.038364539549102024
0.038364539549102024
0.038364539549102024
0.038364539549102024
0.038364539549102024
0.038364539549102024
0.038364539549102024
0.038364539549102024
0.038364539549102024
0.038440962934658006
0.038440962934658006
0.038440962934658006
0.038440962934658006
0.038440962934658006
0.038440962934658006
0.038440962934658006
0.03851738632021399
0.03851738632021399
0.03851738632021399
0.03851738632021399
0.03851738632021399
0.03851738632021399
0.03851738632021399
0.03851738632021399
0.03851738632021399
0.03851738632021399
0.03851738632021399
0.03851738632021399
0.03851738632021399
0.03851738632021399
0.038670233091325945
0.038670233091325945
0.038670233091325945
0.038670233091325945
0.038670233091325945
0.038670233091325945
0.038670233091325945
0.038670233091325945
0.038670233091325945
0.038670233091325945
0.038670233091325945
0.038670233091325945
0.038670233091325945
0.03874665647688193
0.03882307986243791
0.03882307986243791
0.03882307986243791
0.038899503247993884
0.038899503247993884
0.038899503247993884
0.038899503247993884
0.038899503247993884
0.038899503247993884
0.038975926633549866
0.038975926633549866
0.038975926633549866
0.03905235001910585
0.03905235001910585
0.03905235001910585
0.03905235001910585
0.03905235001910585
0.03905235001910585
0.03905235001910585
0.039128773404661824
0.039205196790217806
0.039205196790217806
0.039205196790217806
0.039205196790217806
0.039205196790217806
0.039205196790217806
0.039205196790217806
0.039205196790217806
0.039205196790217806
0.039205196790217806
0.039205196790217806
0.039205196790217806
0.03928162017577379
0.03928162017577379
0.03935804356132977
0.03935804356132977
0.03935804356132977
0.03935804356132977
0.03935804356132977
0.03935804356132977
0.03935804356132977
0.03935804356132977
0.03935804356132977
0.039434466946885745
0.03951089033244173
0.03951089033244173
0.03951089033244173
0.03958731371799771
0.03958731371799771
0.03958731371799771
0.03958731371799771
0.03958731371799771
0.03958731371799771
0.03958731371799771
0.039663737103553684
0.039663737103553684
0.039663737103553684
0.039663737103553684
0.039663737103553684
0.039663737103553684
0.039663737103553684
0.039663737103553684
0.039663737103553684
0.039663737103553684
0.039740160489109666
0.039740160489109666
0.039740160489109666
0.03981658387466565
0.03981658387466565
0.03981658387466565
0.03981658387466565
0.03981658387466565
0.03989300726022163
0.03989300726022163
0.03989300726022163
0.03989300726022163
0.03989300726022163
0.03989300726022163
0.03989300726022163
0.03989300726022163
0.039969430645777605
0.039969430645777605
0.039969430645777605
0.039969430645777605
0.039969430645777605
0.039969430645777605
0.039969430645777605
0.039969430645777605
0.039969430645777605
0.039969430645777605
0.039969430645777605
0.039969430645777605
0.039969430645777605
0.039969430645777605
0.039969430645777605
0.039969430645777605
0.039969430645777605
0.039969430645777605
0.04012227741688957
0.04012227741688957
0.04012227741688957
0.04012227741688957
0.04012227741688957
0.04012227741688957
0.04012227741688957
0.04012227741688957
0.04012227741688957
0.04012227741688957
0.04012227741688957
0.04012227741688957
0.04012227741688957
0.04012227741688957
0.04012227741688957
0.04012227741688957
0.04012227741688957
0.04012227741688957
0.04019870080244555
0.04019870080244555
0.04019870080244555
0.04019870080244555
0.04019870080244555
0.04019870080244555
0.04019870080244555
0.04019870080244555
0.04019870080244555
0.04019870080244555
0.040275124188001526
0.040275124188001526
0.040275124188001526
0.040275124188001526
0.040275124188001526
0.040275124188001526
0.040275124188001526
0.040275124188001526
0.040275124188001526
0.04035154757355751
0.04035154757355751
0.04035154757355751
0.04035154757355751
0.04035154757355751
0.04035154757355751
0.04035154757355751
0.04035154757355751
0.04035154757355751
0.04035154757355751
0.04035154757355751
0.04035154757355751
0.04035154757355751
0.04035154757355751
0.04035154757355751
0.04035154757355751
0.04035154757355751
0.04035154757355751
0.04035154757355751
0.04035154757355751
0.04042797095911349
0.04042797095911349
0.04042797095911349
0.04042797095911349
0.04042797095911349
0.04042797095911349
0.04042797095911349
0.04042797095911349
0.04042797095911349
0.04042797095911349
0.04042797095911349
0.04042797095911349
0.04042797095911349
0.04042797095911349
0.04058081773022545
0.04058081773022545
0.04058081773022545
0.04058081773022545
0.04058081773022545
0.04058081773022545
0.04058081773022545
0.04065724111578143
0.04065724111578143
0.04065724111578143
0.04065724111578143
0.04065724111578143
0.04065724111578143
0.04065724111578143
0.04065724111578143
0.04065724111578143
0.04065724111578143
0.04065724111578143
0.04065724111578143
0.04065724111578143
0.04065724111578143
0.04065724111578143
0.04065724111578143
0.04065724111578143
0.04065724111578143
0.04065724111578143
0.04065724111578143
0.04065724111578143
0.04065724111578143
0.04073366450133741
0.04073366450133741
0.04073366450133741
0.04073366450133741
0.04073366450133741
0.04073366450133741
0.04073366450133741
0.04073366450133741
0.04073366450133741
0.04073366450133741
0.04088651127244937
0.04088651127244937
0.04088651127244937
0.04096293465800535
0.04096293465800535
0.04096293465800535
0.04096293465800535
0.04096293465800535
0.04096293465800535
0.04096293465800535
0.04096293465800535
0.04096293465800535
0.04096293465800535
0.04096293465800535
0.04096293465800535
0.04096293465800535
0.04096293465800535
0.04096293465800535
0.04096293465800535
0.04096293465800535
0.04096293465800535
0.04096293465800535
0.04096293465800535
0.04096293465800535
0.04096293465800535
0.04103935804356133
0.04103935804356133
0.04103935804356133
0.04103935804356133
0.04103935804356133
0.04103935804356133
0.04111578142911731
0.04111578142911731
0.04111578142911731
0.04111578142911731
0.04111578142911731
0.04111578142911731
0.04111578142911731
0.04111578142911731
0.04111578142911731
0.04111578142911731
0.04111578142911731
0.04119220481467329
0.04119220481467329
0.04126862820022927
0.04126862820022927
0.04126862820022927
0.04126862820022927
0.04126862820022927
0.04126862820022927
0.04126862820022927
0.04126862820022927
0.04126862820022927
0.04126862820022927
0.04126862820022927
0.04126862820022927
0.04126862820022927
0.04126862820022927
0.04126862820022927
0.04126862820022927
0.04126862820022927
0.04126862820022927
0.04126862820022927
0.04126862820022927
0.04126862820022927
0.04126862820022927
0.04126862820022927
0.04126862820022927
0.04126862820022927
0.04126862820022927
0.04126862820022927
0.04126862820022927
0.04126862820022927
0.04126862820022927
0.04126862820022927
0.04126862820022927
0.04126862820022927
0.04126862820022927
0.04126862820022927
0.04126862820022927
0.04126862820022927
0.04126862820022927
0.04126862820022927
0.04126862820022927
0.04126862820022927
0.04126862820022927
0.04126862820022927
0.04126862820022927
0.04126862820022927
0.04126862820022927
0.04126862820022927
0.04134505158578525
0.04134505158578525
0.04134505158578525
0.04134505158578525
0.04142147497134123
0.04142147497134123
0.04142147497134123
0.04142147497134123
0.04142147497134123
0.04142147497134123
0.04142147497134123
0.04142147497134123
0.04142147497134123
0.04142147497134123
0.04142147497134123
0.04149789835689721
0.04149789835689721
0.04149789835689721
0.041574321742453194
0.041574321742453194
0.041574321742453194
0.04165074512800917
0.04165074512800917
0.04165074512800917
0.04165074512800917
0.04172716851356515
0.04172716851356515
0.04172716851356515
0.04172716851356515
0.04172716851356515
0.04172716851356515
0.04172716851356515
0.04172716851356515
0.04180359189912113
0.04180359189912113
0.04180359189912113
0.04180359189912113
0.04180359189912113
0.04180359189912113
0.04180359189912113
0.04180359189912113
0.04180359189912113
0.04180359189912113
0.04180359189912113
0.04180359189912113
0.04180359189912113
0.04180359189912113
0.04180359189912113
0.04180359189912113
0.04180359189912113
0.04180359189912113
0.04180359189912113
0.04180359189912113
0.04188001528467711
0.04203286205578907
0.04203286205578907
0.04203286205578907
0.04203286205578907
0.04203286205578907
0.04203286205578907
0.04203286205578907
0.04203286205578907
0.04203286205578907
0.04203286205578907
0.04203286205578907
0.042109285441345054
0.042109285441345054
0.042109285441345054
0.042109285441345054
0.042109285441345054
0.042109285441345054
0.042109285441345054
0.042109285441345054
0.042109285441345054
0.042109285441345054
0.042109285441345054
0.042109285441345054
0.042109285441345054
0.042109285441345054
0.042109285441345054
0.042109285441345054
0.042109285441345054
0.042109285441345054
0.042109285441345054
0.042109285441345054
0.042109285441345054
0.042109285441345054
0.042109285441345054
0.042109285441345054
0.042109285441345054
0.042109285441345054
0.042109285441345054
0.04218570882690103
0.04218570882690103
0.04218570882690103
0.04218570882690103
0.04218570882690103
0.04218570882690103
0.04218570882690103
0.04218570882690103
0.04218570882690103
0.04218570882690103
0.04218570882690103
0.04218570882690103
0.04218570882690103
0.04218570882690103
0.04218570882690103
0.04218570882690103
0.04218570882690103
0.04226213221245701
0.04226213221245701
0.04226213221245701
0.04226213221245701
0.04226213221245701
0.04226213221245701
0.04226213221245701
0.04226213221245701
0.04226213221245701
0.04226213221245701
0.04226213221245701
0.04226213221245701
0.04226213221245701
0.04226213221245701
0.04226213221245701
0.04226213221245701
0.04226213221245701
0.04226213221245701
0.04226213221245701
0.042414978983568975
0.042414978983568975
0.042414978983568975
0.042414978983568975
0.042414978983568975
0.042414978983568975
0.042414978983568975
0.04249140236912495
0.04249140236912495
0.04249140236912495
0.04249140236912495
0.04249140236912495
0.04249140236912495
0.04249140236912495
0.04249140236912495
0.04249140236912495
0.04249140236912495
0.04249140236912495
0.04249140236912495
0.04249140236912495
0.04249140236912495
0.04249140236912495
0.04249140236912495
0.04249140236912495
0.04249140236912495
0.04256782575468093
0.04256782575468093
0.04256782575468093
0.04256782575468093
0.04256782575468093
0.04256782575468093
0.04256782575468093
0.04256782575468093
0.04256782575468093
0.04256782575468093
0.04256782575468093
0.04256782575468093
0.04256782575468093
0.04256782575468093
0.04256782575468093
0.04256782575468093
0.04256782575468093
0.04256782575468093
0.04256782575468093
0.04256782575468093
0.04256782575468093
0.04256782575468093
0.04256782575468093
0.04256782575468093
0.04256782575468093
0.04256782575468093
0.04256782575468093
0.04256782575468093
0.04256782575468093
0.04256782575468093
0.04256782575468093
0.04256782575468093
0.04256782575468093
0.04256782575468093
0.04256782575468093
0.04256782575468093
0.04256782575468093
0.04256782575468093
0.042644249140236914
0.042644249140236914
0.042644249140236914
0.042644249140236914
0.042644249140236914
0.042644249140236914
0.042644249140236914
0.04272067252579289
0.04272067252579289
0.04272067252579289
0.04272067252579289
0.04272067252579289
0.04272067252579289
0.04272067252579289
0.04272067252579289
0.04272067252579289
0.04272067252579289
0.04272067252579289
0.04272067252579289
0.04272067252579289
0.04272067252579289
0.04272067252579289
0.04272067252579289
0.04272067252579289
0.04272067252579289
0.04272067252579289
0.04272067252579289
0.04272067252579289
0.04272067252579289
0.04272067252579289
0.04272067252579289
0.04279709591134887
0.04279709591134887
0.04279709591134887
0.04279709591134887
0.04279709591134887
0.04279709591134887
0.04279709591134887
0.042873519296904854
0.042873519296904854
0.042873519296904854
0.042873519296904854
0.042873519296904854
0.042873519296904854
0.042873519296904854
0.04302636606801681
0.04302636606801681
0.04302636606801681
0.04302636606801681
0.04302636606801681
0.04302636606801681
0.04302636606801681
0.04302636606801681
0.04302636606801681
0.04302636606801681
0.04302636606801681
0.04310278945357279
0.04310278945357279
0.04310278945357279
0.04310278945357279
0.043179212839128775
0.043179212839128775
0.043179212839128775
0.043179212839128775
0.043179212839128775
0.043179212839128775
0.043179212839128775
0.043179212839128775
0.043179212839128775
0.043179212839128775
0.043179212839128775
0.043179212839128775
0.043179212839128775
0.043179212839128775
0.043179212839128775
0.043179212839128775
0.043179212839128775
0.043179212839128775
0.043179212839128775
0.043179212839128775
0.043179212839128775
0.043179212839128775
0.043179212839128775
0.043179212839128775
0.043179212839128775
0.043179212839128775
0.043179212839128775
0.043179212839128775
0.043179212839128775
0.043179212839128775
0.043179212839128775
0.043179212839128775
0.043179212839128775
0.04325563622468476
0.04325563622468476
0.04325563622468476
0.04325563622468476
0.04325563622468476
0.04325563622468476
0.04325563622468476
0.04325563622468476
0.04325563622468476
