0.04488258395447624
0.06860623547327081
0.07445700088162219
0.08223130560230825
0.09898212711388955
0.10547407229301915
0.10964174080307766
0.11372926184178889
0.11589324356816542
0.11805722529454196
0.12046164943496032
0.12310651598942053
0.12462931794501883
0.12663300472870082
0.12807565921295183
0.1296786086398974
0.13104111565280116
0.13312494990783041
0.134727899334776
0.13593011140498518
0.1369720285324998
0.13833453554540354
0.13993748497234912
0.1411396970425583
0.1419411717560311
0.14290294141219845
0.1446661857818386
0.14642943015147872
0.1473110523362988
0.14931473911998078
0.15011621383345355
0.15099783601827363
0.15228019555983008
0.15388314498677566
0.15500520958563757
0.1564478640698886
0.15773022361144506
0.1590927306243488
0.160294942694558
0.161737597178809
0.16277951430632365
0.1633405466057546
0.16430231626192193
0.16502364350404744
0.16630600304560392
0.16726777270177126
0.1679089524725495
0.168630279714675
0.16975234431353692
0.1709545563837461
0.17191632603991344
0.17271780075338622
0.17343912799551175
0.17424060270898453
0.17496192995111004
0.17592369960727738
0.1767251743207502
0.17752664903422297
0.17824797627634847
0.17904945098982128
0.17953033581790495
0.18025166306003046
0.18113328524485053
0.1815340226015869
0.18257593972910155
0.18305682455718522
0.18369800432796346
0.18409874168469983
0.1842590366273944
0.1849803638695199
0.1853811012262563
0.18602228099703455
0.18642301835377093
0.18690390318185462
0.18706419812454916
0.1877053778953274
0.1880259677807165
0.18850685260880018
0.18890758996553658
0.18914803237957842
0.18994950709305122
0.1904303919211349
0.19107157169191313
0.19219363629077502
0.1922737837621223
0.1926745211188587
0.19299511100424782
0.19331570088963693
0.1934759958323315
0.19411717560310973
0.19475835537388794
0.19539953514466618
0.1961208623867917
0.19660174721487536
0.1969223371002645
0.19700248457161176
0.19716277951430633
0.19748336939969544
0.1979642542277791
0.19828484411316824
0.19852528652721008
0.19908631882664102
0.19948705618337742
0.19988779354011382
0.2002885308968502
0.2006892682535866
0.201090005610323
0.2014105954957121
0.2018113328524485
0.20237236515187945
0.20269295503726859
0.20317383986535226
0.20365472469343593
0.2040554620501723
0.2044561994069087
0.20469664182095054
0.20509737917768694
0.20557826400577062
0.20589885389115972
0.20629959124789612
0.20654003366193796
0.2068606235473271
0.20726136090406347
0.20766209826079987
0.20814298308888354
0.20846357297427265
0.20886431033100905
0.20918490021639818
0.20934519515909272
0.2099062274585237
0.21030696481526007
0.21118858700008014
0.21126873447142744
0.2116694718281638
0.21199006171355295
0.2125510940129839
0.21279153642702572
0.21311212631241486
0.2133525687264567
0.21359301114049853
0.2139937484972349
0.21431433838262404
0.21447463332531858
0.21455478079666587
0.2147150757393604
0.21487537068205498
0.21495551815340225
0.21535625551013865
0.21559669792418049
0.21607758275226416
0.21615773022361146
0.21623787769495872
0.2167187625230424
0.21695920493708423
0.21719964735112607
0.2175202372365152
0.21776067965055704
0.21800112206459887
0.21848200689268255
0.21912318666346076
0.21952392402019716
0.21968421896289173
0.21992466137693356
0.22064598861905907
0.22080628356175364
0.22104672597579547
0.2212871683898373
0.2216077582752264
0.2216077582752264
0.22176805321792098
0.22208864310331008
0.22224893804600465
0.22232908551735192
0.22297026528813016
0.22329085517351926
0.22369159253025567
0.22401218241564477
0.22417247735833934
0.22457321471507574
0.22457321471507574
0.22497395207181214
0.22521439448585398
0.22545483689989582
0.22569527931393765
0.2258555742566322
0.22601586919932676
0.2262563116133686
0.2263364590847159
0.22641660655606316
0.22681734391279956
0.22729822874088323
0.22753867115492507
0.22761881862627234
0.22793940851166145
0.22825999839705058
0.22825999839705058
0.22866073575378698
0.22906147311052336
0.2293820629959125
0.22978280035264886
0.22994309529534343
0.230103390238038
0.23034383265207983
0.23050412759477437
0.23058427506612167
0.2308247174801635
0.23098501242285807
0.2312254548368999
0.23138574977959445
0.231546044722289
0.23162619219363628
0.23186663460767812
0.23194678207902542
0.23218722449306725
0.23266810932115092
0.23282840426384546
0.23290855173519276
0.23322914162058186
0.23362987897731827
0.23379017392001283
0.23395046886270737
0.23411076380540194
0.23435120621944378
0.23443135369079104
0.23467179610483288
0.23475194357618018
0.234992385990222
0.23507253346156928
0.23515268093291658
0.23539312334695842
0.23563356576100025
0.23563356576100025
0.2357938607036948
0.23603430311773663
0.2361945980604312
0.23635489300312576
0.23643504047447303
0.23675563035986213
0.23699607277390397
0.23715636771659854
0.2373166626592931
0.23755710507333494
0.23787769495872405
0.2380379899014186
0.23835857978680772
0.23851887472950228
0.23867916967219685
0.2388394646148914
0.2389196120862387
0.2392402019716278
0.23932034944297506
0.23932034944297506
0.23988138174240603
0.2400416766851006
0.24012182415644787
0.2403622665704897
0.24052256151318427
0.24060270898453154
0.24060270898453154
0.2406828564558788
0.24092329886992064
0.2414843311693516
0.24164462611204615
0.24180492105474072
0.24188506852608802
0.24220565841147712
0.2422858058828244
0.24244610082551896
0.24260639576821352
0.24284683818225536
0.2430071331249499
0.2430872805962972
0.24316742806764446
0.24324757553899173
0.24356816542438087
0.24396890278111727
0.2442093451951591
0.24428949266650637
0.2445299350805482
0.24461008255189548
0.24477037749459005
0.2449306724372846
0.24517111485132645
0.245331409794021
0.245331409794021
0.24549170473671555
0.24581229462210466
0.2461328845074938
0.24629317945018836
0.24637332692153563
0.24669391680692473
0.24701450669231387
0.24733509657770297
0.24749539152039754
0.2475755389917448
0.24773583393443938
0.24805642381982848
0.24813657129117575
0.24821671876252305
0.24837701370521761
0.24837701370521761
0.24861745611925945
0.248777751061954
0.24885789853330129
0.24909834094734312
0.2491784884186904
0.24933878336138496
0.24965937324677406
0.24965937324677406
0.24973952071812133
0.24997996313216317
0.24997996313216317
0.2503807004888996
0.25046084796024687
0.25086158531698327
0.25118217520237235
0.25134247014506694
0.251663060030456
0.2521439448585397
0.2524645347439288
0.25262482968662336
0.25262482968662336
0.25302556704335977
0.25310571451470704
0.25318586198605436
0.2533461569287489
0.25350645187144344
0.25350645187144344
0.25350645187144344
0.25366674681413803
0.25366674681413803
0.25390718922817984
0.254227779113569
0.2543880740562635
0.2546285164703054
0.2548689588843472
0.25510940129838905
0.25510940129838905
0.2551895487697363
0.2552696962410836
0.2555902861264727
0.25583072854051453
0.2563116133685982
0.2564719083112928
0.25655205578264006
0.2567924981966819
0.25695279313937647
0.25695279313937647
0.25703294061072374
0.2575138254388074
0.2575939729101547
0.2577542678528492
0.25807485773823835
0.2582351526809329
0.25847559509497475
0.258555742566322
0.2589564799230584
0.2589564799230584
0.25911677486575296
0.25927706980844756
0.25959765969383664
0.25967780716518396
0.25967780716518396
0.2598381021078785
0.2598381021078785
0.26015869199326763
0.26039913440730944
0.2606395768213513
0.2606395768213513
0.2607197242926986
0.2607197242926986
0.2609601667067404
0.2610403141780877
0.26120060912078225
0.2613609040634768
0.2615211990061714
0.2617616414202132
0.2619219363629077
0.26224252624829686
0.26232267371964413
0.262563116133686
0.262563116133686
0.26264326360503326
0.2628035585477278
0.2628837060190751
0.2629638534904224
0.26328444337581147
0.26344473831850607
0.26352488578985334
0.26352488578985334
0.26384547567524247
0.26384547567524247
0.26384547567524247
0.26392562314658974
0.26416606556063155
0.26416606556063155
0.2644065079746734
0.26456680291736795
0.26456680291736795
0.26560872004488256
0.26608960487296623
0.26608960487296623
0.26624989981566083
0.26624989981566083
0.26624989981566083
0.26641019475835537
0.26649034222970264
0.26681093211509177
0.26689107958643904
0.2670513745291336
0.26729181694317544
0.2676124068285646
0.2677727017712591
0.26793299671395365
0.268013144185301
0.26809329165664825
0.26809329165664825
0.2682535865993428
0.26833373407069006
0.2684138815420373
0.2685741764847319
0.268894766370121
0.2689749138414683
0.26913520878416286
0.26921535625551013
0.2692955037268574
0.269455798669552
0.26977638855494107
0.26993668349763567
0.27001683096898293
0.27025727338302474
0.27033742085437207
0.27041756832571934
0.2704977157970666
0.2705778632684139
0.270898453153803
0.2711388955678448
0.2711388955678448
0.2713793379818867
0.2716197803959285
0.2717800753386231
0.27186022280997035
0.27186022280997035
0.2720205177526649
0.27226096016670676
0.272341107638054
0.27250140258074856
0.27258155005209583
0.27266169752344316
0.27266169752344316
0.2728219924661377
0.2728219924661377
0.27298228740883224
0.2730624348801795
0.2732227298228741
0.2734631722369159
0.27370361465095777
0.2738639095936523
0.2738639095936523
0.2738639095936523
0.2739440570649996
0.2739440570649996
0.2740242045363469
0.27418449947904144
0.274344794421736
0.27442494189308325
0.27442494189308325
0.2746653843071251
0.27482567924981965
0.27498597419251425
0.27498597419251425
0.27522641660655606
0.2753867115492506
0.2753867115492506
0.2754668590205979
0.2754668590205979
0.27562715396329246
0.27602789132002886
0.276348481205418
0.27642862867676526
0.27642862867676526
0.27650877614811253
0.2765889236194598
0.27674921856215434
0.27682936603350167
0.27690951350484894
0.27714995591889074
0.27714995591889074
0.277230103390238
0.27731025086158534
0.27731025086158534
0.27731025086158534
0.27731025086158534
0.2774705458042799
0.2778712831610163
0.27795143063236355
0.27795143063236355
0.27795143063236355
0.2780315781037108
0.2780315781037108
0.2781117255750581
0.2781918730464054
0.27835216798909995
0.2784323154604472
0.2786727578744891
0.27875290534583635
0.27875290534583635
0.2788330528171836
0.2788330528171836
0.27907349523122543
0.27915364270257276
0.27923379017392
0.2793139376452673
0.2795543800593091
0.27963452753065643
0.2799551174160455
0.2800352648873928
0.2801154123587401
0.28027570730143464
0.28027570730143464
0.2803558547727819
0.2808367396008656
0.2808367396008656
0.2809970345435602
0.2809970345435602
0.28131762442894925
0.28147791937164385
0.2815580668429911
0.2815580668429911
0.28171836178568566
0.2817985092570329
0.2818786567283802
0.2820389516710748
0.2820389516710748
0.2820389516710748
0.28211909914242206
0.28211909914242206
0.2822793940851166
0.2822793940851166
0.28235954155646387
0.28259998397050573
0.282680131441853
0.2830808687985894
0.28332131121263127
0.2834816061553258
0.2835617536266731
0.28364190109802034
0.28380219604071494
0.2838823435120622
0.28404263845475675
0.284122785926104
0.2842029333974513
0.2845235232828404
0.2845235232828404
0.2847639656968823
0.28508455558227136
0.28508455558227136
0.28508455558227136
0.28508455558227136
0.2851647030536187
0.2853249979963132
0.2853249979963132
0.28548529293900776
0.28556544041035503
0.2864470625951751
0.2866073575378697
0.2866073575378697
0.2868477999519115
0.2869279474232588
0.28716838983730064
0.28716838983730064
0.2872485373086479
0.2873286847799952
0.28740883225134245
0.2874889797226898
0.28756912719403704
0.28756912719403704
0.2876492746653843
0.2877294221367316
0.28780956960807885
0.288130159493468
0.288130159493468
0.2882904544361625
0.2883706019075098
0.2886911917928989
0.2886911917928989
0.2887713392642462
0.2889316342069408
0.28901178167828806
0.28909192914963533
0.28925222409232987
0.28925222409232987
0.2893323715636772
0.289572813977719
0.28965296144906627
0.28973310892041354
0.28973310892041354
0.28981325639176087
0.28981325639176087
0.2899735513344554
0.2900536988058027
0.29013384627714994
0.29013384627714994
0.29013384627714994
0.29029414121984454
0.2903742886911918
0.2904544361625391
0.2906147311052336
0.2908551735192755
0.29093532099062275
0.29093532099062275
0.2910956159333173
0.29117576340466456
0.2914963532900537
0.2916566482327483
0.2918169431754428
0.2918970906467901
0.29213753306083196
0.29237797547487376
0.29245812294622103
0.29245812294622103
0.29245812294622103
0.2925382704175683
0.2926985653602629
0.2926985653602629
0.2929390077743047
0.293019155245652
0.29325959765969384
0.2933397451310411
0.2933397451310411
0.2934198926023884
0.29350004007373565
0.29366033501643024
0.2938206299591248
0.29390077743047205
0.2939809249018194
0.2941412198445139
0.2942213673158612
0.29430151478720845
0.2943816622585557
0.29446180972990305
0.2945419572012503
0.2946221046725976
0.2946221046725976
0.2946221046725976
0.2946221046725976
0.2946221046725976
0.2946221046725976
0.2948625470866394
0.2949426945579867
0.295022842029334
0.29510298950068126
0.2951831369720285
0.2952632844433758
0.2954235793860704
0.2954235793860704
0.2954235793860704
0.29550372685741766
0.2956640218001122
0.2958243167428068
0.2958243167428068
0.2958243167428068
0.2958243167428068
0.29590446421415406
0.29598461168550133
0.29598461168550133
0.29598461168550133
0.29598461168550133
0.29598461168550133
0.2960647591568486
0.296465496513585
0.2965456439849323
0.29678608639897414
0.2968662338703214
0.2969463813416687
0.2971868237557105
0.2973471186984051
0.2975074136410996
0.29766770858379415
0.29766770858379415
0.29766770858379415
0.2977478560551415
0.2977478560551415
0.2977478560551415
0.2977478560551415
0.297908150997836
0.29806844594053056
0.2981485934118779
0.29822874088322515
0.2983088883545724
0.2983890358259197
0.2983890358259197
0.29846918329726696
0.29854933076861423
0.29862947823996155
0.29862947823996155
0.2987096257113088
0.2987897731826561
0.2990302155966979
0.2990302155966979
0.2990302155966979
0.2991103630680452
0.2991103630680452
0.2991905105393925
0.2991905105393925
0.29927065801073977
0.29927065801073977
0.29935080548208703
0.29935080548208703
0.2995912478961289
0.2995912478961289
0.2995912478961289
0.29967139536747617
0.29967139536747617
0.29967139536747617
0.29967139536747617
0.299911837781518
0.29999198525286525
0.30015228019555984
0.3002324276669071
0.3002324276669071
0.3003125751382544
0.30039272260960165
0.30039272260960165
0.30039272260960165
0.30039272260960165
0.30039272260960165
0.30039272260960165
0.30039272260960165
0.30039272260960165
0.300472870080949
0.300472870080949
0.30055301755229624
0.3006331650236435
0.30079345996633805
0.30095375490903264
0.3010339023803799
0.3010339023803799
0.3011140498517272
0.30119419732307445
0.3012743447944217
0.3012743447944217
0.3012743447944217
0.301354492265769
0.3014346397371163
0.3015147872084636
0.3015147872084636
0.30159493467981086
0.3016750821511581
0.3016750821511581
0.3016750821511581
0.3017552296225054
0.3019155245652
0.30199567203654726
0.30247655686463093
0.30247655686463093
0.30247655686463093
0.3025567043359782
0.3025567043359782
0.30271699927867274
0.30279714675002006
0.30287729422136733
0.30303758916406187
0.30303758916406187
0.30303758916406187
0.3031978841067564
0.30327803157810374
0.30327803157810374
0.30327803157810374
0.30327803157810374
0.30351847399214554
0.30351847399214554
0.30351847399214554
0.3035986214634928
0.3036787689348401
0.3036787689348401
0.3037589164061874
0.3038390638775347
0.3040795062915765
0.30431994870561835
0.30431994870561835
0.30431994870561835
0.3044000961769656
0.3044000961769656
0.3044000961769656
0.3044000961769656
0.3044000961769656
0.3046405385910075
0.3046405385910075
0.3046405385910075
0.30472068606235475
0.304800833533702
0.3048809810050493
0.30496112847639656
0.30512142341909115
0.30512142341909115
0.3052015708904384
0.3052817183617857
0.30536186583313296
0.30544201330448023
0.30544201330448023
0.3056023082471748
0.3056023082471748
0.3056824557185221
0.30584275066121663
0.3059228981325639
0.3059228981325639
0.3060030456039112
0.30624348801795304
0.3063236354893003
0.3063236354893003
0.3063236354893003
0.3064037829606476
0.3064037829606476
0.30656407790334217
0.3067243728460367
0.3067243728460367
0.3067243728460367
0.3067243728460367
0.306804520317384
0.30704496273142584
0.3071251102027731
0.3071251102027731
0.3071251102027731
0.3071251102027731
0.3071251102027731
0.3071251102027731
0.3071251102027731
0.3071251102027731
0.3072052576741204
0.3072052576741204
0.30744570008816224
0.30768614250220405
0.3077662899735513
0.3077662899735513
0.3077662899735513
0.3078464374448986
0.3078464374448986
0.3078464374448986
0.3078464374448986
0.3078464374448986
0.3079265849162459
0.3081670273302877
0.3081670273302877
0.3081670273302877
0.308247174801635
0.3084074697443296
0.3085677646870241
0.3085677646870241
0.3085677646870241
0.3086479121583714
0.30872805962971867
0.30872805962971867
0.30880820710106593
0.30880820710106593
0.30880820710106593
0.30880820710106593
0.3090486495151078
0.30920894445780234
0.30920894445780234
0.30936923940049693
0.30952953434319147
0.309689829285886
0.3098501242285806
0.31001041917127514
0.310250861585317
0.3103310090566643
0.3104913039993588
0.3104913039993588
0.3107317464134007
0.3107317464134007
0.3107317464134007
0.31081189388474795
0.3108920413560952
0.3109721888274425
0.3109721888274425
0.311132483770137
0.311132483770137
0.3112927787128316
0.3113729261841789
0.3113729261841789
0.3113729261841789
0.31145307365552616
0.3115332211268734
0.3115332211268734
0.3115332211268734
0.3115332211268734
0.3117736635409153
0.31185381101226256
0.31193395848360983
0.3120942534263044
0.3121744008976517
0.31233469584034623
0.3124148433116935
0.3124148433116935
0.3124148433116935
0.3124148433116935
0.3124148433116935
0.3124148433116935
0.3125751382543881
0.3125751382543881
0.3125751382543881
0.31265528572573537
0.31273543319708264
0.31273543319708264
0.3128155806684299
0.31305602308247177
0.31305602308247177
0.31305602308247177
0.31313617055381904
0.3132163180251663
0.31337661296786085
0.3134567604392081
0.31353690791055544
0.31353690791055544
0.31353690791055544
0.31353690791055544
0.31369720285325
0.31377735032459725
0.3140177927386391
0.31417808768133365
0.3142582351526809
0.3142582351526809
0.3143383826240282
0.3143383826240282
0.3144185300953755
0.3144185300953755
0.3146589725094173
0.3147391199807646
0.3147391199807646
0.3147391199807646
0.31481926745211186
0.31481926745211186
0.315139857337501
0.315139857337501
0.315139857337501
0.315139857337501
0.315139857337501
0.315139857337501
0.315139857337501
0.315139857337501
0.31538029975154286
0.31546044722289013
0.31562074216558467
0.31562074216558467
0.31562074216558467
0.31562074216558467
0.31578103710827926
0.31586118457962653
0.31586118457962653
0.31586118457962653
0.31586118457962653
0.31586118457962653
0.31586118457962653
0.31602147952232107
0.31602147952232107
0.31610162699366834
0.3161817744650156
0.3163420694077102
0.31642221687905747
0.31650236435040474
0.31650236435040474
0.31650236435040474
0.3166626592930993
0.3166626592930993
0.3166626592930993
0.3166626592930993
0.3166626592930993
0.3167428067644466
0.3168229542357939
0.3170633966498357
0.3170633966498357
0.3170633966498357
0.31714354412118295
0.31714354412118295
0.3172236915925303
0.3172236915925303
0.3172236915925303
0.3172236915925303
0.3172236915925303
0.3172236915925303
0.3172236915925303
0.3172236915925303
0.3172236915925303
0.3174641340065721
0.31754428147791935
0.31754428147791935
0.31754428147791935
0.31754428147791935
0.3176244289492666
0.3176244289492666
0.3176244289492666
0.31770457642061395
0.3177847238919612
0.3178648713633085
0.318025166306003
0.318025166306003
0.31810531377735035
0.3181854612486976
0.3181854612486976
0.3181854612486976
