0.04488258395447624
0.06860623547327081
0.07469744329566402
0.09457401618978921
0.10098581389757152
0.10555421976436644
0.11004247815981406
0.11380940931313617
0.11645427586759638
0.11869840506532019
0.12118297667708584
0.12334695840346237
0.12543079265849164
0.1271138895567845
0.12847639656968823
0.13039993588202292
0.13184259036627394
0.13376612967860865
0.13496834174881783
0.13657129117576342
0.1377735032459726
0.1392161577302236
0.14065881221447463
0.14170072934198927
0.14250220405546205
0.14394485853971306
0.14602869279474232
0.1473110523362988
0.1487537068205498
0.14987577141941172
0.1507573936042318
0.15203975314578824
0.15332211268734472
0.15460447222890117
0.15612727418449948
0.15748978119740323
0.1590927306243488
0.160294942694558
0.16149715476476717
0.1625390718922818
0.16301995672036548
0.1643824637332692
0.165183938446742
0.16622585557425662
0.16734792017311853
0.1679089524725495
0.1685501322433277
0.16975234431353692
0.17071411396970426
0.17191632603991344
0.17263765328203895
0.1731986855814699
0.17424060270898453
0.1750420774224573
0.17592369960727738
0.17680532179209746
0.17760679650557024
0.17808768133365394
0.17872886110443215
0.17937004087521038
0.1800913681173359
0.1808928428308087
0.18137372765889237
0.18225534984371244
0.18257593972910155
0.18337741444257433
0.183858299270658
0.18417888915604713
0.18449947904143624
0.18522080628356175
0.18570169111164542
0.18594213352568725
0.18682375571050733
0.18706419812454916
0.18746493548128557
0.1877053778953274
0.18818626272341107
0.18874729502284204
0.18906788490823115
0.1896289172076621
0.19067083433517673
0.19139216157730224
0.19179289893403864
0.19203334134808048
0.1922737837621223
0.19275466859020599
0.19315540594694236
0.19355614330367876
0.1937965857177206
0.19443776548849884
0.19555983008736075
0.19572012503005531
0.19604071491544442
0.19620100985813899
0.1965215997435281
0.19676204215756993
0.19716277951430633
0.19748336939969544
0.1979642542277791
0.19828484411316824
0.19892602388394645
0.19932676124068285
0.19972749859741926
0.19980764606876653
0.20020838342550293
0.2006892682535866
0.20117015308167027
0.2014105954957121
0.20157089043840667
0.20229221768053218
0.2026128075659213
0.2030135449226577
0.20317383986535226
0.20357457722208863
0.20397531457882503
0.20429590446421417
0.204536346878256
0.20509737917768694
0.20533782159172878
0.20557826400577062
0.20597900136250702
0.2063797387192434
0.2067804760759798
0.20710106596136893
0.20742165584675804
0.20774224573214714
0.2079025406748417
0.20838342550292538
0.20878416285966178
0.20926504768774545
0.20974593251582913
0.21014666987256553
0.21030696481526007
0.21078784964334374
0.2109481445860383
0.2113488819427747
0.2116694718281638
0.21182976677085838
0.21207020918490022
0.21231065159894205
0.21247094654163662
0.21247094654163662
0.21279153642702572
0.2129518313697203
0.2129518313697203
0.21343271619780396
0.21375330608319307
0.21383345355454036
0.21415404343992947
0.21415404343992947
0.21431433838262404
0.2147150757393604
0.21511581309609681
0.21559669792418049
0.2159974352809169
0.21623787769495872
0.21655846758034783
0.21695920493708423
0.21695920493708423
0.21719964735112607
0.2175202372365152
0.21792097459325158
0.2182415644786407
0.21840185942133525
0.21856215436402981
0.21888274424941892
0.21896289172076622
0.21912318666346076
0.21928348160615532
0.21960407149154443
0.21992466137693356
0.22032539873366996
0.22064598861905907
0.22104672597579547
0.22120702091849
0.2216077582752264
0.22168790574657368
0.22184820068926825
0.22240923298869922
0.22256952793139376
0.22272982287408832
0.2228099703454356
0.22297026528813016
0.22305041275947743
0.223210707702172
0.22337100264486656
0.22369159253025567
0.22385188747295023
0.22425262482968664
0.22441291977238118
0.22457321471507574
0.2247335096577703
0.22489380460046485
0.22537468942854852
0.22569527931393765
0.22577542678528492
0.2259357217279795
0.22617616414202132
0.2263364590847159
0.22649675402741043
0.226657048970105
0.22673719644145227
0.22689749138414683
0.22713793379818867
0.22729822874088323
0.22753867115492507
0.2276989660976196
0.22785926104031418
0.228099703454356
0.228099703454356
0.22850044081109241
0.22882103069648152
0.22914162058187065
0.22922176805321792
0.2293820629959125
0.22978280035264886
0.22986294782399616
0.22994309529534343
0.23018353770938527
0.2304239801234271
0.23058427506612167
0.2308247174801635
0.23090486495151077
0.23098501242285807
0.23098501242285807
0.2312254548368999
0.23146589725094174
0.23170633966498358
0.23186663460767812
0.23210707702171995
0.23218722449306725
0.23226737196441452
0.2324276669071091
0.23266810932115092
0.2327482567924982
0.2331489941492346
0.23322914162058186
0.2334695840346237
0.23371002644866554
0.23395046886270737
0.23411076380540194
0.2342710587480965
0.23435120621944378
0.2345916486334856
0.23475194357618018
0.23507253346156928
0.23531297587561112
0.23563356576100025
0.2358740081750421
0.2358740081750421
0.23595415564638936
0.23611445058908392
0.23627474553177846
0.2365151879458203
0.2365151879458203
0.23667548288851487
0.2369159253025567
0.23707622024525127
0.2373166626592931
0.23755710507333494
0.23755710507333494
0.23795784243007134
0.23811813737276588
0.23827843231546045
0.23843872725815501
0.23843872725815501
0.23867916967219685
0.2388394646148914
0.23907990702893323
0.23916005450028052
0.23940049691432236
0.23972108679971146
0.2400416766851006
0.24028211909914243
0.2403622665704897
0.2403622665704897
0.24052256151318427
0.24060270898453154
0.24092329886992064
0.24116374128396248
0.24132403622665705
0.24140418369800432
0.2414843311693516
0.24196521599743528
0.24212551094012985
0.24244610082551896
0.24260639576821352
0.2426865432395608
0.2430071331249499
0.2430071331249499
0.24332772301033903
0.24356816542438087
0.2438086078384227
0.2441291977238118
0.2441291977238118
0.24436964013785364
0.24436964013785364
0.24444978760920094
0.24477037749459005
0.2449306724372846
0.24509096737997915
0.24517111485132645
0.24541155726536829
0.24565199967941012
0.24565199967941012
0.24565199967941012
0.2460527370361465
0.24621303197884106
0.2464534743928829
0.24669391680692473
0.24701450669231387
0.24733509657770297
0.24733509657770297
0.24765568646309208
0.24789612887713391
0.24813657129117575
0.24821671876252305
0.24845716117656488
0.24845716117656488
0.24869760359060672
0.24869760359060672
0.248777751061954
0.24893804600464856
0.24901819347599582
0.24925863589003766
0.24941893083273223
0.2494990783040795
0.24973952071812133
0.24981966818946863
0.25006011060351047
0.2503005530175523
0.25046084796024687
0.25054099543159414
0.25054099543159414
0.2507012903742887
0.2507012903742887
0.2510218802596778
0.25134247014506694
0.2514226176164142
0.2515027650877615
0.251663060030456
0.2519035024444979
0.2520637973871924
0.2521439448585397
0.2523042398012343
0.2525446822152761
0.25262482968662336
0.25302556704335977
0.25318586198605436
0.2533461569287489
0.25342630440009617
0.25350645187144344
0.2535865993427907
0.25366674681413803
0.25390718922817984
0.25406748417087444
0.2541476316422217
0.254227779113569
0.25430792658491624
0.2544682215276108
0.2544682215276108
0.2546285164703054
0.25494910635569445
0.2550292538270418
0.25510940129838905
0.2552696962410836
0.25534984371243086
0.25534984371243086
0.25551013865512545
0.2555902861264727
0.2555902861264727
0.25583072854051453
0.25615131842590366
0.25623146589725093
0.25663220325398733
0.2567924981966819
0.2568726456680292
0.2568726456680292
0.25695279313937647
0.25703294061072374
0.2571932355534183
0.25735353049611287
0.2575138254388074
0.25767412038150195
0.25783441532419654
0.2579145627955438
0.25807485773823835
0.25807485773823835
0.25807485773823835
0.2581550052095856
0.2583153001522802
0.2583954476236275
0.258555742566322
0.2586358900376693
0.2587961849803639
0.2590366273944057
0.25927706980844756
0.25927706980844756
0.2594373647511421
0.25951751222248937
0.25967780716518396
0.25975795463653123
0.25999839705057304
0.2602388394646149
0.2604792818786567
0.2606395768213513
0.26079987176404584
0.2610403141780877
0.2612807565921295
0.2612807565921295
0.26144105153482405
0.26144105153482405
0.26160134647751865
0.2617616414202132
0.26184178889156046
0.2619219363629077
0.26200208383425505
0.2621623787769496
0.26224252624829686
0.26224252624829686
0.26224252624829686
0.26232267371964413
0.26264326360503326
0.26272341107638053
0.26272341107638053
0.2628837060190751
0.26304400096176966
0.26312414843311693
0.2632042959044642
0.26328444337581147
0.26352488578985334
0.26352488578985334
0.26392562314658974
0.264005770617937
0.26416606556063155
0.2642462130319788
0.26456680291736795
0.2646469503887152
0.2646469503887152
0.2647270978600625
0.2648873928027571
0.26496754027410435
0.2652079826881462
0.2652881301594935
0.2652881301594935
0.26536827763084075
0.265448425102188
0.2655285725735353
0.2655285725735353
0.2656888675162299
0.2659293099302717
0.26600945740161897
0.26624989981566083
0.2663300472870081
0.2663300472870081
0.26641019475835537
0.26641019475835537
0.26641019475835537
0.26641019475835537
0.2665704897010499
0.2667307846437445
0.2667307846437445
0.26681093211509177
0.26689107958643904
0.2670513745291336
0.2670513745291336
0.26729181694317544
0.26745211188587
0.26745211188587
0.2676124068285646
0.2676124068285646
0.2677727017712591
0.2677727017712591
0.268013144185301
0.26809329165664825
0.26809329165664825
0.2681734391279955
0.2682535865993428
0.26849402901338465
0.2685741764847319
0.2686543239560792
0.2686543239560792
0.26873447142742646
0.268894766370121
0.268894766370121
0.2690550613128156
0.2690550613128156
0.2690550613128156
0.2690550613128156
0.26913520878416286
0.2692955037268574
0.2692955037268574
0.2692955037268574
0.2693756511982047
0.269455798669552
0.269455798669552
0.26953594614089926
0.2696962410835938
0.2698565360262884
0.2698565360262884
0.2698565360262884
0.2698565360262884
0.26993668349763567
0.26993668349763567
0.2700969784403302
0.2700969784403302
0.2700969784403302
0.27025727338302474
0.27033742085437207
0.2704977157970666
0.2705778632684139
0.27065801073976115
0.2707381582111084
0.27081830568245574
0.27105874809649755
0.2712991905105394
0.27145948545323395
0.27145948545323395
0.27145948545323395
0.2715396329245812
0.2716999278672758
0.2717800753386231
0.2719403702813176
0.2719403702813176
0.27210066522401216
0.2721808126953595
0.2721808126953595
0.272341107638054
0.2724212551094013
0.27250140258074856
0.27250140258074856
0.27250140258074856
0.27250140258074856
0.27266169752344316
0.27274184499479043
0.2728219924661377
0.27290213993748497
0.27298228740883224
0.2732227298228741
0.27338302476556864
0.27338302476556864
0.2735433197082632
0.27370361465095777
0.27378376212230504
0.2740242045363469
0.2741043520076942
0.2741043520076942
0.2741043520076942
0.27418449947904144
0.274344794421736
0.274344794421736
0.27522641660655606
0.2753867115492506
0.2753867115492506
0.2753867115492506
0.2754668590205979
0.2754668590205979
0.2754668590205979
0.2754668590205979
0.2755470064919452
0.2755470064919452
0.275787448905987
0.2759477438486816
0.27602789132002886
0.27602789132002886
0.27602789132002886
0.27602789132002886
0.27610803879137613
0.27610803879137613
0.27610803879137613
0.27626833373407067
0.276348481205418
0.27642862867676526
0.27642862867676526
0.27642862867676526
0.2765889236194598
0.2765889236194598
0.2765889236194598
0.2766690710908071
0.27690951350484894
0.27690951350484894
0.27690951350484894
0.27690951350484894
0.27690951350484894
0.27690951350484894
0.2769896609761962
0.27714995591889074
0.277230103390238
0.27731025086158534
0.2774705458042799
0.2776308407469744
0.2777109882183217
0.2777109882183217
0.2777109882183217
0.277791135689669
0.277791135689669
0.2778712831610163
0.27795143063236355
0.2780315781037108
0.2781117255750581
0.2782720205177527
0.2784323154604472
0.2784323154604472
0.27859261040314176
0.27859261040314176
0.27859261040314176
0.2788330528171836
0.2789132002885309
0.27907349523122543
0.27923379017392
0.27963452753065643
0.27979482247335097
0.27979482247335097
0.27979482247335097
0.27979482247335097
0.27979482247335097
0.27979482247335097
0.2799551174160455
0.2799551174160455
0.2801154123587401
0.28019555983008737
0.2805161497154765
0.2805161497154765
0.2805962971868238
0.28067644465817104
0.2807565921295183
0.2808367396008656
0.2809970345435602
0.2809970345435602
0.28107718201490745
0.281237476957602
0.281237476957602
0.281237476957602
0.28131762442894925
0.28131762442894925
0.2813977719002965
0.2815580668429911
0.2816382143143384
0.28171836178568566
0.28171836178568566
0.28171836178568566
0.28171836178568566
0.2818786567283802
0.2819588041997275
0.2820389516710748
0.28211909914242206
0.28211909914242206
0.28211909914242206
0.28219924661376933
0.28219924661376933
0.28235954155646387
0.2824396890278112
0.2824396890278112
0.28259998397050573
0.28259998397050573
0.28259998397050573
0.282680131441853
0.282680131441853
0.28276027891320027
0.2828404263845476
0.2828404263845476
0.2828404263845476
0.28292057385589486
0.2830808687985894
0.28316101626993667
0.2835617536266731
0.28364190109802034
0.2837220485693676
0.2838823435120622
0.2839624909834095
0.28404263845475675
0.284122785926104
0.2842029333974513
0.2842830808687986
0.2843632283401459
0.2843632283401459
0.2843632283401459
0.2846036707541877
0.28468381822553496
0.2847639656968823
0.28484411316822955
0.2850044081109241
0.2850044081109241
0.2850044081109241
0.2850044081109241
0.2851647030536187
0.2851647030536187
0.2851647030536187
0.2853249979963132
0.2854051454676605
0.28556544041035503
0.28564558788170236
0.28564558788170236
0.28564558788170236
0.28564558788170236
0.2857257353530496
0.2858058828243969
0.2858058828243969
0.2858058828243969
0.28596617776709143
0.2860463252384387
0.2860463252384387
0.2862066201811333
0.2862066201811333
0.28636691512382784
0.28636691512382784
0.28636691512382784
0.28636691512382784
0.2865272100665224
0.2865272100665224
0.2865272100665224
0.2865272100665224
0.2866073575378697
0.28676765248056424
0.28676765248056424
0.28676765248056424
0.28676765248056424
0.2868477999519115
0.2868477999519115
0.2868477999519115
0.2869279474232588
0.2870080948946061
0.2870080948946061
0.28708824236595337
0.28716838983730064
0.28716838983730064
0.2872485373086479
0.2873286847799952
0.28740883225134245
0.28756912719403704
0.28756912719403704
0.28756912719403704
0.28756912719403704
0.28756912719403704
0.28756912719403704
0.28756912719403704
0.2876492746653843
0.2877294221367316
0.28780956960807885
0.2878897170794261
0.2878897170794261
0.2878897170794261
0.28796986455077345
0.288130159493468
0.28821030696481525
0.2882904544361625
0.2883706019075098
0.2884507493788571
0.2884507493788571
0.2885308968502044
0.2885308968502044
0.2885308968502044
0.2886911917928989
0.2887713392642462
0.28885148673559347
0.28885148673559347
0.28885148673559347
0.28901178167828806
0.28901178167828806
0.28901178167828806
0.28901178167828806
0.28901178167828806
0.28909192914963533
0.2891720766209826
0.28941251903502446
0.28941251903502446
0.28949266650637173
0.28949266650637173
0.289572813977719
0.28965296144906627
0.28965296144906627
0.28973310892041354
0.28989340386310813
0.28989340386310813
0.28989340386310813
0.2899735513344554
0.2899735513344554
0.2899735513344554
0.29013384627714994
0.29029414121984454
0.29029414121984454
0.29029414121984454
0.2903742886911918
0.29053458363388635
0.29053458363388635
0.2906948785765809
0.2907750260479282
0.2908551735192755
0.29093532099062275
0.29093532099062275
0.29101546846197
0.29101546846197
0.2910956159333173
0.29133605834735915
0.2914162058187064
0.2914162058187064
0.2914963532900537
0.2916566482327483
0.29173679570409555
0.29173679570409555
0.29173679570409555
0.2918970906467901
0.2918970906467901
0.2918970906467901
0.29197723811813736
0.29197723811813736
0.29213753306083196
0.29213753306083196
0.29213753306083196
0.29213753306083196
0.2922176805321792
0.29237797547487376
0.29237797547487376
0.29237797547487376
0.29237797547487376
0.29237797547487376
0.29237797547487376
0.29237797547487376
0.29245812294622103
0.29245812294622103
0.29245812294622103
0.29245812294622103
0.29245812294622103
0.2925382704175683
0.2926184178889156
0.2926184178889156
0.2926184178889156
0.2926985653602629
0.2926985653602629
0.29277871283161017
0.29277871283161017
0.29277871283161017
0.293019155245652
0.29317945018834657
0.29317945018834657
0.29325959765969384
0.29325959765969384
0.2933397451310411
0.2933397451310411
0.2934198926023884
0.2934198926023884
0.2934198926023884
0.2934198926023884
0.29350004007373565
0.29358018754508297
0.29366033501643024
0.29390077743047205
0.2939809249018194
0.2942213673158612
0.2942213673158612
0.2942213673158612
0.29430151478720845
0.29446180972990305
0.29446180972990305
0.29470225214394485
0.295022842029334
0.2951831369720285
0.29534343191472306
0.29534343191472306
0.2954235793860704
0.2954235793860704
0.2954235793860704
0.2956640218001122
0.29574416927145947
0.29574416927145947
0.29574416927145947
0.2958243167428068
0.29590446421415406
0.29590446421415406
0.29590446421415406
0.29590446421415406
0.29598461168550133
0.2960647591568486
0.2960647591568486
0.2960647591568486
0.2960647591568486
0.29614490662819587
0.29614490662819587
0.296465496513585
0.29678608639897414
0.2968662338703214
0.2969463813416687
0.2969463813416687
0.2969463813416687
0.2969463813416687
0.29702652881301594
0.29702652881301594
0.2971066762843632
0.2971066762843632
0.2971066762843632
0.2971868237557105
0.2972669712270578
0.2973471186984051
0.29742726616975235
0.29742726616975235
0.2975074136410996
0.29766770858379415
0.29766770858379415
0.29766770858379415
0.29766770858379415
0.29766770858379415
0.29766770858379415
0.29766770858379415
0.29766770858379415
0.2977478560551415
0.29782800352648875
0.297908150997836
0.297908150997836
0.2979882984691833
0.2979882984691833
0.2979882984691833
0.2979882984691833
0.29806844594053056
0.29806844594053056
0.2981485934118779
0.29822874088322515
0.29822874088322515
0.29822874088322515
0.29822874088322515
0.2983088883545724
0.2983088883545724
0.29846918329726696
0.29854933076861423
0.2987096257113088
0.29886992065400336
0.29886992065400336
0.29886992065400336
0.29886992065400336
0.29895006812535063
0.2990302155966979
0.2990302155966979
0.2990302155966979
0.2990302155966979
0.2991103630680452
0.2991905105393925
0.29935080548208703
0.29935080548208703
0.29935080548208703
0.29935080548208703
0.2994309529534343
0.2995111004247816
0.2998316903101707
0.2998316903101707
0.299911837781518
0.299911837781518
0.299911837781518
0.299911837781518
0.30015228019555984
0.3003125751382544
0.3003125751382544
0.3003125751382544
0.30039272260960165
0.30039272260960165
0.30039272260960165
0.30039272260960165
0.300472870080949
0.3006331650236435
0.3006331650236435
0.3006331650236435
0.3006331650236435
0.30079345996633805
0.30079345996633805
0.3008736074376853
0.3008736074376853
0.3008736074376853
0.3008736074376853
0.3008736074376853
0.30095375490903264
0.30095375490903264
0.30095375490903264
0.30095375490903264
0.30095375490903264
0.30095375490903264
0.30095375490903264
0.30095375490903264
0.3011140498517272
0.30119419732307445
0.30119419732307445
0.30119419732307445
0.3012743447944217
0.3012743447944217
0.3012743447944217
0.3012743447944217
0.301354492265769
0.3014346397371163
0.3014346397371163
0.3014346397371163
0.3014346397371163
0.3014346397371163
0.3014346397371163
0.3014346397371163
0.3015147872084636
0.3015147872084636
0.3015147872084636
0.3015147872084636
0.30159493467981086
0.3016750821511581
0.3017552296225054
0.3017552296225054
0.3019155245652
0.3019155245652
