0.04472228901178168
0.08271219043039192
0.09593652320269296
0.10843952873286848
0.12014105954957122
0.1285565440410355
0.1370521760038471
0.1434639737116294
0.14907429670593894
0.15252063797387191
0.15532579947102668
0.15853169832491784
0.16125671235072533
0.1644626112046165
0.16734792017311853
0.16975234431353692
0.17191632603991344
0.17456119259437364
0.17768694397691753
0.18001122064598862
0.1835377093852689
0.1862627234110764
0.18850685260880018
0.19083112927787127
0.19195319387673318
0.1937965857177206
0.19539953514466618
0.19628115732948626
0.19820469664182094
0.1995672036547247
0.20157089043840667
0.20317383986535226
0.20469664182095054
0.20613929630520156
0.20702091849002163
0.20806283561753627
0.20918490021639818
0.2105474072293019
0.21190991424220565
0.21343271619780396
0.21503566562474954
0.2163981726376533
0.21719964735112607
0.2182415644786407
0.21888274424941892
0.21960407149154443
0.21992466137693356
0.22072613609040634
0.22144746333253185
0.22200849563196282
0.2224893804600465
0.22305041275947743
0.22377174000160294
0.22457321471507574
0.22521439448585398
0.2259357217279795
0.22657690149875773
0.22745852368357777
0.22817985092570328
0.22866073575378698
0.22954235793860703
0.23050412759477437
0.23098501242285807
0.23162619219363628
0.2323475194357618
0.23290855173519276
0.233549731505971
0.23403061633405467
0.23443135369079104
0.23451150116213834
0.23507253346156928
0.23555341828965295
0.2361945980604312
0.23643504047447303
0.23699607277390397
0.23739681013064037
0.2376372525446822
0.23779754748737678
0.23795784243007134
0.23867916967219685
0.2389196120862387
0.23948064438566963
0.2399615292137533
0.24052256151318427
0.24092329886992064
0.24124388875530978
0.24132403622665705
0.24172477358339345
0.24220565841147712
0.24252624829686623
0.24292698565360263
0.24324757553899173
0.24356816542438087
0.24388875530976997
0.2442093451951591
0.24444978760920094
0.24477037749459005
0.24485052496593732
0.24509096737997915
0.245331409794021
0.2457321471507574
0.2460527370361465
0.24669391680692473
0.24693435922096657
0.24733509657770297
0.24789612887713391
0.2479762763484812
0.24829686623387032
0.24845716117656488
0.24885789853330129
0.24925863589003766
0.2495792257754268
0.2498998156608159
0.25014025807485774
0.2503807004888996
0.25046084796024687
0.2506211429029414
0.2510218802596778
0.25118217520237235
0.2515027650877615
0.2519035024444979
0.25238438727258156
0.25262482968662336
0.25310571451470704
0.2533461569287489
0.25366674681413803
0.25382704175683257
0.25406748417087444
0.2541476316422217
0.2545483689989581
0.25470866394165265
0.2547888114129999
0.2548689588843472
0.25494910635569445
0.2550292538270418
0.25534984371243086
0.25551013865512545
0.25615131842590366
0.2564719083112928
0.2567924981966819
0.25695279313937647
0.25727338302476555
0.2575939729101547
0.2577542678528492
0.2581550052095856
0.2583153001522802
0.2587961849803639
0.25911677486575296
0.2594373647511421
0.25951751222248937
0.25967780716518396
0.25975795463653123
0.2600785445219203
0.2602388394646149
0.2604792818786567
0.2607197242926986
0.2610403141780877
0.2613609040634768
0.26160134647751865
0.26184178889156046
0.2619219363629077
0.2620822313056023
0.26224252624829686
0.26232267371964413
0.2624829686623387
0.262563116133686
0.26272341107638053
0.2628837060190751
0.2632042959044642
0.2633645908471588
0.2636851807325479
0.26392562314658974
0.264005770617937
0.264005770617937
0.2642462130319788
0.26432636050332614
0.2644866554460207
0.2646469503887152
0.2648873928027571
0.26536827763084075
0.265448425102188
0.26576901498757716
0.2658491624589244
0.26608960487296623
0.26649034222970264
0.2665704897010499
0.2667307846437445
0.2669712270577863
0.26729181694317544
0.2676124068285646
0.26769255429991184
0.268013144185301
0.2681734391279955
0.2681734391279955
0.2684138815420373
0.26873447142742646
0.2689749138414683
0.2689749138414683
0.2689749138414683
0.26913520878416286
0.26921535625551013
0.2692955037268574
0.269455798669552
0.26953594614089926
0.26977638855494107
0.2698565360262884
0.27001683096898293
0.2701771259116775
0.27033742085437207
0.2704977157970666
0.27081830568245574
0.270898453153803
0.27105874809649755
0.2711388955678448
0.2711388955678448
0.2712190430391921
0.2713793379818867
0.27145948545323395
0.2716197803959285
0.2719403702813176
0.2724212551094013
0.27266169752344316
0.27274184499479043
0.27298228740883224
0.2730624348801795
0.2732227298228741
0.2735433197082632
0.2736234671796105
0.2739440570649996
0.27418449947904144
0.27442494189308325
0.27458523683577785
0.2747455317784724
0.2747455317784724
0.2747455317784724
0.2750661216638615
0.2754668590205979
0.2754668590205979
0.2755470064919452
0.2755470064919452
0.27570730143463973
0.27586759637733427
0.2761881862627234
0.2765889236194598
0.27674921856215434
0.27674921856215434
0.2769896609761962
0.277230103390238
0.27731025086158534
0.2773903983329326
0.27755069327562715
0.277791135689669
0.277791135689669
0.27795143063236355
0.2780315781037108
0.2781117255750581
0.2781117255750581
0.2781117255750581
0.2781117255750581
0.2782720205177527
0.27835216798909995
0.27835216798909995
0.2786727578744891
0.27875290534583635
0.27899334775987816
0.27907349523122543
0.27907349523122543
0.27923379017392
0.2793139376452673
0.27979482247335097
0.27987496994469824
0.2800352648873928
0.2801154123587401
0.28019555983008737
0.2805161497154765
0.28067644465817104
0.28067644465817104
0.2807565921295183
0.2808367396008656
0.28107718201490745
0.28107718201490745
0.2811573294862547
0.281237476957602
0.281237476957602
0.28147791937164385
0.28147791937164385
0.28147791937164385
0.2815580668429911
0.2816382143143384
0.2817985092570329
0.28219924661376933
0.28235954155646387
0.28235954155646387
0.2824396890278112
0.28259998397050573
0.282680131441853
0.28276027891320027
0.28276027891320027
0.2828404263845476
0.2828404263845476
0.28292057385589486
0.28292057385589486
0.28292057385589486
0.28300072132724213
0.28300072132724213
0.2830808687985894
0.28332131121263127
0.2835617536266731
0.2837220485693676
0.2838823435120622
0.2838823435120622
0.2838823435120622
0.2839624909834095
0.2839624909834095
0.28404263845475675
0.2842830808687986
0.2843632283401459
0.2846036707541877
0.28468381822553496
0.28484411316822955
0.2850044081109241
0.2853249979963132
0.28548529293900776
0.28556544041035503
0.28556544041035503
0.28564558788170236
0.2858058828243969
0.28596617776709143
0.2860463252384387
0.2860463252384387
0.28612647270978603
0.2862066201811333
0.28628676765248057
0.2866073575378697
0.2869279474232588
0.28716838983730064
0.2873286847799952
0.28740883225134245
0.28756912719403704
0.2880500120221207
0.2880500120221207
0.288130159493468
0.28821030696481525
0.2882904544361625
0.2885308968502044
0.2886911917928989
0.2887713392642462
0.28885148673559347
0.2891720766209826
0.2893323715636772
0.28949266650637173
0.289572813977719
0.28965296144906627
0.28981325639176087
0.28981325639176087
0.2899735513344554
0.2900536988058027
0.29013384627714994
0.29029414121984454
0.2903742886911918
0.2904544361625391
0.2904544361625391
0.2906147311052336
0.2906948785765809
0.2908551735192755
0.29101546846197
0.29117576340466456
0.29133605834735915
0.2914963532900537
0.2916566482327483
0.2916566482327483
0.2916566482327483
0.29173679570409555
0.2918169431754428
0.29197723811813736
0.2922176805321792
0.29237797547487376
0.2925382704175683
0.2926184178889156
0.2926985653602629
0.29277871283161017
0.29277871283161017
0.29277871283161017
0.2929390077743047
0.29317945018834657
0.29325959765969384
0.29325959765969384
0.2934198926023884
0.2934198926023884
0.29358018754508297
0.29358018754508297
0.2937404824877775
0.2938206299591248
0.2938206299591248
0.2938206299591248
0.2939809249018194
0.29406107237316664
0.2941412198445139
0.2945419572012503
0.295022842029334
0.295022842029334
0.295022842029334
0.29510298950068126
0.2952632844433758
0.2952632844433758
0.29534343191472306
0.2954235793860704
0.2956640218001122
0.2956640218001122
0.2958243167428068
0.2958243167428068
0.29590446421415406
0.2960647591568486
0.29614490662819587
0.29614490662819587
0.29622505409954314
0.296465496513585
0.2965456439849323
0.29678608639897414
0.2968662338703214
0.2969463813416687
0.2971066762843632
0.2971868237557105
0.29742726616975235
0.2975074136410996
0.2975875611124469
0.29782800352648875
0.297908150997836
0.29806844594053056
0.2981485934118779
0.2983890358259197
0.29854933076861423
0.2987096257113088
0.29886992065400336
0.2990302155966979
0.2990302155966979
0.29935080548208703
0.2994309529534343
0.2995912478961289
0.29999198525286525
0.29999198525286525
0.30007213272421257
0.3002324276669071
0.30039272260960165
0.3006331650236435
0.3006331650236435
0.3007133124949908
0.30079345996633805
0.3008736074376853
0.3008736074376853
0.30095375490903264
0.3011140498517272
0.3014346397371163
0.3015147872084636
0.3016750821511581
0.3017552296225054
0.3017552296225054
0.3019155245652
0.3019155245652
0.3019155245652
0.3019155245652
0.30199567203654726
0.30199567203654726
0.30199567203654726
0.30199567203654726
0.3021559669792418
0.3021559669792418
0.3021559669792418
0.3021559669792418
0.30223611445058907
0.30247655686463093
0.30247655686463093
0.30247655686463093
0.30247655686463093
0.30271699927867274
0.30279714675002006
0.30279714675002006
0.30287729422136733
0.3029574416927146
0.3031978841067564
0.3031978841067564
0.30327803157810374
0.3035986214634928
0.3036787689348401
0.3039993588202292
0.3040795062915765
0.30415965376292375
0.3042398012342711
0.30456039111966016
0.30456039111966016
0.30472068606235475
0.30472068606235475
0.304800833533702
0.3048809810050493
0.3048809810050493
0.30504127594774383
0.3052817183617857
0.30536186583313296
0.30544201330448023
0.3056824557185221
0.30576260318986936
0.3059228981325639
0.3060030456039112
0.3060831930752585
0.30616334054660577
0.30616334054660577
0.30624348801795304
0.3064037829606476
0.3064037829606476
0.3064037829606476
0.30648393043199484
0.30664422537468944
0.30664422537468944
0.30664422537468944
0.3067243728460367
0.3067243728460367
0.3067243728460367
0.30688466778873125
0.30688466778873125
0.30704496273142584
0.30728540514546765
0.30728540514546765
0.30744570008816224
0.30744570008816224
0.3075258475595095
0.30768614250220405
0.30768614250220405
0.3077662899735513
0.3080067323875932
0.3081670273302877
0.3081670273302877
0.3081670273302877
0.3081670273302877
0.30832732227298226
0.3084074697443296
0.3085677646870241
0.3086479121583714
0.3086479121583714
0.3086479121583714
0.30872805962971867
0.30872805962971867
0.30872805962971867
0.30872805962971867
0.30888835457241326
0.30888835457241326
0.3090486495151078
0.30920894445780234
0.30920894445780234
0.30920894445780234
0.30928909192914966
0.3094493868718442
0.30952953434319147
0.30960968181453874
0.3105714514707061
0.3108920413560952
0.311132483770137
0.31121263124148435
0.3113729261841789
0.3113729261841789
0.31145307365552616
0.3117736635409153
0.31193395848360983
0.31193395848360983
0.31193395848360983
0.31193395848360983
0.3120141059549571
0.3121744008976517
0.31225454836899896
0.31225454836899896
0.31225454836899896
0.31233469584034623
0.31233469584034623
0.31233469584034623
0.31249499078304077
0.31249499078304077
0.31249499078304077
0.31249499078304077
0.31249499078304077
0.3125751382543881
0.31265528572573537
0.31273543319708264
0.3128155806684299
0.3128957281397772
0.3128957281397772
0.31297587561112444
0.31305602308247177
0.31313617055381904
0.3132964654965136
0.3132964654965136
0.31337661296786085
0.3134567604392081
0.31353690791055544
0.3136170553819027
0.31377735032459725
0.3138574977959445
0.31393764526729184
0.3140979402099864
0.3140979402099864
0.31417808768133365
0.31417808768133365
0.3142582351526809
0.3144185300953755
0.3144185300953755
0.3144986775667228
0.3147391199807646
0.3147391199807646
0.3148994149234592
0.3148994149234592
0.31497956239480646
0.315139857337501
0.315139857337501
0.31522000480884826
0.31546044722289013
0.31546044722289013
0.3155405946942374
0.3155405946942374
0.31570088963693194
0.31586118457962653
0.31602147952232107
0.3161817744650156
0.31626192193636293
0.3163420694077102
0.3163420694077102
0.31642221687905747
0.31642221687905747
0.31642221687905747
0.31642221687905747
0.316582511821752
0.316582511821752
0.316582511821752
0.3166626592930993
0.3167428067644466
0.3168229542357939
0.31690310170714114
0.31690310170714114
0.31690310170714114
0.3169832491784884
0.3169832491784884
0.3169832491784884
0.3170633966498357
0.3170633966498357
0.31714354412118295
0.31714354412118295
0.31714354412118295
0.31714354412118295
0.31714354412118295
0.31714354412118295
0.31714354412118295
0.3172236915925303
0.31730383906387755
0.31730383906387755
0.31730383906387755
0.3173839865352248
0.3173839865352248
0.3173839865352248
0.3174641340065721
0.31754428147791935
0.31770457642061395
0.3178648713633085
0.3178648713633085
0.31794501883465576
0.31794501883465576
0.318025166306003
0.318025166306003
0.3181854612486976
0.3181854612486976
0.3182656087200449
0.3182656087200449
0.31834575619139216
0.31834575619139216
0.31834575619139216
0.31834575619139216
0.318586198605434
0.3186663460767813
0.31874649354812856
0.31882664101947583
0.31898693596217037
0.31898693596217037
0.3190670834335177
0.31922737837621223
0.31922737837621223
0.3193876733189068
0.3193876733189068
0.31954796826160137
0.31962811573294864
0.3197082632042959
0.3197884106756432
0.3197884106756432
0.32002885308968504
0.3201090005610323
0.3201891480323796
0.3201891480323796
0.32026929550372685
0.3203494429750741
0.3205097379177687
0.3205097379177687
0.3205097379177687
0.3205097379177687
0.3205097379177687
0.3205097379177687
0.3205097379177687
0.3205097379177687
0.320589885389116
0.32067003286046325
0.3207501803318105
0.3207501803318105
0.3207501803318105
0.3208303278031578
0.3209906227458524
0.32107077021719965
0.32107077021719965
0.32107077021719965
0.3211509176885469
0.32131121263124146
0.32131121263124146
0.32131121263124146
0.3213913601025888
0.3213913601025888
0.3213913601025888
0.3213913601025888
0.3213913601025888
0.3213913601025888
0.32147150757393606
0.3216318025166306
0.3216318025166306
0.32179209745932513
0.32187224493067246
0.32187224493067246
0.32187224493067246
0.3219523924020197
0.3219523924020197
0.3219523924020197
0.3219523924020197
0.322032539873367
0.32219283481606154
0.32219283481606154
0.3222729822874088
0.3224332772301034
0.32251342470145067
0.32251342470145067
0.32259357217279794
0.3226737196441452
0.3226737196441452
0.3226737196441452
0.32275386711549253
0.3228340145868398
0.32291416205818707
0.32291416205818707
0.32291416205818707
0.32291416205818707
0.32291416205818707
0.32291416205818707
0.3230744570008816
0.3230744570008816
0.3230744570008816
0.3230744570008816
0.3231546044722289
0.3233148994149235
0.32339504688627074
0.32339504688627074
0.32339504688627074
0.323475194357618
0.323475194357618
0.323475194357618
0.323475194357618
0.323475194357618
0.323475194357618
0.323475194357618
0.32363548930031255
0.32363548930031255
0.32379578424300715
0.3238759317143544
0.32403622665704895
0.32403622665704895
0.32419652159974355
0.32419652159974355
0.32419652159974355
0.3243568165424381
0.32443696401378536
0.3245171114851326
0.3245171114851326
0.3245171114851326
0.32459725895647995
0.3247575538991745
0.32491784884186903
0.3251582912559109
0.3251582912559109
0.32531858619860543
0.32531858619860543
0.32531858619860543
0.32531858619860543
0.32531858619860543
0.3253987336699527
0.32547888114129997
0.32547888114129997
0.3255590286126473
0.32571932355534183
0.3257994710266891
0.32587961849803637
0.32587961849803637
0.32587961849803637
0.32587961849803637
0.32595976596938364
0.32603991344073097
0.32612006091207824
0.3262002083834255
0.3262002083834255
0.32636050332612004
0.3264406507974673
0.32652079826881464
0.32652079826881464
0.32652079826881464
0.32652079826881464
0.3266009457401619
0.3266810932115092
0.3266810932115092
0.32676124068285645
0.32676124068285645
0.32676124068285645
0.32676124068285645
0.3268413881542037
0.3268413881542037
0.3268413881542037
0.32692153562555104
0.3270016830968983
0.3270016830968983
0.3270818305682456
0.32716197803959285
0.32716197803959285
0.3272421255109401
0.3272421255109401
0.3272421255109401
0.3272421255109401
0.3273222729822874
0.3273222729822874
0.3274024204536347
0.327482567924982
0.327482567924982
0.3276428628676765
0.3277230103390238
0.3278833052817184
0.32796345275306565
0.32820389516710746
0.32828404263845473
0.32836419010980206
0.32836419010980206
0.32836419010980206
0.32836419010980206
0.32860463252384386
0.32860463252384386
0.3287649274665384
0.3287649274665384
0.32884507493788573
0.32924581229462213
0.3293259597659694
0.3293259597659694
0.3293259597659694
0.3293259597659694
0.3293259597659694
0.3293259597659694
0.3293259597659694
0.3293259597659694
0.3293259597659694
0.3293259597659694
0.3293259597659694
0.3293259597659694
0.32940610723731667
0.32948625470866394
0.32948625470866394
0.3295664021800112
0.3295664021800112
0.3295664021800112
0.3295664021800112
0.3295664021800112
0.3295664021800112
0.3296465496513585
0.3297266971227058
0.3297266971227058
0.3297266971227058
0.32988699206540034
0.3299671395367476
0.3299671395367476
0.3299671395367476
0.3299671395367476
0.3300472870080949
0.3300472870080949
0.3302075819507895
0.33028772942213674
0.33028772942213674
0.33028772942213674
0.330367876893484
0.330367876893484
0.330367876893484
0.3304480243648313
0.3304480243648313
0.33052817183617855
0.33052817183617855
0.33052817183617855
0.33052817183617855
0.33052817183617855
0.33052817183617855
0.3306083193075258
0.33068846677887315
0.3307686142502204
0.3308487617215677
0.33092890919291496
0.33092890919291496
0.33092890919291496
0.33092890919291496
0.33092890919291496
0.33092890919291496
0.33092890919291496
0.33092890919291496
0.3310090566642622
0.3310892041356095
0.3310892041356095
0.3310892041356095
0.3310892041356095
0.3310892041356095
0.3310892041356095
0.3310892041356095
0.3311693516069568
0.3311693516069568
0.3311693516069568
0.3311693516069568
0.3311693516069568
0.3311693516069568
0.3311693516069568
0.3311693516069568
0.3312494990783041
0.3312494990783041
0.3312494990783041
0.3312494990783041
0.3314097940209986
0.3314097940209986
0.3314899414923459
0.3314899414923459
0.3314899414923459
0.3316502364350405
0.3316502364350405
0.3316502364350405
0.3316502364350405
0.3316502364350405
0.33173038390638776
0.33181053137773503
0.3318906788490823
0.3318906788490823
0.3318906788490823
0.3318906788490823
0.33197082632042957
0.33197082632042957
0.33197082632042957
0.3320509737917769
0.3320509737917769
0.3320509737917769
0.3320509737917769
0.33213112126312416
0.33213112126312416
0.33213112126312416
0.33213112126312416
0.33221126873447143
0.33221126873447143
0.33221126873447143
0.33221126873447143
0.3322914162058187
0.33237156367716597
0.33237156367716597
0.33237156367716597
0.33237156367716597
0.33237156367716597
0.33237156367716597
0.33245171114851324
0.33245171114851324
0.33245171114851324
0.33245171114851324
0.33245171114851324
0.33245171114851324
0.33245171114851324
0.33245171114851324
0.33245171114851324
0.33245171114851324
0.33253185861986057
0.33253185861986057
0.33253185861986057
0.33261200609120783
0.33261200609120783
0.33261200609120783
0.3327723010339024
0.3327723010339024
0.3327723010339024
0.3327723010339024
0.33285244850524964
0.3329325959765969
0.3329325959765969
0.3329325959765969
0.3330928909192915
0.3330928909192915
0.3330928909192915
0.3330928909192915
0.3330928909192915
0.3330928909192915
