0.009777991504368037
0.015628756912719404
0.019555983008736073
0.021158932435681656
0.02236114450589084
0.027490582672116695
0.031818546124869763
0.03582591969223371
0.03911196601747215
0.040795062915765005
0.04135609521519596
0.04183698004327963
0.04231786487136331
0.042638454756752424
0.0427186022280997
0.04303919211348882
0.043600224412919775
0.044241404183698006
0.04472228901178168
0.044962731425823514
0.045603911196601746
0.045924501081990865
0.0465656808527691
0.04680612326681093
0.04720686062354733
0.04784804039432556
0.048088482808367396
0.04856936763645107
0.04897010499318746
0.0492105474072293
0.04945098982127114
0.05001202212070209
0.050092169592049374
0.05033261200609121
0.050412759477438486
0.05065320189148032
0.05169511901899495
0.052095856375731345
0.05217600384707863
0.05249659373246774
0.052737036146509576
0.053057626031898696
0.05329806844594053
0.053618658331329644
0.053778953274024204
0.05393924821671876
0.05401939568806604
0.05409954315941332
0.05450028051614972
0.05450028051614972
0.054740722930191554
0.05498116534423339
0.0553017552296225
0.05562234511501162
0.05562234511501162
0.05586278752905346
0.05602308247174802
0.05618337741444258
0.05634367235713713
0.05666426224252625
0.057064999599262645
0.05730544201330448
0.05762603189869359
0.05778632684138815
0.05802676925542999
0.05810691672677727
0.058427506612166384
0.05866794902620822
0.05882824396890278
0.0591488338542919
0.059228981325639175
0.05930912879698645
0.059549571211028295
0.05962971868237557
0.05979001362507013
0.06003045603911197
0.0602708984531538
0.06059148833854292
0.060751783281237474
0.060912078223932034
0.06099222569527932
0.06123266810932115
0.06131281558066843
0.061392963052015706
0.061713552937404825
0.0617937004087521
0.0617937004087521
0.06195399535144666
0.06203414282279394
0.0621944377654885
0.06243488017953033
0.06243488017953033
0.06251502765087762
0.06267532259357217
0.06275547006491945
0.06275547006491945
0.06283561753626674
0.062915765007614
0.06331650236435041
0.0637172397210868
0.0637172397210868
0.0637172397210868
0.06387753466378136
0.06395768213512863
0.06403782960647592
0.0641179770778232
0.06419812454917047
0.06435841949186503
0.06459886190590687
0.06475915684860142
0.06491945179129599
0.06499959926264326
0.06507974673399054
0.06532018914803238
0.06532018914803238
0.06540033661937966
0.06540033661937966
0.06540033661937966
0.06548048409072693
0.06548048409072693
0.06572092650476878
0.06580107397611605
0.06596136891881062
0.06604151639015789
0.06612166386150517
0.06620181133285245
0.06628195880419972
0.06628195880419972
0.06628195880419972
0.066362106275547
0.06660254868958884
0.06660254868958884
0.06668269616093613
0.06692313857497796
0.06708343351767251
0.06708343351767251
0.0671635809890198
0.06724372846036708
0.06756431834575619
0.06764446581710347
0.06764446581710347
0.06772461328845075
0.06780476075979802
0.0678849082311453
0.06796505570249259
0.06812535064518714
0.06828564558788171
0.06844594053057626
0.06844594053057626
0.06860623547327081
0.06892682535865993
0.06900697283000722
0.06900697283000722
0.06924741524404905
0.06932756271539633
0.06932756271539633
0.06948785765809089
0.06948785765809089
0.06956800512943817
0.06972830007213272
0.06996874248617456
0.07028933237156368
0.0706099222569528
0.0706099222569528
0.07085036467099463
0.0709305121423419
0.07109080708503647
0.07109080708503647
0.0713312494990783
0.0713312494990783
0.07157169191312014
0.07157169191312014
0.07165183938446743
0.07165183938446743
0.0717319868558147
0.07197242926985653
0.07205257674120381
0.07205257674120381
0.0721327242125511
0.07229301915524565
0.07229301915524565
0.07237316662659293
0.07245331409794022
0.07253346156928749
0.07261360904063477
0.07261360904063477
0.07269375651198205
0.07277390398332932
0.07277390398332932
0.07293419892602389
0.073254788811413
0.07341508375410756
0.07349523122545484
0.0736555261681494
0.07381582111084395
0.07405626352488578
0.07405626352488578
0.07405626352488578
0.07413641099623307
0.07413641099623307
0.07421655846758035
0.07421655846758035
0.07429670593892762
0.07429670593892762
0.07453714835296947
0.07461729582431674
0.0747775907670113
0.07485773823835858
0.07509818065240041
0.07509818065240041
0.0751783281237477
0.07525847559509498
0.07525847559509498
0.07533862306644225
0.07541877053778953
0.07541877053778953
0.07549891800913681
0.07573936042317865
0.07581950789452593
0.07597980283722049
0.07614009777991504
0.07614009777991504
0.07638054019395688
0.07654083513665144
0.07662098260799871
0.07662098260799871
0.076701130079346
0.07678127755069328
0.07686142502204056
0.07702171996473511
0.07718201490742967
0.07734230985012423
0.07758275226416607
0.07758275226416607
0.07758275226416607
0.07774304720686062
0.07774304720686062
0.07774304720686062
0.07790334214955519
0.07806363709224974
0.07814378456359702
0.07814378456359702
0.07846437444898613
0.07886511180572253
0.07894525927706982
0.07902540674841708
0.07902540674841708
0.0793459966338062
0.0793459966338062
0.07966658651919532
0.07974673399054259
0.07998717640458443
0.080147471347279
0.08022761881862628
0.08038791376132083
0.08054820870401538
0.08062835617536267
0.08078865111805722
0.08094894606075179
0.0812695359461409
0.0812695359461409
0.08159012583153001
0.08159012583153001
0.0816702733028773
0.0816702733028773
0.08175042077422458
0.08191071571691913
0.08199086318826641
0.08207101065961368
0.08207101065961368
0.08215115813096097
0.08231145307365553
0.08247174801635009
0.08271219043039192
0.08287248537308647
0.08303278031578104
0.08327322272982288
0.08327322272982288
0.08343351767251743
0.08351366514386471
0.08375410755790655
0.0839144025006011
0.0839144025006011
0.08399454997194838
0.08399454997194838
0.08399454997194838
0.08399454997194838
0.08407469744329567
0.08407469744329567
0.08423499238599022
0.08463572974272662
0.08479602468542118
0.0851166145708103
0.0851166145708103
0.08527690951350485
0.0854372044561994
0.08559749939889397
0.0858379418129358
0.08615853169832492
0.08623867916967219
0.08623867916967219
0.08639897411236676
0.08647912158371403
0.08655926905506131
0.08655926905506131
0.08704015388314498
0.08712030135449227
0.08728059629718682
0.08728059629718682
0.08728059629718682
0.08768133365392322
0.08784162859661777
0.08784162859661777
0.08808207101065961
0.08824236595335418
0.08840266089604873
0.08856295583874328
0.08880339825278512
0.0888835457241324
0.0888835457241324
0.08896369319547968
0.08896369319547968
0.0892842830808688
0.0892842830808688
0.0892842830808688
0.08952472549491064
0.08960487296625791
0.08960487296625791
0.08968502043760519
0.08984531538029975
0.09016590526568886
0.09032620020838343
0.09048649515107798
0.09064679009377254
0.09072693756511982
0.09072693756511982
0.0908070850364671
0.09088723250781437
0.09096737997916166
0.09104752745050894
0.09112767492185622
0.09128796986455077
0.09136811733589806
0.09176885469263445
0.09184900216398173
0.09200929710667628
0.09216959204937085
0.0923298869920654
0.09241003446341269
0.09249018193475995
0.09265047687745452
0.09297106676284363
0.09305121423419091
0.09329165664823275
0.09337180411958003
0.09353209906227458
0.09361224653362187
0.0938526889476637
0.09401298389035825
0.09409313136170554
0.09409313136170554
0.09449386871844194
0.09489460607517833
0.09489460607517833
0.09497475354652561
0.09505490101787288
0.09505490101787288
0.09513504848922016
0.09513504848922016
0.09521519596056745
0.095375490903262
0.09545563837460928
0.09553578584595657
0.0957762282599984
0.09593652320269296
0.09593652320269296
0.09617696561673479
0.09625711308808207
0.09649755550212391
0.09673799791616575
0.0968982928588603
0.0968982928588603
0.0968982928588603
0.09697844033020758
0.0972990302155967
0.09753947262963854
0.09802035745772221
0.09810050492906949
0.09810050492906949
0.09810050492906949
0.09810050492906949
0.09818065240041676
0.09834094734311133
0.09850124228580588
0.09866153722850043
0.098821832171195
0.09890197964254228
0.09898212711388955
0.09898212711388955
0.09898212711388955
0.09922256952793139
0.09922256952793139
0.09930271699927867
0.09938286447062596
0.09938286447062596
0.09962330688466779
0.09978360182736234
0.09978360182736234
0.09986374929870963
0.09994389677005691
0.09994389677005691
0.09994389677005691
0.09994389677005691
0.09994389677005691
0.10018433918409875
0.10026448665544602
0.10058507654083514
0.10066522401218242
0.10066522401218242
0.10090566642622426
0.10098581389757152
0.10106596136891881
0.10114610884026609
0.10122625631161337
0.10146669872565521
0.10154684619700248
0.10170714113969705
0.10178728861104432
0.1018674360823916
0.1018674360823916
0.1018674360823916
0.10194758355373888
0.10194758355373888
0.10194758355373888
0.10202773102508615
0.10210787849643344
0.10218802596778072
0.10218802596778072
0.102268173439128
0.10258876332451711
0.10258876332451711
0.10258876332451711
0.10266891079586439
0.10266891079586439
0.10274905826721167
0.10282920573855894
0.10282920573855894
0.10298950068125351
0.10306964815260078
0.10306964815260078
0.10306964815260078
0.10322994309529535
0.10322994309529535
0.10347038550933718
0.10363068045203173
0.10387112286607357
0.10387112286607357
0.10387112286607357
0.10387112286607357
0.10387112286607357
0.10403141780876814
0.1041115652801154
0.1041115652801154
0.1041115652801154
0.10419171275146269
0.10427186022280997
0.10427186022280997
0.10427186022280997
0.10443215516550453
0.10467259757954636
0.10475274505089364
0.10483289252224093
0.1049130399935882
0.10507333493628276
0.10523362987897732
0.1053137773503246
0.10547407229301915
0.10547407229301915
0.10547407229301915
0.10547407229301915
0.10547407229301915
0.10555421976436644
0.10555421976436644
0.10563436723571372
0.10571451470706099
0.10579466217840827
0.10579466217840827
0.10587480964975556
0.10587480964975556
0.10595495712110282
0.10595495712110282
0.10603510459245011
0.10603510459245011
0.10619539953514466
0.10619539953514466
0.10619539953514466
0.10619539953514466
0.10635569447783923
0.10651598942053378
0.10659613689188106
0.10667628436322835
0.1068365793059229
0.10707702171996474
0.10723731666265929
0.10747775907670112
0.10755790654804841
0.10763805401939569
0.10763805401939569
0.10763805401939569
0.10763805401939569
0.10771820149074297
0.10787849643343753
0.10795864390478481
0.10795864390478481
0.10795864390478481
0.10803879137613208
0.10811893884747936
0.10827923379017391
0.10827923379017391
0.10827923379017391
0.1083593812615212
0.1083593812615212
0.1083593812615212
0.1083593812615212
0.1083593812615212
0.1083593812615212
0.1083593812615212
0.1083593812615212
0.1083593812615212
0.10851967620421575
0.10859982367556303
0.10859982367556303
0.10884026608960487
0.10916085597499399
0.10916085597499399
0.10916085597499399
0.10932115091768854
0.10932115091768854
0.10932115091768854
0.10940129838903583
0.10948144586038311
0.10948144586038311
0.10948144586038311
0.10956159333173038
0.10972188827442494
0.1098821832171195
0.1098821832171195
0.10996233068846678
0.11004247815981406
0.11004247815981406
0.11020277310250862
0.1102829205738559
0.1102829205738559
0.11044321551655045
0.11052336298789774
0.11052336298789774
0.11052336298789774
0.11052336298789774
0.11068365793059229
0.11076380540193957
0.11076380540193957
0.11084395287328684
0.11092410034463412
0.11092410034463412
0.11100424781598141
0.11100424781598141
0.11100424781598141
0.11108439528732869
0.11108439528732869
0.11108439528732869
0.11116454275867596
0.1114049851727178
0.1114049851727178
0.11148513264406508
0.11148513264406508
0.11148513264406508
0.11156528011541236
0.11172557505810692
0.11188587000080147
0.11204616494349603
0.11204616494349603
0.11212631241484332
0.11212631241484332
0.11220645988619059
0.11228660735753787
0.11228660735753787
0.11228660735753787
0.11228660735753787
0.11236675482888515
0.11236675482888515
0.11236675482888515
0.1125270497715797
0.11260719724292699
0.11268734471427426
0.11268734471427426
0.11276749218562154
0.11276749218562154
0.11300793459966338
0.11316822954235795
0.11324837701370521
0.11324837701370521
0.1133285244850525
0.1133285244850525
0.11356896689909433
0.11356896689909433
0.11364911437044162
0.11364911437044162
0.11364911437044162
0.11364911437044162
0.11364911437044162
0.11364911437044162
0.11364911437044162
0.11364911437044162
0.11364911437044162
0.11380940931313617
0.11388955678448345
0.11388955678448345
0.11412999919852529
0.11412999919852529
0.11412999919852529
0.11412999919852529
0.11421014666987256
0.11421014666987256
0.11421014666987256
0.11429029414121984
0.11437044161256713
0.11445058908391441
0.11445058908391441
0.11453073655526168
0.11461088402660896
0.11477117896930351
0.11477117896930351
0.11493147391199808
0.11493147391199808
0.11501162138334535
0.11501162138334535
0.11509176885469263
0.11509176885469263
0.11509176885469263
0.11509176885469263
0.11509176885469263
0.11517191632603992
0.11517191632603992
0.11517191632603992
0.11517191632603992
0.11517191632603992
0.11517191632603992
0.11517191632603992
0.11533221126873447
0.11533221126873447
0.11541235874008175
0.11541235874008175
0.11541235874008175
0.11541235874008175
0.11549250621142904
0.11565280115412359
0.11573294862547087
0.11573294862547087
0.11573294862547087
0.11573294862547087
0.11573294862547087
0.11573294862547087
0.11573294862547087
0.11573294862547087
0.11581309609681814
0.11589324356816542
0.11589324356816542
0.11597339103951271
0.11605353851085998
0.11605353851085998
0.11605353851085998
0.11605353851085998
0.11605353851085998
0.11613368598220726
0.11613368598220726
0.11621383345355454
0.11621383345355454
0.1163741283962491
0.1163741283962491
0.11645427586759638
0.11645427586759638
0.11653442333894366
0.11653442333894366
0.11653442333894366
0.1167748657529855
0.1167748657529855
0.11685501322433277
0.11693516069568005
0.11693516069568005
0.11693516069568005
0.11701530816702733
0.1170954556383746
0.1170954556383746
0.1170954556383746
0.1170954556383746
0.11717560310972189
0.11717560310972189
0.11725575058106917
0.11733589805241644
0.11733589805241644
0.11741604552376372
0.11741604552376372
0.11741604552376372
0.117496192995111
0.117496192995111
0.11757634046645829
0.11765648793780556
0.11765648793780556
0.11765648793780556
0.11773663540915284
0.11773663540915284
0.11773663540915284
0.11781678288050013
0.11781678288050013
0.11805722529454196
0.11805722529454196
0.11813737276588923
0.11821752023723651
0.11821752023723651
0.11821752023723651
0.1182976677085838
0.1182976677085838
0.11837781517993107
0.11837781517993107
0.11837781517993107
0.11837781517993107
0.11837781517993107
0.11837781517993107
0.11837781517993107
0.11837781517993107
0.11837781517993107
0.11837781517993107
0.11845796265127835
0.11845796265127835
0.11845796265127835
0.11845796265127835
0.11845796265127835
0.11845796265127835
0.11845796265127835
0.11845796265127835
0.11853811012262563
0.11853811012262563
0.11853811012262563
0.1186182575939729
0.1186182575939729
0.1186182575939729
0.1186182575939729
0.11869840506532019
0.11877855253666747
0.11885870000801475
0.11885870000801475
0.11885870000801475
0.11885870000801475
0.11885870000801475
0.11885870000801475
0.11885870000801475
0.11885870000801475
0.11885870000801475
0.11885870000801475
0.1190189949507093
0.1190189949507093
0.1190189949507093
0.11909914242205659
0.11917928989340386
0.11917928989340386
0.11917928989340386
0.11917928989340386
0.11917928989340386
0.11925943736475114
0.11933958483609843
0.11933958483609843
0.11933958483609843
0.11933958483609843
0.1194197323074457
0.1194197323074457
0.1194197323074457
0.1194197323074457
0.1194197323074457
0.11949987977879298
0.11949987977879298
0.11949987977879298
0.11949987977879298
0.11949987977879298
0.11966017472148753
0.11974032219283481
0.11974032219283481
0.11990061713552938
0.11998076460687665
0.11998076460687665
0.11998076460687665
0.11998076460687665
0.11998076460687665
0.11998076460687665
0.11998076460687665
0.11998076460687665
0.11998076460687665
0.11998076460687665
0.12006091207822393
0.12006091207822393
0.12006091207822393
0.12006091207822393
0.12006091207822393
0.12006091207822393
0.12006091207822393
0.12006091207822393
0.12006091207822393
0.12030135449226577
0.12030135449226577
0.12030135449226577
0.12030135449226577
0.12046164943496032
0.12046164943496032
0.12046164943496032
0.1205417969063076
0.1205417969063076
0.1205417969063076
0.12062194437765489
0.12062194437765489
0.12062194437765489
0.12062194437765489
0.12070209184900216
0.12070209184900216
0.12070209184900216
0.12070209184900216
0.12070209184900216
0.12078223932034944
0.12078223932034944
0.12086238679169672
0.12086238679169672
0.12094253426304401
0.12094253426304401
0.12102268173439128
0.12110282920573856
0.12110282920573856
0.12110282920573856
0.12110282920573856
0.12110282920573856
0.12110282920573856
0.12118297667708584
0.12118297667708584
0.12118297667708584
0.12118297667708584
0.1213432716197804
0.12142341909112768
0.12142341909112768
0.12150356656247495
0.12158371403382223
0.12158371403382223
0.12158371403382223
0.12158371403382223
0.12158371403382223
0.12158371403382223
0.12166386150516952
0.12166386150516952
0.12166386150516952
0.12166386150516952
0.12174400897651678
0.12182415644786407
0.12182415644786407
0.12182415644786407
0.12182415644786407
0.12190430391921135
0.12190430391921135
0.1220645988619059
0.1220645988619059
0.1220645988619059
0.12214474633325319
0.12214474633325319
0.12230504127594774
0.12230504127594774
0.12238518874729502
0.12238518874729502
0.12238518874729502
0.12254548368998958
0.12254548368998958
0.12262563116133686
0.12262563116133686
0.12278592610403141
0.12278592610403141
0.12278592610403141
0.12294622104672598
0.12294622104672598
0.12302636851807325
0.12302636851807325
0.12310651598942053
0.12310651598942053
0.12310651598942053
0.12310651598942053
0.12310651598942053
0.12310651598942053
0.12310651598942053
0.12310651598942053
0.12310651598942053
0.12318666346076781
0.12318666346076781
0.12318666346076781
0.12318666346076781
0.12318666346076781
0.1232668109321151
0.1232668109321151
0.1232668109321151
0.1232668109321151
0.1232668109321151
0.1232668109321151
0.1232668109321151
0.1232668109321151
0.1232668109321151
0.1232668109321151
0.12342710587480965
0.12342710587480965
0.12342710587480965
0.12342710587480965
0.12342710587480965
0.12342710587480965
0.12342710587480965
0.12342710587480965
0.12350725334615693
0.1235874008175042
0.1235874008175042
0.1235874008175042
0.1235874008175042
0.1235874008175042
0.1235874008175042
0.1235874008175042
0.1235874008175042
0.1235874008175042
0.1235874008175042
0.1235874008175042
0.1235874008175042
0.1235874008175042
0.1235874008175042
0.1235874008175042
0.1235874008175042
0.1235874008175042
0.1235874008175042
0.12374769576019877
0.12374769576019877
0.12374769576019877
0.12374769576019877
0.12382784323154604
0.12382784323154604
0.12382784323154604
0.12382784323154604
0.12382784323154604
0.12382784323154604
0.12382784323154604
0.12382784323154604
0.12382784323154604
0.12382784323154604
0.12382784323154604
0.12382784323154604
0.12382784323154604
0.12382784323154604
0.12382784323154604
0.12382784323154604
0.12382784323154604
0.12382784323154604
0.12382784323154604
0.12382784323154604
0.12382784323154604
0.12382784323154604
0.12382784323154604
0.12390799070289332
0.12390799070289332
0.12390799070289332
0.12390799070289332
0.12390799070289332
0.1239881381742406
0.1239881381742406
0.1239881381742406
0.1239881381742406
0.1239881381742406
0.1239881381742406
0.1239881381742406
0.1239881381742406
0.1239881381742406
0.1316021479522321
0.1316021479522321
0.1316021479522321
0.1316021479522321
0.1316021479522321
0.1316021479522321
0.1316021479522321
0.1316021479522321
0.1316021479522321
0.1316822954235794
0.1316822954235794
0.1316822954235794
0.1316822954235794
0.1316822954235794
0.1316822954235794
0.1316822954235794
0.1316822954235794
0.1316822954235794
0.1316822954235794
0.1316822954235794
0.1316822954235794
0.1316822954235794
0.1316822954235794
0.1316822954235794
