0.01114049851727178
0.016830968982928587
0.030936923940049692
0.04816863027971467
0.057225294541957204
0.06339664983569768
0.0706099222569528
0.07686142502204056
0.08271219043039192
0.09016590526568886
0.10723731666265929
0.11805722529454196
0.12543079265849164
0.1288771339264246
0.1312014105954957
0.13408671956399776
0.14554780796665864
0.14819267452111887
0.15195960567444097
0.1545243247575539
0.15580668429911038
0.15748978119740323
0.15941332050973792
0.16197803959285084
0.1643824637332692
0.16582511821752025
0.16766851005850766
0.16999278672757875
0.17151558868317704
0.17335898052416446
0.1744008976516791
0.17488178247976277
0.17560310972188828
0.17616414202131922
0.17720605914883386
0.17824797627634847
0.17880900857577944
0.17961048328925222
0.18105313777350324
0.18209505490101788
0.18273623467179612
0.183858299270658
0.1843391840987417
0.18490021639817264
0.18650316582511822
0.18826641019475834
0.18906788490823115
0.1896289172076621
0.19010980203574576
0.19099142422056584
0.19139216157730224
0.1918730464053859
0.19243407870481685
0.19323555341828966
0.19339584836098422
0.1937965857177206
0.19411717560310973
0.19435761801715157
0.19475835537388794
0.1949186503165825
0.19515909273062435
0.19780395928508457
0.19820469664182094
0.1983649915845155
0.19844513905586278
0.19860543399855735
0.19900617135529375
0.19932676124068285
0.19948705618337742
0.1999679410114611
0.20004808848280836
0.20012823595415566
0.20044882583954476
0.20060912078223933
0.20092971066762844
0.201090005610323
0.20117015308167027
0.20125030055301754
0.20125030055301754
0.20157089043840667
0.20197162779514305
0.20229221768053218
0.2026128075659213
0.20269295503726859
0.20309369239400496
0.20325398733669953
0.2033341348080468
0.2033341348080468
0.20357457722208863
0.20389516710747776
0.2041356095215196
0.20421575699286687
0.2044561994069087
0.20469664182095054
0.20509737917768694
0.20533782159172878
0.20557826400577062
0.2060591488338543
0.20629959124789612
0.20654003366193796
0.20670032860463253
0.2071812134327162
0.2075018033181053
0.20766209826079987
0.20774224573214714
0.20782239320349444
0.20806283561753627
0.2083032780315781
0.20854372044561995
0.20862386791696721
0.20878416285966178
0.20886431033100905
0.20894445780235635
0.2091047527450509
0.20958563757313456
0.20958563757313456
0.2098260799871764
0.21014666987256553
0.21030696481526007
0.21030696481526007
0.21030696481526007
0.2105474072293019
0.21086799711469104
0.2109481445860383
0.2109481445860383
0.21150917688546927
0.2117496192995111
0.21182976677085838
0.21215035665624749
0.21247094654163662
0.2125510940129839
0.21263124148433116
0.21271138895567845
0.212871683898373
0.212871683898373
0.2129518313697203
0.21303197884106756
0.2132724212551094
0.2132724212551094
0.2133525687264567
0.21343271619780396
0.21351286366915123
0.21351286366915123
0.21359301114049853
0.21375330608319307
0.2140738959685822
0.21423419091127674
0.2143944858539713
0.2143944858539713
0.2143944858539713
0.2143944858539713
0.2143944858539713
0.21447463332531858
0.21455478079666587
0.21487537068205498
0.21487537068205498
0.21503566562474954
0.21519596056744408
0.21519596056744408
0.21535625551013865
0.21551655045283322
0.21567684539552778
0.2159974352809169
0.2159974352809169
0.21607758275226416
0.21607758275226416
0.21615773022361146
0.21615773022361146
0.21647832010900056
0.2167187625230424
0.2171194998797788
0.21727979482247334
0.2175202372365152
0.21760038470786247
0.21768053217920974
0.21800112206459887
0.21808126953594614
0.2182415644786407
0.21848200689268255
0.21872244930672438
0.21880259677807165
0.21888274424941892
0.21888274424941892
0.21888274424941892
0.21888274424941892
0.21888274424941892
0.21912318666346076
0.21952392402019716
0.21960407149154443
0.21968421896289173
0.2198445139055863
0.22000480884828083
0.2201651037909754
0.22024525126232267
0.22072613609040634
0.2208864310331009
0.22096657850444817
0.22104672597579547
0.22120702091849
0.22152761080387914
0.2216077582752264
0.22168790574657368
0.22168790574657368
0.22208864310331008
0.22232908551735192
0.2228099703454356
0.2228901178167829
0.22329085517351926
0.22329085517351926
0.2235312975875611
0.22377174000160294
0.22385188747295023
0.22401218241564477
0.22425262482968664
0.22441291977238118
0.22457321471507574
0.2247335096577703
0.22497395207181214
0.22521439448585398
0.22545483689989582
0.22553498437124309
0.22553498437124309
0.22553498437124309
0.22577542678528492
0.2262563116133686
0.2263364590847159
0.22649675402741043
0.226657048970105
0.226657048970105
0.22681734391279956
0.2270577863268414
0.22721808126953594
0.22729822874088323
0.2273783762122305
0.22753867115492507
0.22761881862627234
0.22785926104031418
0.228099703454356
0.22825999839705058
0.22850044081109241
0.22850044081109241
0.22850044081109241
0.22858058828243968
0.22874088322513425
0.22890117816782882
0.2289813256391761
0.22914162058187065
0.2293019155245652
0.22946221046725976
0.22946221046725976
0.22954235793860703
0.22954235793860703
0.2297026528813016
0.22978280035264886
0.22986294782399616
0.22986294782399616
0.230103390238038
0.23018353770938527
0.23034383265207983
0.23034383265207983
0.2304239801234271
0.2304239801234271
0.23058427506612167
0.23058427506612167
0.23074457000881624
0.23090486495151077
0.23098501242285807
0.2312254548368999
0.23130560230824718
0.231546044722289
0.23162619219363628
0.23170633966498358
0.23170633966498358
0.23186663460767812
0.23194678207902542
0.23210707702171995
0.23226737196441452
0.2323475194357618
0.2324276669071091
0.23250781437845636
0.23266810932115092
0.23266810932115092
0.23266810932115092
0.23266810932115092
0.23290855173519276
0.23290855173519276
0.23306884667788733
0.23338943656327643
0.23362987897731827
0.23371002644866554
0.23379017392001283
0.23379017392001283
0.23379017392001283
0.23379017392001283
0.23379017392001283
0.2338703213913601
0.23403061633405467
0.2341909112767492
0.2341909112767492
0.2342710587480965
0.23435120621944378
0.23451150116213834
0.23451150116213834
0.23451150116213834
0.23451150116213834
0.23475194357618018
0.23483209104752745
0.23483209104752745
0.234992385990222
0.234992385990222
0.23523282840426385
0.23531297587561112
0.23547327081830569
0.23571371323234752
0.2358740081750421
0.2358740081750421
0.2358740081750421
0.23595415564638936
0.23603430311773663
0.23627474553177846
0.23627474553177846
0.23635489300312576
0.23643504047447303
0.23643504047447303
0.2365151879458203
0.2365151879458203
0.2365151879458203
0.23667548288851487
0.23675563035986213
0.23699607277390397
0.23699607277390397
0.23707622024525127
0.23747695760198767
0.23755710507333494
0.23755710507333494
0.23755710507333494
0.23779754748737678
0.23787769495872405
0.23787769495872405
0.23795784243007134
0.23795784243007134
0.23795784243007134
0.23795784243007134
0.23795784243007134
0.23811813737276588
0.23811813737276588
0.2388394646148914
0.23899975955758596
0.23916005450028052
0.23916005450028052
0.23916005450028052
0.23940049691432236
0.23948064438566963
0.23956079185701692
0.23972108679971146
0.23972108679971146
0.2399615292137533
0.2400416766851006
0.24012182415644787
0.24052256151318427
0.24052256151318427
0.2406828564558788
0.2407630039272261
0.2407630039272261
0.2407630039272261
0.2407630039272261
0.24084315139857337
0.24100344634126794
0.2410835938126152
0.24116374128396248
0.24124388875530978
0.24140418369800432
0.24164462611204615
0.24188506852608802
0.24196521599743528
0.24212551094012985
0.2423659533541717
0.24252624829686623
0.24252624829686623
0.2426865432395608
0.2426865432395608
0.24276669071090806
0.24276669071090806
0.24292698565360263
0.24292698565360263
0.2430071331249499
0.2430872805962972
0.2430872805962972
0.2430872805962972
0.2430872805962972
0.2430872805962972
0.24316742806764446
0.24332772301033903
0.24332772301033903
0.24332772301033903
0.24332772301033903
0.24348801795303357
0.24348801795303357
0.24356816542438087
0.24356816542438087
0.24356816542438087
0.24356816542438087
0.2437284603670754
0.2437284603670754
0.2437284603670754
0.24388875530976997
0.24396890278111727
0.24404905025246454
0.2442093451951591
0.24444978760920094
0.24444978760920094
0.2445299350805482
0.24477037749459005
0.24477037749459005
0.2449306724372846
0.24509096737997915
0.24509096737997915
0.24517111485132645
0.24517111485132645
0.24525126232267372
0.24525126232267372
0.24525126232267372
0.245331409794021
0.24549170473671555
0.24549170473671555
0.24557185220806282
0.24557185220806282
0.24565199967941012
0.24565199967941012
0.2457321471507574
0.24589244209345196
0.2460527370361465
0.2461328845074938
0.24621303197884106
0.24621303197884106
0.24621303197884106
0.24661376933557747
0.24669391680692473
0.24677406427827203
0.2468542117496193
0.2468542117496193
0.2468542117496193
0.24709465416366114
0.2471748016350084
0.2472549491063557
0.24749539152039754
0.2475755389917448
0.2475755389917448
0.24765568646309208
0.24781598140578665
0.2479762763484812
0.2479762763484812
0.2479762763484812
0.2479762763484812
0.2479762763484812
0.2479762763484812
0.2479762763484812
0.24805642381982848
0.24805642381982848
0.24805642381982848
0.24805642381982848
0.24813657129117575
0.24821671876252305
0.24829686623387032
0.24829686623387032
0.24829686623387032
0.24845716117656488
0.24845716117656488
0.24861745611925945
0.248777751061954
0.248777751061954
0.24885789853330129
0.24885789853330129
0.24885789853330129
0.24901819347599582
0.24909834094734312
0.24909834094734312
0.24909834094734312
0.24909834094734312
0.24909834094734312
0.24909834094734312
0.24909834094734312
0.2491784884186904
0.24925863589003766
0.24933878336138496
0.24941893083273223
0.24965937324677406
0.24973952071812133
0.24981966818946863
0.24981966818946863
0.2498998156608159
0.2503005530175523
0.2503005530175523
0.2503807004888996
0.25046084796024687
0.25046084796024687
0.25054099543159414
0.25054099543159414
0.25054099543159414
0.2506211429029414
0.2506211429029414
0.2507012903742887
0.25086158531698327
0.2510218802596778
0.2511020277310251
0.25118217520237235
0.2512623226737196
0.2512623226737196
0.2512623226737196
0.25134247014506694
0.25134247014506694
0.25134247014506694
0.2514226176164142
0.2515027650877615
0.251663060030456
0.251663060030456
0.251663060030456
0.251663060030456
0.2518233549731506
0.2519035024444979
0.2521439448585397
0.2521439448585397
0.25262482968662336
0.25278512462931796
0.2529454195720125
0.2529454195720125
0.25302556704335977
0.25302556704335977
0.25310571451470704
0.25310571451470704
0.25318586198605436
0.25326600945740163
0.25326600945740163
0.2535865993427907
0.2537468942854853
0.2537468942854853
0.25382704175683257
0.25382704175683257
0.2539873366995271
0.2541476316422217
0.2541476316422217
0.254227779113569
0.2543880740562635
0.2543880740562635
0.2543880740562635
0.2545483689989581
0.2546285164703054
0.2546285164703054
0.2546285164703054
0.2546285164703054
0.25470866394165265
0.2548689588843472
0.2548689588843472
0.2548689588843472
0.2550292538270418
0.25510940129838905
0.2551895487697363
0.2551895487697363
0.2551895487697363
0.2552696962410836
0.25551013865512545
0.25551013865512545
0.2555902861264727
0.25583072854051453
0.2559108760118618
0.25615131842590366
0.25615131842590366
0.25615131842590366
0.2564719083112928
0.2564719083112928
0.25655205578264006
0.25663220325398733
0.2567924981966819
0.2567924981966819
0.2568726456680292
0.2568726456680292
0.25703294061072374
0.257113088082071
0.257113088082071
0.25727338302476555
0.25727338302476555
0.25727338302476555
0.25735353049611287
0.25735353049611287
0.25735353049611287
0.25735353049611287
0.25735353049611287
0.25735353049611287
0.25735353049611287
0.25735353049611287
0.25743367796746014
0.25767412038150195
0.25767412038150195
0.2577542678528492
0.2577542678528492
0.2579947102668911
0.25807485773823835
0.25807485773823835
0.25807485773823835
0.25807485773823835
0.2581550052095856
0.25847559509497475
0.25847559509497475
0.258555742566322
0.2586358900376693
0.2586358900376693
0.2586358900376693
0.2586358900376693
0.2586358900376693
0.2587160375090166
0.2587160375090166
0.2587961849803639
0.25887633245171116
0.25887633245171116
0.2589564799230584
0.2589564799230584
0.2590366273944057
0.2590366273944057
0.25911677486575296
0.2591969223371003
0.2593572172797948
0.25951751222248937
0.25951751222248937
0.25959765969383664
0.2598381021078785
0.2598381021078785
0.25991824957922577
0.2600785445219203
0.26015869199326763
0.26031898693596217
0.26031898693596217
0.26039913440730944
0.26055942935000403
0.2606395768213513
0.2607197242926986
0.2608800192353931
0.2610403141780877
0.26120060912078225
0.26120060912078225
0.2613609040634768
0.2615211990061714
0.26160134647751865
0.26184178889156046
0.26184178889156046
0.26200208383425505
0.26224252624829686
0.26232267371964413
0.2624028211909914
0.2624028211909914
0.2624028211909914
0.26264326360503326
0.2628035585477278
0.2628837060190751
0.2629638534904224
0.26304400096176966
0.2632042959044642
0.2633645908471588
0.26352488578985334
0.2636050332612006
0.26376532820389514
0.26392562314658974
0.26416606556063155
0.2642462130319788
0.2642462130319788
0.26456680291736795
0.26456680291736795
0.2646469503887152
0.2646469503887152
0.2648072453314098
0.2648873928027571
0.2648873928027571
0.2648873928027571
0.26496754027410435
0.26496754027410435
0.26496754027410435
0.2650476877454516
0.2650476877454516
0.2651278352167989
0.2652881301594935
0.2652881301594935
0.2652881301594935
0.2652881301594935
0.2652881301594935
0.2652881301594935
0.2652881301594935
0.26536827763084075
0.265448425102188
0.265448425102188
0.26560872004488256
0.26560872004488256
0.2656888675162299
0.26576901498757716
0.26576901498757716
0.26616975234431356
0.26616975234431356
0.2663300472870081
0.2663300472870081
0.26641019475835537
0.2665704897010499
0.2665704897010499
0.2667307846437445
0.26681093211509177
0.2669712270577863
0.2669712270577863
0.2670513745291336
0.2670513745291336
0.2670513745291336
0.2671315220004809
0.2671315220004809
0.2671315220004809
0.2671315220004809
0.2672116694718282
0.2672116694718282
0.2672116694718282
0.2673719644145227
0.2673719644145227
0.2673719644145227
0.2673719644145227
0.2675322593572173
0.2675322593572173
0.2675322593572173
0.2675322593572173
0.2675322593572173
0.26769255429991184
0.26769255429991184
0.26769255429991184
0.26769255429991184
0.26769255429991184
0.2677727017712591
0.2677727017712591
0.26793299671395365
0.26793299671395365
0.26793299671395365
0.26793299671395365
0.268013144185301
0.268013144185301
0.268013144185301
0.268013144185301
0.26809329165664825
0.26809329165664825
0.2681734391279955
0.2681734391279955
0.2681734391279955
0.2682535865993428
0.26833373407069006
0.26833373407069006
0.26833373407069006
0.2684138815420373
0.26849402901338465
0.26849402901338465
0.26849402901338465
0.26849402901338465
0.2685741764847319
0.2685741764847319
0.2685741764847319
0.26873447142742646
0.2688146188987737
0.2688146188987737
0.268894766370121
0.268894766370121
0.2689749138414683
0.2689749138414683
0.2689749138414683
0.2689749138414683
0.2689749138414683
0.2689749138414683
0.2690550613128156
0.2690550613128156
0.2690550613128156
0.2690550613128156
0.2690550613128156
0.2690550613128156
0.26913520878416286
0.26913520878416286
0.26921535625551013
0.2692955037268574
0.2692955037268574
0.2692955037268574
0.2692955037268574
0.26953594614089926
0.26961609361224653
0.2696962410835938
0.2698565360262884
0.2698565360262884
0.2698565360262884
0.2698565360262884
0.26993668349763567
0.26993668349763567
0.2700969784403302
0.2700969784403302
0.2701771259116775
0.27025727338302474
0.27025727338302474
0.27033742085437207
0.27041756832571934
0.27081830568245574
0.270898453153803
0.27105874809649755
0.2711388955678448
0.2712190430391921
0.2712991905105394
0.2712991905105394
0.2712991905105394
0.2712991905105394
0.27145948545323395
0.2715396329245812
0.2715396329245812
0.2719403702813176
0.2720205177526649
0.2720205177526649
0.27210066522401216
0.27210066522401216
0.27210066522401216
0.27210066522401216
0.2721808126953595
0.2721808126953595
0.27226096016670676
0.27226096016670676
0.27226096016670676
0.2724212551094013
0.2724212551094013
0.2724212551094013
0.2724212551094013
0.2724212551094013
0.27258155005209583
0.27274184499479043
0.27274184499479043
0.27274184499479043
0.27290213993748497
0.27298228740883224
0.2730624348801795
0.27314258235152683
0.2732227298228741
0.27330287729422137
0.27330287729422137
0.2734631722369159
0.2735433197082632
0.2736234671796105
0.2736234671796105
0.27370361465095777
0.27378376212230504
0.27378376212230504
0.2739440570649996
0.2741043520076942
0.2741043520076942
0.2741043520076942
0.2741043520076942
0.2741043520076942
0.2741043520076942
0.2741043520076942
0.2741043520076942
0.2741043520076942
0.27418449947904144
0.27418449947904144
0.27418449947904144
0.274344794421736
0.27442494189308325
0.27442494189308325
0.27442494189308325
0.27458523683577785
0.2747455317784724
0.27482567924981965
0.27482567924981965
0.2749058267211669
0.2749058267211669
0.2749058267211669
0.27498597419251425
0.27498597419251425
0.2750661216638615
0.27522641660655606
0.27522641660655606
0.27522641660655606
0.27522641660655606
0.27522641660655606
0.27522641660655606
0.2753065640779033
0.2753065640779033
0.2753065640779033
0.2753065640779033
0.2753065640779033
0.2753065640779033
0.2753867115492506
0.2753867115492506
0.2755470064919452
0.2755470064919452
0.2755470064919452
0.2755470064919452
0.27562715396329246
0.27562715396329246
0.27562715396329246
0.27570730143463973
0.27570730143463973
0.27570730143463973
0.27570730143463973
0.27570730143463973
0.275787448905987
0.27586759637733427
0.27586759637733427
0.27586759637733427
0.27586759637733427
0.27586759637733427
0.2759477438486816
0.2759477438486816
0.27602789132002886
0.27602789132002886
0.27610803879137613
0.27610803879137613
0.2761881862627234
0.2761881862627234
0.2761881862627234
0.2761881862627234
0.2761881862627234
0.2761881862627234
0.27626833373407067
0.27626833373407067
0.27626833373407067
0.27626833373407067
0.27626833373407067
0.27626833373407067
0.27626833373407067
0.27626833373407067
0.27626833373407067
0.27626833373407067
0.27626833373407067
0.27626833373407067
0.27626833373407067
0.27626833373407067
0.27626833373407067
0.27626833373407067
0.276348481205418
0.2766690710908071
0.27674921856215434
0.27682936603350167
0.2769896609761962
0.2769896609761962
0.2769896609761962
0.2769896609761962
0.27714995591889074
0.27714995591889074
0.27714995591889074
0.27714995591889074
0.27714995591889074
0.277230103390238
0.277230103390238
0.27731025086158534
0.2773903983329326
0.27755069327562715
0.27755069327562715
0.2776308407469744
0.2777109882183217
0.2777109882183217
0.2777109882183217
0.2777109882183217
0.2778712831610163
0.2778712831610163
0.2778712831610163
0.27795143063236355
0.27795143063236355
0.2780315781037108
0.2780315781037108
0.2780315781037108
0.2780315781037108
0.2780315781037108
0.2781117255750581
0.2781117255750581
0.2781117255750581
0.2782720205177527
0.2782720205177527
0.2782720205177527
0.2782720205177527
0.2782720205177527
0.2782720205177527
0.2784323154604472
0.2784323154604472
0.2784323154604472
0.2784323154604472
0.2784323154604472
0.2784323154604472
0.2784323154604472
0.2785124629317945
0.27859261040314176
0.27859261040314176
0.2789132002885309
0.2789132002885309
0.27899334775987816
0.27915364270257276
0.27915364270257276
0.2793139376452673
0.27939408511661457
0.27939408511661457
0.27939408511661457
0.27939408511661457
0.27947423258796183
0.2795543800593091
0.2795543800593091
0.27963452753065643
0.27963452753065643
0.27963452753065643
0.2797146750020037
0.2797146750020037
