0.004087521038711229
0.012262563116133687
0.016350084154844916
0.017792738639095935
0.01899495070930512
0.020197162779514305
0.021158932435681656
0.02147952232107077
0.021880259677807164
0.022601586919932675
0.02292217680532179
0.023643504047447302
0.024284683818225534
0.025006011060351045
0.02524645347439288
0.025967780716518393
0.026849402901338464
0.027971467500200367
0.02869279474232588
0.029253827041756834
0.02957441692714595
0.029975154283882345
0.030776628997355133
0.03141780876813337
0.031658251182175204
0.03253987336699527
0.03326120060912078
0.033661937965857175
0.034142822793940854
0.03566562474953915
0.03654724693435922
0.03702813176244289
0.03750901659052657
0.038470786246693915
0.03903181854612487
0.0396729983169031
0.040795062915765005
0.04151639015789052
0.0415965376292378
0.04223771740001603
0.0427186022280997
0.043119339584836096
0.043600224412919775
0.04408110924100345
0.04432155165504528
0.04440169912639256
0.04440169912639256
0.04448184659773984
0.0446421415404344
0.04472228901178168
0.045123026368518074
0.04528332131121263
0.04552376372525447
0.04568405866794903
0.04600464855333814
0.0461649434960327
0.046725975795463656
0.04680612326681093
0.04704656568085277
0.047287008094894604
0.047607597980283724
0.047928187865672836
0.047928187865672836
0.04816863027971467
0.04864951510779835
0.048809810050492904
0.049050252464534747
0.04913039993588202
0.04929069487857658
0.04945098982127114
0.04945098982127114
0.04945098982127114
0.049611284763965695
0.04985172717800753
0.05001202212070209
0.05033261200609121
0.05049290694878576
0.05065320189148032
0.05089364430552216
0.05089364430552216
0.05105393924821672
0.05121423419091128
0.05121423419091128
0.051294381662258554
0.05161497154764767
0.05169511901899495
0.05177526649034223
0.05201570890438407
0.052095856375731345
0.05217600384707863
0.052256151318425904
0.052416446261120464
0.052737036146509576
0.05281718361785686
0.05281718361785686
0.053057626031898696
0.05321792097459325
0.05329806844594053
0.05345836338863509
0.053618658331329644
0.053618658331329644
0.05369880580267693
0.05385910074537149
0.05393924821671876
0.05401939568806604
0.0541796906307606
0.05433998557345516
0.05450028051614972
0.05466057545884427
0.05466057545884427
0.05490101787288611
0.05498116534423339
0.05506131281558067
0.05506131281558067
0.05506131281558067
0.05514146028692795
0.05546205017231706
0.055542197643664346
0.05586278752905346
0.055942935000400734
0.056103229943095294
0.05634367235713713
0.05650396729983169
0.05666426224252625
0.056744409713873525
0.056904704656568085
0.05714514707060992
0.057225294541957204
0.057225294541957204
0.05746573695599904
0.05762603189869359
0.05778632684138815
0.05802676925542999
0.05818706419812455
0.05826721166947183
0.05834735914081911
0.05866794902620822
0.05882824396890278
0.059549571211028295
0.05962971868237557
0.05970986615372285
0.05979001362507013
0.05979001362507013
0.05987016109641741
0.05987016109641741
0.06003045603911197
0.06011060351045924
0.0602708984531538
0.06043119339584836
0.06043119339584836
0.06051134086719564
0.06059148833854292
0.0606716358098902
0.06083193075258476
0.060912078223932034
0.060912078223932034
0.06115252063797387
0.06123266810932115
0.06147311052336299
0.06163340546605755
0.061713552937404825
0.061713552937404825
0.0617937004087521
0.061873847880099385
0.06211429029414122
0.06211429029414122
0.06211429029414122
0.0621944377654885
0.06227458523683578
0.06235473270818306
0.06235473270818306
0.06243488017953033
0.06243488017953033
0.06251502765087762
0.06251502765087762
0.062915765007614
0.06299591247896129
0.06307605995030857
0.06307605995030857
0.06315620742165584
0.06315620742165584
0.06323635489300312
0.06331650236435041
0.06339664983569768
0.06339664983569768
0.06355694477839224
0.06355694477839224
0.0637172397210868
0.06379738719243408
0.06387753466378136
0.06387753466378136
0.06387753466378136
0.06387753466378136
0.06387753466378136
0.06419812454917047
0.06435841949186503
0.0644385669632123
0.06451871443455959
0.06451871443455959
0.06451871443455959
0.06459886190590687
0.06467900937725415
0.06467900937725415
0.06499959926264326
0.06499959926264326
0.06499959926264326
0.06507974673399054
0.06515989420533783
0.0652400416766851
0.0652400416766851
0.0652400416766851
0.0652400416766851
0.06532018914803238
0.06532018914803238
0.06532018914803238
0.06532018914803238
0.06532018914803238
0.06540033661937966
0.06540033661937966
0.06548048409072693
0.06556063156207421
0.06556063156207421
0.0656407790334215
0.0656407790334215
0.06580107397611605
0.06604151639015789
0.06620181133285245
0.06620181133285245
0.06620181133285245
0.06620181133285245
0.06628195880419972
0.06628195880419972
0.06628195880419972
0.06628195880419972
0.066362106275547
0.06644225374689429
0.06644225374689429
0.06644225374689429
0.06652240121824156
0.06652240121824156
0.06660254868958884
0.06668269616093613
0.06668269616093613
0.06668269616093613
0.06668269616093613
0.06668269616093613
0.0667628436322834
0.06684299110363068
0.06692313857497796
0.06692313857497796
0.06708343351767251
0.0671635809890198
0.0671635809890198
0.06724372846036708
0.06724372846036708
0.06724372846036708
0.06732387593171435
0.06732387593171435
0.06748417087440892
0.06748417087440892
0.06748417087440892
0.06748417087440892
0.06748417087440892
0.06748417087440892
0.06748417087440892
0.06748417087440892
0.06756431834575619
0.06764446581710347
0.06772461328845075
0.06772461328845075
0.06772461328845075
0.06772461328845075
0.06780476075979802
0.06780476075979802
0.06780476075979802
0.06780476075979802
0.0678849082311453
0.0678849082311453
0.06804520317383987
0.06812535064518714
0.06828564558788171
0.06828564558788171
0.06828564558788171
0.06836579305922898
0.06844594053057626
0.06844594053057626
0.06852608800192354
0.06860623547327081
0.06860623547327081
0.0686863829446181
0.0686863829446181
0.0686863829446181
0.0686863829446181
0.06876653041596538
0.06892682535865993
0.06900697283000722
0.06924741524404905
0.06924741524404905
0.06924741524404905
0.06932756271539633
0.0694077101867436
0.0694077101867436
0.06956800512943817
0.06972830007213272
0.06988859501482728
0.06988859501482728
0.06996874248617456
0.06996874248617456
0.06996874248617456
0.07012903742886913
0.0702091849002164
0.07036947984291096
0.07044962731425823
0.0706099222569528
0.0706099222569528
0.0706099222569528
0.0706099222569528
0.0706099222569528
0.07085036467099463
0.07085036467099463
0.07085036467099463
0.07085036467099463
0.07085036467099463
0.07085036467099463
0.07085036467099463
0.07085036467099463
0.0709305121423419
0.07101065961368919
0.07109080708503647
0.07117095455638374
0.07117095455638374
0.07117095455638374
0.07117095455638374
0.07117095455638374
0.07117095455638374
0.07125110202773102
0.07125110202773102
0.07149154444177286
0.07149154444177286
0.07149154444177286
0.07165183938446743
0.07189228179850926
0.07189228179850926
0.07189228179850926
0.07189228179850926
0.07197242926985653
0.07197242926985653
0.07197242926985653
0.07197242926985653
0.07205257674120381
0.07205257674120381
0.07205257674120381
0.07205257674120381
0.07205257674120381
0.0721327242125511
0.07221287168389837
0.07229301915524565
0.07229301915524565
0.07237316662659293
0.07245331409794022
0.07245331409794022
0.07245331409794022
0.07245331409794022
0.07245331409794022
0.07245331409794022
0.07245331409794022
0.07245331409794022
0.07245331409794022
0.07245331409794022
0.07245331409794022
0.07245331409794022
0.07253346156928749
0.07261360904063477
0.07269375651198205
0.07269375651198205
0.07269375651198205
0.07269375651198205
0.07269375651198205
0.07277390398332932
0.0728540514546766
0.0728540514546766
0.07293419892602389
0.07293419892602389
0.07293419892602389
0.07293419892602389
0.07293419892602389
0.07309449386871844
0.07317464134006572
0.07317464134006572
0.07317464134006572
0.07317464134006572
0.07333493628276028
0.07333493628276028
0.07333493628276028
0.07341508375410756
0.07341508375410756
0.07341508375410756
0.07341508375410756
0.07341508375410756
0.07349523122545484
0.07357537869680211
0.0736555261681494
0.07373567363949668
0.07373567363949668
0.07373567363949668
0.07381582111084395
0.07389596858219123
0.07389596858219123
0.07389596858219123
0.07389596858219123
0.07389596858219123
0.07389596858219123
0.07397611605353852
0.07397611605353852
0.07405626352488578
0.07413641099623307
0.07413641099623307
0.07413641099623307
0.07421655846758035
0.07421655846758035
0.07421655846758035
0.07421655846758035
0.07421655846758035
0.07421655846758035
0.07429670593892762
0.07429670593892762
0.07429670593892762
0.07429670593892762
0.07429670593892762
0.07429670593892762
0.0743768534102749
0.0743768534102749
0.0743768534102749
0.0743768534102749
0.0743768534102749
0.0743768534102749
0.0743768534102749
0.0743768534102749
0.0743768534102749
0.0743768534102749
0.0743768534102749
0.0743768534102749
0.0743768534102749
0.07445700088162219
0.07445700088162219
0.07445700088162219
0.07445700088162219
0.07445700088162219
0.07445700088162219
0.07445700088162219
0.07445700088162219
0.07445700088162219
0.07445700088162219
0.07469744329566402
0.07469744329566402
0.07469744329566402
0.07485773823835858
0.07493788570970586
0.07493788570970586
0.07493788570970586
0.07493788570970586
0.07493788570970586
0.07501803318105314
0.07501803318105314
0.07501803318105314
0.07501803318105314
0.07501803318105314
0.07501803318105314
0.07501803318105314
0.07501803318105314
0.07501803318105314
0.07501803318105314
0.07501803318105314
0.07501803318105314
0.07509818065240041
0.07509818065240041
0.0751783281237477
0.0751783281237477
0.07525847559509498
0.07525847559509498
0.07525847559509498
0.07525847559509498
0.07525847559509498
0.07525847559509498
0.07533862306644225
0.07533862306644225
0.07533862306644225
0.07533862306644225
0.07533862306644225
0.07533862306644225
0.07549891800913681
0.07549891800913681
0.07557906548048408
0.07557906548048408
0.07557906548048408
0.07565921295183137
0.07565921295183137
0.07573936042317865
0.07573936042317865
0.07573936042317865
0.07573936042317865
0.07573936042317865
0.07573936042317865
0.07581950789452593
0.07581950789452593
0.07597980283722049
0.07597980283722049
0.07597980283722049
0.07597980283722049
0.07597980283722049
0.07605995030856777
0.07605995030856777
0.07605995030856777
0.07605995030856777
0.07605995030856777
0.07605995030856777
0.07605995030856777
0.07605995030856777
0.07614009777991504
0.07614009777991504
0.07614009777991504
0.07614009777991504
0.07614009777991504
0.07614009777991504
0.07614009777991504
0.07614009777991504
0.07614009777991504
0.07614009777991504
0.07614009777991504
0.07614009777991504
0.07614009777991504
0.07614009777991504
0.07614009777991504
0.07614009777991504
0.07614009777991504
0.07614009777991504
0.07614009777991504
0.07614009777991504
0.07614009777991504
0.07614009777991504
0.07614009777991504
0.07614009777991504
0.07614009777991504
0.07614009777991504
0.07614009777991504
0.07622024525126232
0.07622024525126232
0.0763003927226096
0.07638054019395688
0.07638054019395688
0.07646068766530416
0.07646068766530416
0.07646068766530416
0.07646068766530416
0.07646068766530416
0.07646068766530416
0.07646068766530416
0.07654083513665144
0.07662098260799871
0.07662098260799871
0.07662098260799871
0.07662098260799871
0.07662098260799871
0.076701130079346
0.076701130079346
0.07678127755069328
0.07678127755069328
0.07678127755069328
0.07678127755069328
0.07678127755069328
0.07678127755069328
0.07678127755069328
0.07678127755069328
0.07678127755069328
0.07678127755069328
0.07678127755069328
0.07678127755069328
0.07686142502204056
0.07686142502204056
0.07686142502204056
0.07686142502204056
0.07686142502204056
0.07686142502204056
0.07686142502204056
0.07686142502204056
0.07686142502204056
0.07686142502204056
0.07694157249338783
0.07694157249338783
0.07694157249338783
0.07694157249338783
0.07694157249338783
0.07694157249338783
0.07694157249338783
0.07694157249338783
0.07694157249338783
0.07694157249338783
0.07694157249338783
0.07694157249338783
0.07702171996473511
0.07702171996473511
0.0771018674360824
0.0771018674360824
0.07718201490742967
0.07726216237877695
0.07726216237877695
0.07726216237877695
0.07726216237877695
0.07734230985012423
0.07734230985012423
0.07734230985012423
0.07734230985012423
0.07734230985012423
0.07734230985012423
0.0774224573214715
0.0774224573214715
0.0774224573214715
0.0774224573214715
0.0774224573214715
0.07750260479281879
0.07750260479281879
0.07758275226416607
0.07758275226416607
0.07758275226416607
0.07758275226416607
0.07758275226416607
0.07766289973551334
0.07766289973551334
0.07766289973551334
0.07774304720686062
0.07774304720686062
0.07774304720686062
0.07774304720686062
0.0778231946782079
0.0778231946782079
0.07790334214955519
0.07790334214955519
0.07790334214955519
0.07798348962090246
0.07798348962090246
0.07806363709224974
0.07806363709224974
0.07806363709224974
0.07806363709224974
0.07806363709224974
0.07806363709224974
0.07806363709224974
0.07806363709224974
0.07806363709224974
0.07806363709224974
0.07806363709224974
0.07806363709224974
0.07806363709224974
0.07806363709224974
0.07814378456359702
0.07814378456359702
0.0782239320349443
0.07830407950629158
0.07830407950629158
0.07830407950629158
0.07838422697763886
0.07838422697763886
0.07838422697763886
0.07838422697763886
0.07838422697763886
0.07846437444898613
0.07846437444898613
0.07846437444898613
0.07846437444898613
0.07846437444898613
0.07846437444898613
0.07846437444898613
0.07846437444898613
0.07846437444898613
0.07846437444898613
0.07846437444898613
0.07846437444898613
0.07846437444898613
0.07846437444898613
0.07854452192033341
0.07854452192033341
0.07854452192033341
0.07854452192033341
0.07854452192033341
0.07854452192033341
0.07854452192033341
0.07854452192033341
0.0786246693916807
0.0786246693916807
0.0786246693916807
0.07870481686302797
0.07878496433437525
0.07878496433437525
0.07878496433437525
0.07878496433437525
0.07878496433437525
0.07886511180572253
0.07886511180572253
0.07886511180572253
0.07886511180572253
0.07886511180572253
0.07886511180572253
0.07886511180572253
0.07886511180572253
0.07886511180572253
0.07894525927706982
0.07894525927706982
0.07894525927706982
0.07894525927706982
0.07894525927706982
0.07894525927706982
0.07894525927706982
0.07894525927706982
0.07894525927706982
0.07902540674841708
0.07902540674841708
0.07902540674841708
0.07918570169111165
0.07926584916245892
0.07926584916245892
0.07926584916245892
0.07926584916245892
0.0793459966338062
0.0793459966338062
0.0793459966338062
0.07942614410515349
0.07942614410515349
0.07942614410515349
0.07942614410515349
0.07942614410515349
0.07950629157650076
0.07958643904784804
0.07958643904784804
0.07958643904784804
0.07958643904784804
0.07958643904784804
0.07958643904784804
0.07958643904784804
0.07958643904784804
0.07958643904784804
0.07958643904784804
0.07958643904784804
0.07958643904784804
0.07966658651919532
0.07966658651919532
0.07966658651919532
0.07966658651919532
0.07966658651919532
0.07966658651919532
0.07966658651919532
0.07966658651919532
0.07966658651919532
0.07966658651919532
0.07966658651919532
0.07982688146188988
0.07982688146188988
0.07982688146188988
0.07982688146188988
0.07982688146188988
0.07982688146188988
0.07982688146188988
0.07990702893323716
0.07990702893323716
0.07990702893323716
0.07990702893323716
0.07990702893323716
0.07990702893323716
0.07990702893323716
0.07998717640458443
0.08006732387593171
0.08006732387593171
0.08006732387593171
0.08006732387593171
0.080147471347279
0.080147471347279
0.080147471347279
0.080147471347279
0.080147471347279
0.080147471347279
0.080147471347279
0.080147471347279
0.08022761881862628
0.08022761881862628
0.08022761881862628
0.08022761881862628
0.08022761881862628
0.08022761881862628
0.08022761881862628
0.08022761881862628
0.08022761881862628
0.08022761881862628
0.08022761881862628
0.08030776628997355
0.08030776628997355
0.08030776628997355
0.08030776628997355
0.08030776628997355
0.08030776628997355
0.08030776628997355
0.08030776628997355
0.08038791376132083
0.08038791376132083
0.08038791376132083
0.08038791376132083
0.08038791376132083
0.08038791376132083
0.08038791376132083
0.08038791376132083
0.08038791376132083
0.08038791376132083
0.08038791376132083
0.08038791376132083
0.08038791376132083
0.08038791376132083
0.08038791376132083
0.08046806123266811
0.08046806123266811
0.08046806123266811
0.08046806123266811
0.08046806123266811
0.08046806123266811
0.08046806123266811
0.08054820870401538
0.08054820870401538
0.08054820870401538
0.08062835617536267
0.08062835617536267
0.08062835617536267
0.08062835617536267
0.08062835617536267
0.08062835617536267
0.08062835617536267
0.08070850364670995
0.08070850364670995
0.08070850364670995
0.08078865111805722
0.08078865111805722
0.08078865111805722
0.08078865111805722
0.08078865111805722
0.08078865111805722
0.08078865111805722
0.08078865111805722
0.08078865111805722
0.0808687985894045
0.0808687985894045
0.0808687985894045
0.0808687985894045
0.0808687985894045
0.0808687985894045
0.0808687985894045
0.0808687985894045
0.0808687985894045
0.0808687985894045
0.0808687985894045
0.0808687985894045
0.0808687985894045
0.0808687985894045
0.08094894606075179
0.08094894606075179
0.08102909353209906
0.08110924100344634
0.08110924100344634
0.08118938847479362
0.08134968341748817
0.08134968341748817
0.08142983088883546
0.08142983088883546
0.08142983088883546
0.08142983088883546
0.08142983088883546
0.08142983088883546
0.08142983088883546
0.08142983088883546
0.08142983088883546
0.08142983088883546
0.08150997836018274
0.08150997836018274
0.08150997836018274
0.08150997836018274
0.08159012583153001
0.08159012583153001
0.08159012583153001
0.08159012583153001
0.08159012583153001
0.08159012583153001
0.08159012583153001
0.08159012583153001
0.08159012583153001
0.08159012583153001
0.08159012583153001
0.08159012583153001
0.08159012583153001
0.08159012583153001
0.08159012583153001
0.08159012583153001
0.08159012583153001
0.08159012583153001
0.08159012583153001
0.08159012583153001
0.0816702733028773
0.0816702733028773
0.0816702733028773
0.0816702733028773
0.0816702733028773
0.0816702733028773
0.0816702733028773
0.0816702733028773
0.08183056824557185
0.08183056824557185
0.08183056824557185
0.08183056824557185
0.08183056824557185
0.08183056824557185
0.08191071571691913
0.08191071571691913
0.08191071571691913
0.08191071571691913
0.08191071571691913
0.08191071571691913
0.08191071571691913
0.08191071571691913
0.08199086318826641
0.08199086318826641
0.08199086318826641
0.08199086318826641
0.08199086318826641
0.08199086318826641
0.08199086318826641
0.08199086318826641
0.08199086318826641
0.08199086318826641
0.08199086318826641
0.08199086318826641
0.08199086318826641
0.08199086318826641
0.08199086318826641
0.08199086318826641
0.08199086318826641
0.08199086318826641
0.08199086318826641
0.08199086318826641
0.08199086318826641
0.08199086318826641
0.08199086318826641
0.08199086318826641
0.08207101065961368
0.08207101065961368
0.08207101065961368
0.08215115813096097
0.08215115813096097
0.08215115813096097
0.08215115813096097
0.08215115813096097
0.08223130560230825
0.08223130560230825
0.08223130560230825
0.08223130560230825
0.08231145307365553
0.08231145307365553
0.08231145307365553
0.08231145307365553
0.08231145307365553
0.08231145307365553
0.0823916005450028
0.0823916005450028
0.0823916005450028
0.0823916005450028
0.0823916005450028
0.08247174801635009
0.08247174801635009
0.08247174801635009
0.08247174801635009
0.08247174801635009
0.08247174801635009
0.08247174801635009
0.08247174801635009
0.08247174801635009
0.08247174801635009
0.08247174801635009
0.08247174801635009
0.08247174801635009
0.08247174801635009
0.08247174801635009
0.08247174801635009
0.08247174801635009
0.08247174801635009
0.08247174801635009
0.08247174801635009
0.08247174801635009
0.08247174801635009
0.08247174801635009
0.08247174801635009
0.08247174801635009
0.08247174801635009
0.08247174801635009
0.08247174801635009
0.08247174801635009
0.08255189548769737
0.08255189548769737
0.08255189548769737
