0.026929550372685743
0.03839063877534664
0.04704656568085277
0.052256151318425904
0.056744409713873525
0.06243488017953033
0.06660254868958884
0.080147471347279
0.08399454997194838
0.08832251342470145
0.09168870722128716
0.09489460607517833
0.09769976757233309
0.10739761160535385
0.1087601186182576
0.11036306804520317
0.11284763965696883
0.11429029414121984
0.11565280115412359
0.11741604552376372
0.11877855253666747
0.11998076460687665
0.12126312414843311
0.12214474633325319
0.12374769576019877
0.1255109401298389
0.12647270978600625
0.12799551174160456
0.12991905105393925
0.13096096818145386
0.1316822954235794
0.1323234751943576
0.13288450749378858
0.13424701450669232
0.1350484892201651
0.13633084876172158
0.13801394566001443
0.13865512543079267
0.13993748497234912
0.14105954957121103
0.1418610242846838
0.14234190911276748
0.14306323635489301
0.14370441612567122
0.1445860383104913
0.1453875130239641
0.14642943015147872
0.14715075739360423
0.14747134727899336
0.14787208463572973
0.14827282199246614
0.1487537068205498
0.14939488659132805
0.15003606636210629
0.15051695119018996
0.15091768854692633
0.15123827843231546
0.15163901578905187
0.15252063797387191
0.15292137533060832
0.153402260158692
0.15404343992947023
0.15468461970024847
0.15540594694237397
0.1556463893564158
0.15580668429911038
0.15620742165584675
0.15692874889797226
0.15732948625470866
0.1579706660254869
0.15853169832491784
0.1590125831530015
0.15933317303839065
0.15973391039512702
0.160294942694558
0.16085597499398893
0.16125671235072533
0.16181774465015628
0.1621383345355454
0.16261921936362908
0.16285966177767092
0.16310010419171275
0.16342069407710186
0.16382143143383826
0.16414202131922737
0.16422216879057466
0.16470305361865833
0.1648633485613529
0.16534423338943657
0.1655045283321311
0.16630600304560392
0.16686703534503486
0.16726777270177126
0.16766851005850766
0.1682295423579386
0.1685501322433277
0.1690310170714114
0.16935160695680052
0.16967219684218962
0.17031337661296786
0.17063396649835696
0.17119499879778793
0.17159573615452434
0.17231706339664984
0.17271780075338622
0.17295824316742806
0.1735994229382063
0.17383986535224813
0.17424060270898453
0.1747214875370682
0.1750420774224573
0.17576340466458285
0.17600384707862468
0.17624428949266652
0.17688546926344473
0.1773663540915284
0.1777670914482648
0.17800753386230664
0.17808768133365394
0.17880900857577944
0.17920974593251582
0.17961048328925222
0.17993107317464135
0.1801715155886832
0.18041195800272503
0.1808928428308087
0.18097299030215597
0.18145387513023964
0.18185461248697604
0.18225534984371244
0.18281638214314339
0.1832171194998798
0.18337741444257433
0.18361785685661616
0.183858299270658
0.18401859421335257
0.18441933157008897
0.1849803638695199
0.18514065881221448
0.18546124869760358
0.18578183858299271
0.18610242846838182
0.18634287088242366
0.1866634607678128
0.18714434559589646
0.187304640538591
0.1873847880099383
0.18762523042398013
0.18786567283802197
0.1880259677807165
0.1884267051374529
0.18858700008014748
0.18914803237957842
0.19107157169191313
0.19163260399134407
0.19179289893403864
0.19203334134808048
0.1922737837621223
0.19259437364751142
0.1926745211188587
0.19299511100424782
0.19323555341828966
0.19331570088963693
0.19363629077502606
0.19395688066041517
0.19427747054580427
0.19435761801715157
0.1945179129598461
0.19483850284523524
0.19515909273062435
0.19539953514466618
0.19563997755870802
0.19572012503005531
0.19588041997274985
0.1961208623867917
0.19620100985813899
0.19660174721487536
0.19668189468622266
0.19740322192834817
0.19740322192834817
0.19764366434239
0.19780395928508457
0.1979642542277791
0.19812454917047367
0.1983649915845155
0.19844513905586278
0.19860543399855735
0.19868558146990462
0.1987657289412519
0.19908631882664102
0.19932676124068285
0.19964735112607196
0.19988779354011382
0.20004808848280836
0.2002885308968502
0.2003686783681975
0.20044882583954476
0.2006892682535866
0.20076941572493387
0.20092971066762844
0.20092971066762844
0.20133044802436484
0.20157089043840667
0.2018113328524485
0.20189148032379578
0.20189148032379578
0.20229221768053218
0.20245251262322675
0.2030135449226577
0.20309369239400496
0.20317383986535226
0.20349442975074136
0.2037348721647832
0.20381501963613047
0.20381501963613047
0.20397531457882503
0.2040554620501723
0.20421575699286687
0.204536346878256
0.20501723170633968
0.20509737917768694
0.2052576741203815
0.20533782159172878
0.20549811653442335
0.2056584114771179
0.20581870641981245
0.20589885389115972
0.2060591488338543
0.20629959124789612
0.2063797387192434
0.2063797387192434
0.2064598861905907
0.20654003366193796
0.20654003366193796
0.20662018113328526
0.2067804760759798
0.2067804760759798
0.20734150837541077
0.20734150837541077
0.2075819507894526
0.20782239320349444
0.2079025406748417
0.2083032780315781
0.20838342550292538
0.20854372044561995
0.20862386791696721
0.20878416285966178
0.20894445780235635
0.20894445780235635
0.20902460527370362
0.20918490021639818
0.20926504768774545
0.20934519515909272
0.20942534263044002
0.2095054901017873
0.20958563757313456
0.20958563757313456
0.20974593251582913
0.2099062274585237
0.2099062274585237
0.2099062274585237
0.21006652240121823
0.21006652240121823
0.21014666987256553
0.2102268173439128
0.21038711228660736
0.21046725975795463
0.2105474072293019
0.2106275547006492
0.21070770217199647
0.21070770217199647
0.21078784964334374
0.2109481445860383
0.2109481445860383
0.2109481445860383
0.21118858700008014
0.21142902941412198
0.21142902941412198
0.21142902941412198
0.21158932435681654
0.2116694718281638
0.21182976677085838
0.21182976677085838
0.21207020918490022
0.21215035665624749
0.21215035665624749
0.21223050412759478
0.21223050412759478
0.21231065159894205
0.21247094654163662
0.21247094654163662
0.2125510940129839
0.21263124148433116
0.21263124148433116
0.21279153642702572
0.212871683898373
0.212871683898373
0.21303197884106756
0.21319227378376213
0.21351286366915123
0.21383345355454036
0.21391360102588763
0.2140738959685822
0.2143944858539713
0.21463492826801314
0.21495551815340225
0.21511581309609681
0.21535625551013865
0.21535625551013865
0.21551655045283322
0.21551655045283322
0.21591728780956962
0.21607758275226416
0.21615773022361146
0.2163981726376533
0.2163981726376533
0.2163981726376533
0.21679890999438967
0.21687905746573696
0.21687905746573696
0.21695920493708423
0.21727979482247334
0.21760038470786247
0.21768053217920974
0.21768053217920974
0.2178408271219043
0.21800112206459887
0.21800112206459887
0.2181614170072934
0.21832171194998798
0.21848200689268255
0.21856215436402981
0.21872244930672438
0.21880259677807165
0.21896289172076622
0.2190430391921135
0.21912318666346076
0.21912318666346076
0.21920333413480805
0.2194437765488499
0.2194437765488499
0.21952392402019716
0.219764366434239
0.2198445139055863
0.21992466137693356
0.21992466137693356
0.22008495631962813
0.22024525126232267
0.22040554620501723
0.22072613609040634
0.22072613609040634
0.22080628356175364
0.2208864310331009
0.22096657850444817
0.22096657850444817
0.22104672597579547
0.22112687344714274
0.2212871683898373
0.2212871683898373
0.2212871683898373
0.22144746333253185
0.22152761080387914
0.22168790574657368
0.22176805321792098
0.22192834816061555
0.22192834816061555
0.22192834816061555
0.22216879057465738
0.2224893804600465
0.22256952793139376
0.22264967540274105
0.2228099703454356
0.22297026528813016
0.223210707702172
0.22337100264486656
0.2235312975875611
0.2236114450589084
0.22369159253025567
0.2239320349442975
0.22401218241564477
0.22401218241564477
0.22401218241564477
0.22401218241564477
0.22401218241564477
0.22425262482968664
0.2243327723010339
0.22441291977238118
0.22457321471507574
0.2247335096577703
0.22489380460046485
0.2250540995431594
0.22529454195720125
0.22545483689989582
0.22569527931393765
0.22577542678528492
0.2258555742566322
0.22617616414202132
0.2262563116133686
0.2263364590847159
0.22649675402741043
0.22649675402741043
0.226657048970105
0.22673719644145227
0.22689749138414683
0.2270577863268414
0.22713793379818867
0.22713793379818867
0.22729822874088323
0.2273783762122305
0.2273783762122305
0.2273783762122305
0.2276989660976196
0.2276989660976196
0.2276989660976196
0.2277791135689669
0.2277791135689669
0.22793940851166145
0.22793940851166145
0.22817985092570328
0.22834014586839785
0.22850044081109241
0.22850044081109241
0.22866073575378698
0.22866073575378698
0.22866073575378698
0.22890117816782882
0.22890117816782882
0.2289813256391761
0.2289813256391761
0.22922176805321792
0.2293019155245652
0.2293019155245652
0.22962250540995433
0.22962250540995433
0.22978280035264886
0.2300232427666907
0.23018353770938527
0.23034383265207983
0.23050412759477437
0.23058427506612167
0.23066442253746894
0.23074457000881624
0.2308247174801635
0.23090486495151077
0.23106515989420534
0.23106515989420534
0.23106515989420534
0.23106515989420534
0.2312254548368999
0.23138574977959445
0.231546044722289
0.23162619219363628
0.23170633966498358
0.23170633966498358
0.23194678207902542
0.23202692955037268
0.23210707702171995
0.23226737196441452
0.2324276669071091
0.23258796184980363
0.23290855173519276
0.23306884667788733
0.23306884667788733
0.23306884667788733
0.2331489941492346
0.23338943656327643
0.233549731505971
0.233549731505971
0.23362987897731827
0.23362987897731827
0.23371002644866554
0.23379017392001283
0.23395046886270737
0.23411076380540194
0.23435120621944378
0.23443135369079104
0.23443135369079104
0.23451150116213834
0.2345916486334856
0.23467179610483288
0.23467179610483288
0.23475194357618018
0.23475194357618018
0.23483209104752745
0.23491223851887472
0.234992385990222
0.23507253346156928
0.23515268093291658
0.23515268093291658
0.23523282840426385
0.23531297587561112
0.23539312334695842
0.23555341828965295
0.23563356576100025
0.2357938607036948
0.2357938607036948
0.23595415564638936
0.23611445058908392
0.2361945980604312
0.2365151879458203
0.2365953354171676
0.2369159253025567
0.23715636771659854
0.2372365151879458
0.23747695760198767
0.23779754748737678
0.23795784243007134
0.2380379899014186
0.23819828484411318
0.23827843231546045
0.23851887472950228
0.23867916967219685
0.23867916967219685
0.23875931714354412
0.2388394646148914
0.2389196120862387
0.2389196120862387
0.2389196120862387
0.23916005450028052
0.2392402019716278
0.23932034944297506
0.23948064438566963
0.23956079185701692
0.2396409393283642
0.2396409393283642
0.23972108679971146
0.23988138174240603
0.23988138174240603
0.2400416766851006
0.2400416766851006
0.2400416766851006
0.24012182415644787
0.24020197162779514
0.24020197162779514
0.2403622665704897
0.24044241404183697
0.24052256151318427
0.2407630039272261
0.24084315139857337
0.24084315139857337
0.24092329886992064
0.24092329886992064
0.24100344634126794
0.2410835938126152
0.24116374128396248
0.24124388875530978
0.24140418369800432
0.24156447864069888
0.24172477358339345
0.24180492105474072
0.24188506852608802
0.24188506852608802
0.24188506852608802
0.2422858058828244
0.2423659533541717
0.24252624829686623
0.24260639576821352
0.24260639576821352
0.24260639576821352
0.2426865432395608
0.2426865432395608
0.24276669071090806
0.24284683818225536
0.24284683818225536
0.2430872805962972
0.24316742806764446
0.24332772301033903
0.24332772301033903
0.2434078704816863
0.24356816542438087
0.24356816542438087
0.2437284603670754
0.2438086078384227
0.24388875530976997
0.24396890278111727
0.24404905025246454
0.24404905025246454
0.2442093451951591
0.24428949266650637
0.2445299350805482
0.24461008255189548
0.24461008255189548
0.24485052496593732
0.24485052496593732
0.2449306724372846
0.24501081990863188
0.24501081990863188
0.24501081990863188
0.24501081990863188
0.24509096737997915
0.24509096737997915
0.24509096737997915
0.24509096737997915
0.24509096737997915
0.24525126232267372
0.24525126232267372
0.24541155726536829
0.24541155726536829
0.24541155726536829
0.24557185220806282
0.24565199967941012
0.24589244209345196
0.2460527370361465
0.2460527370361465
0.2460527370361465
0.2460527370361465
0.2460527370361465
0.24621303197884106
0.24637332692153563
0.24637332692153563
0.24637332692153563
0.24637332692153563
0.24637332692153563
0.24637332692153563
0.24637332692153563
0.2464534743928829
0.2464534743928829
0.2465336218642302
0.2465336218642302
0.24669391680692473
0.24669391680692473
0.2468542117496193
0.24693435922096657
0.24693435922096657
0.24701450669231387
0.24701450669231387
0.24701450669231387
0.2471748016350084
0.2472549491063557
0.24781598140578665
0.24781598140578665
0.24781598140578665
0.24781598140578665
0.24789612887713391
0.24821671876252305
0.24829686623387032
0.24837701370521761
0.24853730864791215
0.24853730864791215
0.24861745611925945
0.24869760359060672
0.248777751061954
0.248777751061954
0.24885789853330129
0.24885789853330129
0.24893804600464856
0.24893804600464856
0.24893804600464856
0.24909834094734312
0.2491784884186904
0.24925863589003766
0.24933878336138496
0.24933878336138496
0.2494990783040795
0.2494990783040795
0.2494990783040795
0.2495792257754268
0.2495792257754268
0.2495792257754268
0.24981966818946863
0.24997996313216317
0.25006011060351047
0.25014025807485774
0.250220405546205
0.2503005530175523
0.2503005530175523
0.2503807004888996
0.25046084796024687
0.25046084796024687
0.25046084796024687
0.2506211429029414
0.2507012903742887
0.2507012903742887
0.25086158531698327
0.25094173278833054
0.2511020277310251
0.2511020277310251
0.25118217520237235
0.25134247014506694
0.2514226176164142
0.2514226176164142
0.2515027650877615
0.251663060030456
0.251663060030456
0.25174320750180335
0.2518233549731506
0.2519035024444979
0.2519035024444979
0.25198364991584515
0.2520637973871924
0.2521439448585397
0.252224092329887
0.2523042398012343
0.25238438727258156
0.2524645347439288
0.2524645347439288
0.25262482968662336
0.25262482968662336
0.25262482968662336
0.25278512462931796
0.25278512462931796
0.25278512462931796
0.25286527210066523
0.25286527210066523
0.25286527210066523
0.25286527210066523
0.25302556704335977
0.25310571451470704
0.25310571451470704
0.25318586198605436
0.25326600945740163
0.2533461569287489
0.2533461569287489
0.25342630440009617
0.25350645187144344
0.25350645187144344
0.25366674681413803
0.25382704175683257
0.25382704175683257
0.25390718922817984
0.25390718922817984
0.25390718922817984
0.25390718922817984
0.25390718922817984
0.2539873366995271
0.2539873366995271
0.2539873366995271
0.2539873366995271
0.2539873366995271
0.25406748417087444
0.2541476316422217
0.254227779113569
0.254227779113569
0.25430792658491624
0.2543880740562635
0.2546285164703054
0.2546285164703054
0.2546285164703054
0.2546285164703054
0.2546285164703054
0.2547888114129999
0.2547888114129999
0.2548689588843472
0.2548689588843472
0.2548689588843472
0.2548689588843472
0.2548689588843472
0.2548689588843472
0.2548689588843472
0.2548689588843472
0.2548689588843472
0.25510940129838905
0.2551895487697363
0.2552696962410836
0.2552696962410836
0.2552696962410836
0.2552696962410836
0.2552696962410836
0.2552696962410836
0.2552696962410836
0.2552696962410836
0.2552696962410836
0.25534984371243086
0.2554299911837781
0.25551013865512545
0.25551013865512545
0.25551013865512545
0.25567043359782
0.25567043359782
0.25583072854051453
0.2559108760118618
0.2559108760118618
0.2559108760118618
0.2560711709545564
0.25615131842590366
0.25615131842590366
0.25623146589725093
0.2563116133685982
0.2563116133685982
0.2563116133685982
0.2563917608399455
0.2564719083112928
0.2564719083112928
0.25655205578264006
0.25655205578264006
0.25663220325398733
0.25663220325398733
0.2567924981966819
0.2567924981966819
0.25695279313937647
0.25695279313937647
0.25703294061072374
0.2571932355534183
0.2571932355534183
0.25735353049611287
0.25743367796746014
0.25743367796746014
0.2575939729101547
0.2575939729101547
0.25767412038150195
0.25783441532419654
0.25783441532419654
0.25783441532419654
0.25783441532419654
0.2579947102668911
0.25807485773823835
0.25807485773823835
0.25807485773823835
0.25807485773823835
0.2581550052095856
0.2582351526809329
0.2582351526809329
0.2583954476236275
0.258555742566322
0.2586358900376693
0.2586358900376693
0.2587160375090166
0.2587961849803639
0.2590366273944057
0.2590366273944057
0.2590366273944057
0.25911677486575296
0.2591969223371003
0.2591969223371003
0.2593572172797948
0.2593572172797948
0.2594373647511421
0.2594373647511421
0.25967780716518396
0.25967780716518396
0.25975795463653123
0.25975795463653123
0.25975795463653123
0.25991824957922577
0.25991824957922577
0.2600785445219203
0.2600785445219203
0.26015869199326763
0.26015869199326763
0.2602388394646149
0.2602388394646149
0.26031898693596217
0.26039913440730944
0.2604792818786567
0.2606395768213513
0.2607197242926986
0.2607197242926986
0.2607197242926986
0.26079987176404584
0.26079987176404584
0.2608800192353931
0.2608800192353931
0.2609601667067404
0.2610403141780877
0.2610403141780877
0.2610403141780877
0.261120461649435
0.2612807565921295
0.2612807565921295
0.2613609040634768
0.2615211990061714
0.26160134647751865
0.26160134647751865
0.2616814939488659
0.2616814939488659
0.2616814939488659
0.2617616414202132
0.2619219363629077
0.26200208383425505
0.26200208383425505
0.2621623787769496
0.26232267371964413
0.26232267371964413
0.26232267371964413
0.2624028211909914
0.2624028211909914
0.2624028211909914
0.2624028211909914
0.2624028211909914
0.2624028211909914
0.2624028211909914
0.2624829686623387
0.26264326360503326
0.26264326360503326
0.26272341107638053
0.2628035585477278
0.2628035585477278
0.2628837060190751
0.2628837060190751
0.2629638534904224
0.2629638534904224
0.2629638534904224
0.2629638534904224
0.2629638534904224
0.2629638534904224
0.26304400096176966
0.26304400096176966
0.26304400096176966
0.26312414843311693
0.26312414843311693
0.26312414843311693
0.26328444337581147
0.26344473831850607
0.26352488578985334
0.26352488578985334
0.26352488578985334
0.2636050332612006
0.2636851807325479
0.26384547567524247
0.264005770617937
0.2640859180892843
0.2644866554460207
0.2644866554460207
0.26456680291736795
0.2646469503887152
0.2646469503887152
0.2648072453314098
0.2648873928027571
0.26496754027410435
0.2650476877454516
0.2651278352167989
0.2651278352167989
0.2652079826881462
0.2652079826881462
0.2652881301594935
0.2652881301594935
0.26536827763084075
0.265448425102188
0.2655285725735353
0.2658491624589244
0.2658491624589244
0.2658491624589244
0.2659293099302717
0.2659293099302717
0.2659293099302717
0.2659293099302717
0.26600945740161897
0.26600945740161897
0.26608960487296623
0.2663300472870081
0.26641019475835537
0.26641019475835537
0.26641019475835537
0.26649034222970264
0.26665063717239723
0.26689107958643904
0.26689107958643904
0.2670513745291336
0.2672116694718282
0.2672116694718282
0.2672116694718282
0.2672116694718282
0.26729181694317544
0.2673719644145227
0.2673719644145227
0.2673719644145227
0.26745211188587
0.2676124068285646
0.2676124068285646
0.26769255429991184
0.2677727017712591
0.2677727017712591
0.2677727017712591
0.2677727017712591
0.2678528492426064
0.268013144185301
0.26809329165664825
0.26809329165664825
0.26809329165664825
0.26809329165664825
0.26809329165664825
0.26809329165664825
0.26809329165664825
0.26809329165664825
0.26809329165664825
0.2681734391279955
0.2681734391279955
0.2681734391279955
0.2681734391279955
0.2684138815420373
0.2685741764847319
0.2685741764847319
0.2685741764847319
0.2685741764847319
0.2685741764847319
0.2685741764847319
0.2685741764847319
0.2685741764847319
0.2685741764847319
0.2685741764847319
0.2685741764847319
0.2685741764847319
0.2685741764847319
0.2686543239560792
0.2686543239560792
0.2686543239560792
0.26873447142742646
0.26873447142742646
0.268894766370121
0.2690550613128156
0.2690550613128156
