0.008175042077422458
0.009617696561673479
0.01041917127514627
0.01747214875370682
0.03758916406187385
0.052256151318425904
0.05850765408351367
0.06083193075258476
0.06227458523683578
0.0641179770778232
0.06700328604632524
0.06964815260078544
0.07405626352488578
0.0808687985894045
0.10587480964975556
0.11148513264406508
0.11388955678448345
0.11629398092490181
0.11893884747936202
0.12094253426304401
0.12270577863268414
0.12639256231465898
0.13873527290213994
0.14057866474312736
0.14410515348240763
0.14594854532339505
0.1469103149795624
0.14787208463572973
0.1491544441772862
0.15051695119018996
0.15211990061713554
0.15292137533060832
0.15332211268734472
0.15428388234351206
0.15580668429911038
0.15636771659854132
0.15668830648393042
0.15692874889797226
0.15708904384066683
0.15773022361144506
0.15813096096818147
0.15885228821030697
0.15933317303839065
0.15997435280916886
0.16165744970746174
0.1621383345355454
0.1625390718922818
0.16326039913440732
0.16414202131922737
0.16510379097539474
0.16582511821752025
0.16654644545964575
0.16766851005850766
0.1685501322433277
0.16935160695680052
0.16991263925623146
0.17039352408431513
0.17079426144105153
0.17119499879778793
0.17191632603991344
0.1723972108679971
0.17271780075338622
0.17375971788090086
0.17456119259437364
0.1751222248938046
0.175522962250541
0.17600384707862468
0.17640458443536106
0.1766450268494029
0.17696561673479203
0.17752664903422297
0.1784884186903903
0.17896930351847398
0.1796906307605995
0.1823354973150597
0.18297667708583795
0.18361785685661616
0.183858299270658
0.18417888915604713
0.18490021639817264
0.18546124869760358
0.18602228099703455
0.18642301835377093
0.18690390318185462
0.1873847880099383
0.18794582030936924
0.18850685260880018
0.18866714755149475
0.18890758996553658
0.1896289172076621
0.18986935962170393
0.19027009697844033
0.1904303919211349
0.190750981806524
0.1914723090486495
0.1918730464053859
0.19195319387673318
0.19235393123346958
0.1926745211188587
0.1930752584755951
0.19339584836098422
0.1937965857177206
0.1937965857177206
0.1937965857177206
0.19403702813176243
0.19427747054580427
0.19435761801715157
0.1945980604311934
0.19483850284523524
0.1949186503165825
0.19499879778792978
0.19539953514466618
0.19580027250140258
0.19604071491544442
0.19620100985813899
0.19636130480083352
0.19660174721487536
0.1968421896289172
0.19700248457161176
0.19716277951430633
0.1972429269856536
0.19732307445700087
0.19748336939969544
0.1979642542277791
0.19828484411316824
0.1983649915845155
0.19844513905586278
0.1987657289412519
0.19892602388394645
0.19892602388394645
0.19964735112607196
0.19988779354011382
0.20004808848280836
0.20020838342550293
0.20052897331089203
0.20060912078223933
0.20076941572493387
0.20117015308167027
0.2018113328524485
0.20213192273783762
0.20253266009457402
0.20277310250861585
0.2030135449226577
0.2030135449226577
0.20309369239400496
0.20317383986535226
0.2034142822793941
0.20365472469343593
0.2041356095215196
0.20429590446421417
0.20429590446421417
0.20429590446421417
0.20429590446421417
0.20469664182095054
0.20533782159172878
0.20557826400577062
0.20557826400577062
0.2056584114771179
0.2056584114771179
0.20573855894846518
0.20581870641981245
0.2060591488338543
0.20621944377654886
0.20629959124789612
0.2063797387192434
0.20654003366193796
0.20670032860463253
0.20694077101867436
0.20710106596136893
0.2071812134327162
0.20734150837541077
0.2075018033181053
0.20766209826079987
0.20798268814618898
0.20806283561753627
0.2082231305602308
0.2083032780315781
0.20854372044561995
0.20854372044561995
0.2087040153883145
0.20886431033100905
0.2091047527450509
0.2091047527450509
0.20926504768774545
0.20926504768774545
0.20926504768774545
0.20942534263044002
0.20942534263044002
0.2095054901017873
0.20974593251582913
0.2098260799871764
0.2098260799871764
0.2102268173439128
0.21030696481526007
0.21078784964334374
0.2109481445860383
0.2110282920573856
0.21118858700008014
0.21142902941412198
0.21142902941412198
0.21142902941412198
0.21142902941412198
0.21158932435681654
0.21158932435681654
0.2116694718281638
0.2116694718281638
0.2117496192995111
0.21199006171355295
0.21231065159894205
0.21271138895567845
0.21279153642702572
0.2129518313697203
0.2132724212551094
0.21375330608319307
0.21391360102588763
0.2139937484972349
0.21415404343992947
0.21415404343992947
0.21423419091127674
0.21447463332531858
0.21463492826801314
0.2147150757393604
0.21487537068205498
0.21487537068205498
0.21495551815340225
0.21511581309609681
0.21519596056744408
0.21535625551013865
0.21535625551013865
0.21543640298148595
0.21559669792418049
0.21559669792418049
0.21559669792418049
0.21567684539552778
0.21591728780956962
0.2159974352809169
0.2159974352809169
0.21623787769495872
0.21623787769495872
0.2163981726376533
0.21655846758034783
0.21655846758034783
0.21655846758034783
0.21655846758034783
0.21655846758034783
0.21655846758034783
0.21655846758034783
0.21663861505169513
0.21679890999438967
0.21687905746573696
0.21687905746573696
0.21695920493708423
0.2170393524084315
0.21719964735112607
0.21727979482247334
0.2174400897651679
0.2175202372365152
0.21760038470786247
0.21760038470786247
0.21768053217920974
0.21776067965055704
0.21776067965055704
0.21776067965055704
0.21800112206459887
0.21808126953594614
0.21808126953594614
0.21808126953594614
0.21832171194998798
0.21832171194998798
0.21840185942133525
0.21848200689268255
0.21872244930672438
0.21872244930672438
0.21872244930672438
0.21872244930672438
0.21880259677807165
0.21880259677807165
0.21880259677807165
0.21880259677807165
0.21888274424941892
0.2190430391921135
0.2190430391921135
0.21920333413480805
0.21920333413480805
0.2193636290775026
0.2194437765488499
0.219764366434239
0.2198445139055863
0.21992466137693356
0.21992466137693356
0.21992466137693356
0.22008495631962813
0.22008495631962813
0.22032539873366996
0.2205658411477118
0.2205658411477118
0.22064598861905907
0.22072613609040634
0.22072613609040634
0.22072613609040634
0.2208864310331009
0.22104672597579547
0.22104672597579547
0.22112687344714274
0.22112687344714274
0.22112687344714274
0.22120702091849
0.22136731586118458
0.22152761080387914
0.22168790574657368
0.22176805321792098
0.22176805321792098
0.22176805321792098
0.22184820068926825
0.22200849563196282
0.22200849563196282
0.22208864310331008
0.22216879057465738
0.22256952793139376
0.22305041275947743
0.223210707702172
0.22337100264486656
0.2235312975875611
0.2235312975875611
0.2236114450589084
0.2236114450589084
0.22369159253025567
0.22449306724372847
0.22449306724372847
0.224653362186423
0.2247335096577703
0.22489380460046485
0.22513424701450668
0.22513424701450668
0.22513424701450668
0.22521439448585398
0.22529454195720125
0.22537468942854852
0.22537468942854852
0.22537468942854852
0.22537468942854852
0.22537468942854852
0.22545483689989582
0.22553498437124309
0.22553498437124309
0.22553498437124309
0.22569527931393765
0.22577542678528492
0.22577542678528492
0.22577542678528492
0.2258555742566322
0.2258555742566322
0.2259357217279795
0.22601586919932676
0.22601586919932676
0.22609601667067403
0.22617616414202132
0.22617616414202132
0.22617616414202132
0.22617616414202132
0.2262563116133686
0.2262563116133686
0.2262563116133686
0.2262563116133686
0.2262563116133686
0.2262563116133686
0.2263364590847159
0.2263364590847159
0.2263364590847159
0.2263364590847159
0.22641660655606316
0.22641660655606316
0.22641660655606316
0.22641660655606316
0.22641660655606316
0.22641660655606316
0.22649675402741043
0.22657690149875773
0.22681734391279956
0.2269776388554941
0.22713793379818867
0.22745852368357777
0.2276989660976196
0.22834014586839785
0.22842029333974512
0.22842029333974512
0.22842029333974512
0.22850044081109241
0.22882103069648152
0.22890117816782882
0.22906147311052336
0.2293019155245652
0.2293019155245652
0.22954235793860703
0.22962250540995433
0.22962250540995433
0.22986294782399616
0.23050412759477437
0.23074457000881624
0.2308247174801635
0.23090486495151077
0.23090486495151077
0.23090486495151077
0.23098501242285807
0.23098501242285807
0.23098501242285807
0.23106515989420534
0.23106515989420534
0.2312254548368999
0.23138574977959445
0.23138574977959445
0.23138574977959445
0.23146589725094174
0.23146589725094174
0.231546044722289
0.231546044722289
0.231546044722289
0.231546044722289
0.23170633966498358
0.23170633966498358
0.23178648713633085
0.23194678207902542
0.23210707702171995
0.23210707702171995
0.23210707702171995
0.23210707702171995
0.23210707702171995
0.23218722449306725
0.23226737196441452
0.23226737196441452
0.2323475194357618
0.2324276669071091
0.2324276669071091
0.2324276669071091
0.23250781437845636
0.23250781437845636
0.23250781437845636
0.23258796184980363
0.23258796184980363
0.23258796184980363
0.23266810932115092
0.23266810932115092
0.2327482567924982
0.23290855173519276
0.23290855173519276
0.23298869920654003
0.23306884667788733
0.2331489941492346
0.23322914162058186
0.23330928909192916
0.23330928909192916
0.23330928909192916
0.23330928909192916
0.23338943656327643
0.23338943656327643
0.23338943656327643
0.2341909112767492
0.23435120621944378
0.2345916486334856
0.23475194357618018
0.23515268093291658
0.23539312334695842
0.23563356576100025
0.2357938607036948
0.23595415564638936
0.23603430311773663
0.23611445058908392
0.23611445058908392
0.23611445058908392
0.23611445058908392
0.2361945980604312
0.2361945980604312
0.23635489300312576
0.23635489300312576
0.23643504047447303
0.23643504047447303
0.2365151879458203
0.2365151879458203
0.2365151879458203
0.23667548288851487
0.23667548288851487
0.23675563035986213
0.23683577783120943
0.23683577783120943
0.2369159253025567
0.2369159253025567
0.2369159253025567
0.2369159253025567
0.2369159253025567
0.2369159253025567
0.2369159253025567
0.23699607277390397
0.23699607277390397
0.23699607277390397
0.23699607277390397
0.23699607277390397
0.23707622024525127
0.23707622024525127
0.23707622024525127
0.23707622024525127
0.23707622024525127
0.23707622024525127
0.23707622024525127
0.23707622024525127
0.23707622024525127
0.23707622024525127
0.23715636771659854
0.2372365151879458
0.2373166626592931
0.2373166626592931
0.2373166626592931
0.2373166626592931
0.2373166626592931
0.2373166626592931
0.2373166626592931
0.2373166626592931
0.2373166626592931
0.2373166626592931
0.2373166626592931
0.2373166626592931
0.23747695760198767
0.23747695760198767
0.23747695760198767
0.23755710507333494
0.23755710507333494
0.2376372525446822
0.2376372525446822
0.2376372525446822
0.2376372525446822
0.2376372525446822
0.2377174000160295
0.2377174000160295
0.2377174000160295
0.2377174000160295
0.2377174000160295
0.2377174000160295
0.2377174000160295
0.2377174000160295
0.2377174000160295
0.2377174000160295
0.2377174000160295
0.2377174000160295
0.2377174000160295
0.2377174000160295
0.2377174000160295
0.2377174000160295
0.23779754748737678
0.23779754748737678
0.23787769495872405
0.23787769495872405
0.23795784243007134
0.2380379899014186
0.23811813737276588
0.23819828484411318
0.23819828484411318
0.23819828484411318
0.23819828484411318
0.23827843231546045
0.23827843231546045
0.23827843231546045
0.23843872725815501
0.23843872725815501
0.23859902220084955
0.23867916967219685
0.23867916967219685
0.23867916967219685
0.23867916967219685
0.23867916967219685
0.23867916967219685
0.23867916967219685
0.23867916967219685
0.23867916967219685
0.23867916967219685
0.23875931714354412
0.2388394646148914
0.2388394646148914
0.2389196120862387
0.23899975955758596
0.23907990702893323
0.23907990702893323
0.23916005450028052
0.2392402019716278
0.2392402019716278
0.2392402019716278
0.23932034944297506
0.23932034944297506
0.23940049691432236
0.23940049691432236
0.23956079185701692
0.2396409393283642
0.23972108679971146
0.2399615292137533
0.2399615292137533
0.2399615292137533
0.24020197162779514
0.24028211909914243
0.24044241404183697
0.2406828564558788
0.24084315139857337
0.24092329886992064
0.24092329886992064
0.24092329886992064
0.24100344634126794
0.24124388875530978
0.24156447864069888
0.24172477358339345
0.24180492105474072
0.24180492105474072
0.24188506852608802
0.24204536346878255
0.24220565841147712
0.2423659533541717
0.24244610082551896
0.24276669071090806
0.24276669071090806
0.2430071331249499
0.2430872805962972
0.24324757553899173
0.24332772301033903
0.24364831289572814
0.24396890278111727
0.2442093451951591
0.24444978760920094
0.24469023002324278
0.2449306724372846
0.24501081990863188
0.24501081990863188
0.24517111485132645
0.24517111485132645
0.245331409794021
0.24549170473671555
0.2460527370361465
0.24621303197884106
0.2464534743928829
0.24669391680692473
0.2468542117496193
0.24701450669231387
0.2472549491063557
0.2475755389917448
0.24789612887713391
0.2479762763484812
0.2479762763484812
0.24813657129117575
0.24837701370521761
0.24853730864791215
0.24853730864791215
0.24861745611925945
0.24869760359060672
0.24869760359060672
0.24869760359060672
0.24869760359060672
0.248777751061954
0.248777751061954
0.24885789853330129
0.24893804600464856
0.24909834094734312
0.24909834094734312
0.2491784884186904
0.2491784884186904
0.2491784884186904
0.2491784884186904
0.2491784884186904
0.24933878336138496
0.24933878336138496
0.24933878336138496
0.24941893083273223
0.24941893083273223
0.24941893083273223
0.2494990783040795
0.2494990783040795
0.2494990783040795
0.24965937324677406
0.24973952071812133
0.24973952071812133
0.24973952071812133
0.24973952071812133
0.24973952071812133
0.24973952071812133
0.24973952071812133
0.24973952071812133
0.24973952071812133
0.24973952071812133
0.24981966818946863
0.24981966818946863
0.24981966818946863
0.2498998156608159
0.24997996313216317
0.24997996313216317
0.25006011060351047
0.25014025807485774
0.25014025807485774
0.250220405546205
0.250220405546205
0.2503005530175523
0.2503005530175523
0.2503005530175523
0.2503005530175523
0.2503005530175523
0.2503807004888996
0.25046084796024687
0.25046084796024687
0.25046084796024687
0.25046084796024687
0.25046084796024687
0.25046084796024687
0.25046084796024687
0.25046084796024687
0.25046084796024687
0.25046084796024687
0.25046084796024687
0.25046084796024687
0.25046084796024687
0.25054099543159414
0.25054099543159414
0.25054099543159414
0.25054099543159414
0.25054099543159414
0.25054099543159414
0.25054099543159414
0.25054099543159414
0.25054099543159414
0.25054099543159414
0.25054099543159414
0.2506211429029414
0.2507012903742887
0.25078143784563595
0.25078143784563595
0.25078143784563595
0.25078143784563595
0.25078143784563595
0.25078143784563595
0.25078143784563595
0.25086158531698327
0.25086158531698327
0.25086158531698327
0.25086158531698327
0.25094173278833054
0.25094173278833054
0.25094173278833054
0.25094173278833054
0.25094173278833054
0.25094173278833054
0.25094173278833054
0.2510218802596778
0.2510218802596778
0.2510218802596778
0.2510218802596778
0.2511020277310251
0.2511020277310251
0.2511020277310251
0.25118217520237235
0.25118217520237235
0.2512623226737196
0.2512623226737196
0.2512623226737196
0.25134247014506694
0.2514226176164142
0.2514226176164142
0.2514226176164142
0.2515027650877615
0.25158291255910875
0.25158291255910875
0.25158291255910875
0.25174320750180335
0.25174320750180335
0.25174320750180335
0.25174320750180335
0.25174320750180335
0.25174320750180335
0.2518233549731506
0.2519035024444979
0.2519035024444979
0.2519035024444979
0.2519035024444979
0.2519035024444979
0.25198364991584515
0.25198364991584515
0.25198364991584515
0.2520637973871924
0.2520637973871924
0.2520637973871924
0.2520637973871924
0.2520637973871924
0.2520637973871924
0.2520637973871924
0.2520637973871924
0.2521439448585397
0.2521439448585397
0.2521439448585397
0.2521439448585397
0.2521439448585397
0.2521439448585397
0.2521439448585397
0.2521439448585397
0.252224092329887
0.252224092329887
0.252224092329887
0.252224092329887
0.2523042398012343
0.2523042398012343
0.25238438727258156
0.25238438727258156
0.2524645347439288
0.2524645347439288
0.2524645347439288
0.2524645347439288
0.2524645347439288
0.2524645347439288
0.2524645347439288
0.2525446822152761
0.2525446822152761
0.2525446822152761
0.2525446822152761
0.2525446822152761
0.2525446822152761
0.2525446822152761
0.2525446822152761
0.2525446822152761
0.2525446822152761
0.2525446822152761
0.2525446822152761
0.2525446822152761
0.2525446822152761
0.2525446822152761
0.2525446822152761
0.2525446822152761
0.2525446822152761
0.25262482968662336
0.25262482968662336
0.25262482968662336
0.2527049771579707
0.25278512462931796
0.2529454195720125
0.25302556704335977
0.25302556704335977
0.25310571451470704
0.25310571451470704
0.25310571451470704
0.25318586198605436
0.25326600945740163
0.2533461569287489
0.2533461569287489
0.2533461569287489
0.2533461569287489
0.2533461569287489
0.2533461569287489
0.2533461569287489
0.2533461569287489
0.2533461569287489
0.2533461569287489
0.2533461569287489
0.2533461569287489
0.2533461569287489
0.25342630440009617
0.25342630440009617
0.25342630440009617
0.25350645187144344
0.25350645187144344
0.25350645187144344
0.25350645187144344
0.2535865993427907
0.2535865993427907
0.25366674681413803
0.25366674681413803
0.25366674681413803
0.25366674681413803
0.25366674681413803
0.25366674681413803
0.25366674681413803
0.25366674681413803
0.2537468942854853
0.2537468942854853
0.2537468942854853
0.2537468942854853
0.25382704175683257
0.25382704175683257
0.25382704175683257
0.25382704175683257
0.25382704175683257
0.25382704175683257
0.25382704175683257
0.25382704175683257
0.25390718922817984
0.25390718922817984
0.25390718922817984
0.25390718922817984
0.25390718922817984
0.25390718922817984
0.25390718922817984
0.25390718922817984
0.25390718922817984
0.25390718922817984
0.25390718922817984
0.2539873366995271
0.2539873366995271
0.2539873366995271
0.2539873366995271
0.2539873366995271
0.2539873366995271
0.2539873366995271
0.2539873366995271
0.2539873366995271
0.2539873366995271
0.2539873366995271
0.2539873366995271
0.2539873366995271
0.2539873366995271
0.2539873366995271
0.25406748417087444
0.254227779113569
0.254227779113569
0.254227779113569
0.254227779113569
0.25430792658491624
0.25430792658491624
0.2543880740562635
0.2543880740562635
0.2543880740562635
0.2543880740562635
0.2543880740562635
0.2543880740562635
0.2544682215276108
0.2545483689989581
0.2545483689989581
0.2545483689989581
0.2546285164703054
0.2546285164703054
0.2546285164703054
0.25494910635569445
0.2551895487697363
0.2554299911837781
0.25551013865512545
0.2555902861264727
0.25567043359782
0.25567043359782
0.25567043359782
0.25583072854051453
0.25583072854051453
0.25583072854051453
0.25583072854051453
0.2559108760118618
0.2559108760118618
0.2559108760118618
0.2559910234832091
0.2560711709545564
0.25615131842590366
0.25615131842590366
0.25615131842590366
0.25623146589725093
0.25623146589725093
0.25623146589725093
0.25623146589725093
0.25623146589725093
0.25623146589725093
0.25623146589725093
0.25623146589725093
0.25623146589725093
0.25623146589725093
0.25623146589725093
0.2563116133685982
0.2563116133685982
0.2563116133685982
0.2563116133685982
0.2563116133685982
0.2563116133685982
0.2563116133685982
0.2564719083112928
0.2564719083112928
0.25655205578264006
0.25663220325398733
0.25663220325398733
0.25663220325398733
0.25663220325398733
0.25663220325398733
0.2567123507253346
0.2567924981966819
0.2567924981966819
0.2567924981966819
0.2567924981966819
0.2568726456680292
0.2568726456680292
0.25703294061072374
0.25703294061072374
0.25703294061072374
0.25703294061072374
0.25703294061072374
0.257113088082071
0.257113088082071
0.257113088082071
0.257113088082071
0.2571932355534183
0.2571932355534183
0.2571932355534183
0.2571932355534183
0.2571932355534183
0.2571932355534183
0.2571932355534183
0.2571932355534183
0.25727338302476555
0.25727338302476555
