0.0
0.0
0.040795062915765005
0.040795062915765005
0.040795062915765005
0.040795062915765005
0.040795062915765005
0.040795062915765005
0.040795062915765005
0.040795062915765005
0.040795062915765005
0.040795062915765005
0.08615853169832492
0.091929149635329
0.091929149635329
0.091929149635329
0.091929149635329
0.091929149635329
0.091929149635329
0.091929149635329
0.11316822954235795
0.11316822954235795
0.11316822954235795
0.11316822954235795
0.11316822954235795
0.11316822954235795
0.11316822954235795
0.11316822954235795
0.11316822954235795
0.11316822954235795
0.11316822954235795
0.11316822954235795
0.11316822954235795
0.11316822954235795
0.11316822954235795
0.11316822954235795
0.11316822954235795
0.11316822954235795
0.11316822954235795
0.11316822954235795
0.11316822954235795
0.11316822954235795
0.11396970425583072
0.11396970425583072
0.11429029414121984
0.11429029414121984
0.11773663540915284
0.11805722529454196
0.12038150196361305
0.12038150196361305
0.12038150196361305
0.12038150196361305
0.12038150196361305
0.12038150196361305
0.12038150196361305
0.12038150196361305
0.12046164943496032
0.12046164943496032
0.12126312414843311
0.12126312414843311
0.12214474633325319
0.12238518874729502
0.12238518874729502
0.12238518874729502
0.12238518874729502
0.12238518874729502
0.12238518874729502
0.12238518874729502
0.12238518874729502
0.12238518874729502
0.12238518874729502
0.12238518874729502
0.12238518874729502
0.12238518874729502
0.12238518874729502
0.12238518874729502
0.12238518874729502
0.12262563116133686
0.12262563116133686
0.12262563116133686
0.12278592610403141
0.12278592610403141
0.12318666346076781
0.12334695840346237
0.12350725334615693
0.12350725334615693
0.12350725334615693
0.12414843311693516
0.12414843311693516
0.12414843311693516
0.124388875530977
0.124388875530977
0.124388875530977
0.124388875530977
0.124388875530977
0.1255109401298389
0.1255109401298389
0.1255109401298389
0.1255109401298389
0.1255109401298389
0.1255109401298389
0.1255109401298389
0.125831530015228
0.125831530015228
0.125831530015228
0.125831530015228
0.125831530015228
0.1259116774865753
0.12647270978600625
0.12647270978600625
0.12647270978600625
0.12647270978600625
0.12647270978600625
0.12655285725735352
0.12655285725735352
0.12663300472870082
0.12663300472870082
0.12671315220004808
0.1274344794421736
0.1274344794421736
0.1274344794421736
0.1274344794421736
0.1274344794421736
0.12767492185621543
0.12767492185621543
0.12775506932756273
0.12775506932756273
0.12775506932756273
0.12903742886911918
0.12903742886911918
0.12911757634046644
0.129277871283161
0.129277871283161
0.1293580187545083
0.1293580187545083
0.1293580187545083
0.12943816622585558
0.12943816622585558
0.12951831369720285
0.12951831369720285
0.12951831369720285
0.12951831369720285
0.12951831369720285
0.12951831369720285
0.12951831369720285
0.12951831369720285
0.12951831369720285
0.12951831369720285
0.12951831369720285
0.12959846116855014
0.12959846116855014
0.12959846116855014
0.12959846116855014
0.12959846116855014
0.12959846116855014
0.12959846116855014
0.12959846116855014
0.12959846116855014
0.12959846116855014
0.12983890358259198
0.12991905105393925
0.12991905105393925
0.13039993588202292
0.13039993588202292
0.1304800833533702
0.1304800833533702
0.1304800833533702
0.1304800833533702
0.1304800833533702
0.1304800833533702
0.1304800833533702
0.1305602308247175
0.1305602308247175
0.1305602308247175
0.1305602308247175
0.1305602308247175
0.1305602308247175
0.1305602308247175
0.1305602308247175
0.13064037829606476
0.13064037829606476
0.13064037829606476
0.13064037829606476
0.13064037829606476
0.13064037829606476
0.13064037829606476
0.13104111565280116
0.13104111565280116
0.13104111565280116
0.13104111565280116
0.13104111565280116
0.13104111565280116
0.13104111565280116
0.13104111565280116
0.13112126312414843
0.13112126312414843
0.13136170553819027
0.13136170553819027
0.13136170553819027
0.13136170553819027
0.13136170553819027
0.13136170553819027
0.13136170553819027
0.13144185300953756
0.13144185300953756
0.13144185300953756
0.13144185300953756
0.13144185300953756
0.13144185300953756
0.13192273783762123
0.13192273783762123
0.1320028853089685
0.13208303278031577
0.13208303278031577
0.13216318025166307
0.13216318025166307
0.13216318025166307
0.13216318025166307
0.13216318025166307
0.13256391760839945
0.13264406507974674
0.13264406507974674
0.132724212551094
0.132724212551094
0.132724212551094
0.132724212551094
0.132724212551094
0.132724212551094
0.132724212551094
0.132724212551094
0.132724212551094
0.13288450749378858
0.13288450749378858
0.13288450749378858
0.13288450749378858
0.13304480243648312
0.13312494990783041
0.13312494990783041
0.13312494990783041
0.13312494990783041
0.13312494990783041
0.13312494990783041
0.13312494990783041
0.13312494990783041
0.13312494990783041
0.13312494990783041
0.13312494990783041
0.1335256872645668
0.1335256872645668
0.1335256872645668
0.1336058347359141
0.1336058347359141
0.1336058347359141
0.1336058347359141
0.1336058347359141
0.1336058347359141
0.1336058347359141
0.1336058347359141
0.1336058347359141
0.1336058347359141
0.1336058347359141
0.1336058347359141
0.1336058347359141
0.1336058347359141
0.1336058347359141
0.1336058347359141
0.1336058347359141
0.1336058347359141
0.1336058347359141
0.1336058347359141
0.1336058347359141
0.1336058347359141
0.1336058347359141
0.1336058347359141
0.1336058347359141
0.13384627714995592
0.13384627714995592
0.13440730944938686
0.13440730944938686
0.13448745692073416
0.13496834174881783
0.13512863669151237
0.13512863669151237
0.13512863669151237
0.13512863669151237
0.13512863669151237
0.13512863669151237
0.13512863669151237
0.13512863669151237
0.13512863669151237
0.13512863669151237
0.13552937404824877
0.13552937404824877
0.13552937404824877
0.13552937404824877
0.13552937404824877
0.13593011140498518
0.13601025887633245
0.13601025887633245
0.13601025887633245
0.13601025887633245
0.13601025887633245
0.13601025887633245
0.13609040634767974
0.13609040634767974
0.13609040634767974
0.13609040634767974
0.13609040634767974
0.13609040634767974
0.13609040634767974
0.13609040634767974
0.13633084876172158
0.13633084876172158
0.13633084876172158
0.13633084876172158
0.13633084876172158
0.13633084876172158
0.13633084876172158
0.13633084876172158
0.13633084876172158
0.13633084876172158
0.13633084876172158
0.13633084876172158
0.1369720285324998
0.13713232347519436
0.13713232347519436
0.13713232347519436
0.13713232347519436
0.13713232347519436
0.13713232347519436
0.13713232347519436
0.13713232347519436
0.13713232347519436
0.13713232347519436
0.13713232347519436
0.13729261841788892
0.13729261841788892
0.13729261841788892
0.13729261841788892
0.13729261841788892
0.13729261841788892
0.13729261841788892
0.13729261841788892
0.1373727658892362
0.1373727658892362
0.1373727658892362
0.13857497795944537
0.13865512543079267
0.13865512543079267
0.13865512543079267
0.13865512543079267
0.13865512543079267
0.13865512543079267
0.13865512543079267
0.13865512543079267
0.13865512543079267
0.13865512543079267
0.13865512543079267
0.13865512543079267
0.13865512543079267
0.13865512543079267
0.13865512543079267
0.13865512543079267
0.13865512543079267
0.13865512543079267
0.13865512543079267
0.13865512543079267
0.13873527290213994
0.13873527290213994
0.1388154203734872
0.1388154203734872
0.1388154203734872
0.1388154203734872
0.1388154203734872
0.1388154203734872
0.1388154203734872
0.13937645267291818
0.13937645267291818
0.13937645267291818
0.13937645267291818
0.13937645267291818
0.13937645267291818
0.13945660014426545
0.13945660014426545
0.13945660014426545
0.13945660014426545
0.13945660014426545
0.13945660014426545
0.13945660014426545
0.13945660014426545
0.13945660014426545
0.13993748497234912
0.13993748497234912
0.13993748497234912
0.13993748497234912
0.13993748497234912
0.13993748497234912
0.13993748497234912
0.13993748497234912
0.1400176324436964
0.1400176324436964
0.1400176324436964
0.1400176324436964
0.1400176324436964
0.1400176324436964
0.1400176324436964
0.1400176324436964
0.14025807485773825
0.14025807485773825
0.14025807485773825
0.14025807485773825
0.14025807485773825
0.14025807485773825
0.14025807485773825
0.14025807485773825
0.14025807485773825
0.14025807485773825
0.14025807485773825
0.14025807485773825
0.14025807485773825
0.14025807485773825
0.14025807485773825
0.14057866474312736
0.14065881221447463
0.14065881221447463
0.14065881221447463
0.14065881221447463
0.14065881221447463
0.1411396970425583
0.1411396970425583
0.1412198445139056
0.1412198445139056
0.1412198445139056
0.14146028692794743
0.14146028692794743
0.1415404343992947
0.1415404343992947
0.14162058187064197
0.14162058187064197
0.14162058187064197
0.14162058187064197
0.14162058187064197
0.14162058187064197
0.14162058187064197
0.14170072934198927
0.14170072934198927
0.14170072934198927
0.14170072934198927
0.14170072934198927
0.14170072934198927
0.14170072934198927
0.14170072934198927
0.14170072934198927
0.14170072934198927
0.14170072934198927
0.14170072934198927
0.14170072934198927
0.1419411717560311
0.1419411717560311
0.1419411717560311
0.1419411717560311
0.1419411717560311
0.1419411717560311
0.1419411717560311
0.1419411717560311
0.1419411717560311
0.1419411717560311
0.1419411717560311
0.1419411717560311
0.1419411717560311
0.1419411717560311
0.1419411717560311
0.1419411717560311
0.1419411717560311
0.1419411717560311
0.14202131922737837
0.14202131922737837
0.14218161417007294
0.14218161417007294
0.14218161417007294
0.14218161417007294
0.14218161417007294
0.14218161417007294
0.14218161417007294
0.14218161417007294
0.14218161417007294
0.14218161417007294
0.14218161417007294
0.14242205658411478
0.14242205658411478
0.14242205658411478
0.14242205658411478
0.14242205658411478
0.14242205658411478
0.14242205658411478
0.14242205658411478
0.14250220405546205
0.14250220405546205
0.14250220405546205
0.14250220405546205
0.14250220405546205
0.14250220405546205
0.14250220405546205
0.14250220405546205
0.14250220405546205
0.14250220405546205
0.14258235152680934
0.14258235152680934
0.1426624989981566
0.1426624989981566
0.1426624989981566
0.1426624989981566
0.1426624989981566
0.1426624989981566
0.1426624989981566
0.1426624989981566
0.1426624989981566
0.14274264646950388
0.14274264646950388
0.14274264646950388
0.14274264646950388
0.14274264646950388
0.14274264646950388
0.14274264646950388
0.14274264646950388
0.14274264646950388
0.14290294141219845
0.14290294141219845
0.14290294141219845
0.14290294141219845
0.14290294141219845
0.14290294141219845
0.14362426865432396
0.14362426865432396
0.14362426865432396
0.14362426865432396
0.1438647110683658
0.1438647110683658
0.1438647110683658
0.1438647110683658
0.1441853009537549
0.1441853009537549
0.1441853009537549
0.1441853009537549
0.1442654484251022
0.1442654484251022
0.1442654484251022
0.1442654484251022
0.1442654484251022
0.1442654484251022
0.1442654484251022
0.1442654484251022
0.1442654484251022
0.1442654484251022
0.1442654484251022
0.1442654484251022
0.1442654484251022
0.1442654484251022
0.14434559589644946
0.14434559589644946
0.14434559589644946
0.14434559589644946
0.14434559589644946
0.14450589083914403
0.14450589083914403
0.14450589083914403
0.14450589083914403
0.14450589083914403
0.14450589083914403
0.14450589083914403
0.14450589083914403
0.14450589083914403
0.14450589083914403
0.14450589083914403
0.14450589083914403
0.14450589083914403
0.14450589083914403
0.1445860383104913
0.1445860383104913
0.1445860383104913
0.1445860383104913
0.1445860383104913
0.1445860383104913
0.1445860383104913
0.14490662819588043
0.14490662819588043
0.1449867756672277
0.1449867756672277
0.1449867756672277
0.1449867756672277
0.1449867756672277
0.1449867756672277
0.1449867756672277
0.1449867756672277
0.1449867756672277
0.1449867756672277
0.1449867756672277
0.1449867756672277
0.1449867756672277
0.1449867756672277
0.14522721808126954
0.14522721808126954
0.14522721808126954
0.14522721808126954
0.14522721808126954
0.14522721808126954
0.14522721808126954
0.14522721808126954
0.14522721808126954
0.14522721808126954
0.14522721808126954
0.14522721808126954
0.14522721808126954
0.14522721808126954
0.14522721808126954
0.14522721808126954
0.14522721808126954
0.14562795543800594
0.14562795543800594
0.14562795543800594
0.14562795543800594
0.14562795543800594
0.14562795543800594
0.14562795543800594
0.14562795543800594
0.14562795543800594
0.14586839785204778
0.14586839785204778
0.14586839785204778
0.14586839785204778
0.14586839785204778
0.14586839785204778
0.14586839785204778
0.14586839785204778
0.14586839785204778
0.14586839785204778
0.14586839785204778
0.14586839785204778
0.14586839785204778
0.14586839785204778
0.14586839785204778
0.14586839785204778
0.14586839785204778
0.14586839785204778
0.14586839785204778
0.14586839785204778
0.14586839785204778
0.14586839785204778
0.14586839785204778
0.14586839785204778
0.14586839785204778
0.14586839785204778
0.14594854532339505
0.14594854532339505
0.14594854532339505
0.14594854532339505
0.14594854532339505
0.14594854532339505
0.14594854532339505
0.14594854532339505
0.14594854532339505
0.14594854532339505
0.14594854532339505
0.14594854532339505
0.14594854532339505
0.14594854532339505
0.14594854532339505
0.14594854532339505
0.14594854532339505
0.14594854532339505
0.14594854532339505
0.14594854532339505
0.14594854532339505
0.14594854532339505
0.14594854532339505
0.14594854532339505
0.14594854532339505
0.14594854532339505
0.14594854532339505
0.14594854532339505
0.14594854532339505
0.14594854532339505
0.14594854532339505
0.14642943015147872
0.14642943015147872
0.14642943015147872
0.14642943015147872
0.14642943015147872
0.14642943015147872
0.14642943015147872
0.14642943015147872
0.14642943015147872
0.14642943015147872
0.146509577622826
0.146509577622826
0.146509577622826
0.146509577622826
0.146509577622826
0.146509577622826
0.146509577622826
0.14658972509417328
0.14658972509417328
0.14658972509417328
0.14658972509417328
0.14658972509417328
0.14658972509417328
0.14658972509417328
0.14658972509417328
0.14658972509417328
0.14658972509417328
0.14658972509417328
0.14658972509417328
0.14666987256552055
0.14666987256552055
0.14666987256552055
0.14666987256552055
0.14666987256552055
0.14666987256552055
0.14666987256552055
0.14666987256552055
0.14666987256552055
0.14666987256552055
0.14666987256552055
0.14666987256552055
0.14666987256552055
0.14675002003686782
0.14675002003686782
0.14675002003686782
0.14675002003686782
0.14675002003686782
0.14675002003686782
0.14675002003686782
0.14675002003686782
0.14675002003686782
0.14675002003686782
0.14683016750821512
0.14683016750821512
0.14683016750821512
0.1476316422216879
0.1476316422216879
0.1476316422216879
0.1476316422216879
0.1476316422216879
0.1476316422216879
0.1476316422216879
0.1476316422216879
0.1476316422216879
0.1476316422216879
0.1476316422216879
0.1476316422216879
0.1476316422216879
0.1476316422216879
0.1476316422216879
0.1476316422216879
0.1476316422216879
0.1476316422216879
0.1476316422216879
0.1476316422216879
0.1476316422216879
0.1476316422216879
0.1476316422216879
0.1476316422216879
0.1476316422216879
0.1476316422216879
0.1476316422216879
0.1477117896930352
0.1477117896930352
0.1477117896930352
0.1477117896930352
0.1477117896930352
0.1477117896930352
0.1477117896930352
0.1477117896930352
0.1477117896930352
0.1477117896930352
0.1477117896930352
0.1477117896930352
0.1477117896930352
0.1477117896930352
0.1477117896930352
0.1477117896930352
0.1477117896930352
0.1477117896930352
0.1477117896930352
0.1477117896930352
0.1477117896930352
0.1477117896930352
0.1477117896930352
0.1477117896930352
0.1477117896930352
0.1477117896930352
0.1477117896930352
0.1477117896930352
0.1477117896930352
0.14779193716438246
0.14779193716438246
0.14787208463572973
0.14787208463572973
0.14787208463572973
0.14787208463572973
0.14795223210707703
0.14795223210707703
0.14795223210707703
0.14795223210707703
0.14795223210707703
0.1480323795784243
0.1480323795784243
0.1480323795784243
0.1480323795784243
0.1480323795784243
0.1480323795784243
0.1480323795784243
0.1480323795784243
0.14827282199246614
0.14827282199246614
0.14827282199246614
0.14827282199246614
0.1483529694638134
0.1483529694638134
0.1484331169351607
0.1487537068205498
0.1487537068205498
0.1487537068205498
0.1487537068205498
0.1487537068205498
0.1487537068205498
0.1487537068205498
0.1487537068205498
0.1487537068205498
0.1487537068205498
0.1487537068205498
0.1487537068205498
0.1487537068205498
0.1487537068205498
0.1487537068205498
0.1487537068205498
0.1487537068205498
0.1487537068205498
0.1487537068205498
0.14891400176324437
0.14891400176324437
0.14891400176324437
0.14891400176324437
0.14899414923459164
0.14899414923459164
0.14907429670593894
0.14907429670593894
0.14907429670593894
0.14907429670593894
0.14907429670593894
0.14907429670593894
0.14907429670593894
0.14907429670593894
0.14907429670593894
0.14907429670593894
0.14907429670593894
0.14907429670593894
0.14907429670593894
0.14907429670593894
0.14907429670593894
0.14907429670593894
0.14907429670593894
0.14907429670593894
0.14907429670593894
0.14907429670593894
0.14907429670593894
0.14907429670593894
0.14907429670593894
0.14907429670593894
0.14907429670593894
0.14907429670593894
0.14907429670593894
0.14907429670593894
0.14907429670593894
0.14907429670593894
0.14907429670593894
0.14907429670593894
0.14907429670593894
0.14907429670593894
0.14907429670593894
0.1491544441772862
0.1491544441772862
0.1491544441772862
0.1491544441772862
0.1491544441772862
0.1491544441772862
0.1491544441772862
0.1491544441772862
0.1491544441772862
0.1491544441772862
0.1491544441772862
0.1491544441772862
0.1491544441772862
0.1491544441772862
0.1491544441772862
0.1491544441772862
0.1491544441772862
0.1491544441772862
0.1491544441772862
0.1491544441772862
0.1491544441772862
0.1491544441772862
0.1491544441772862
0.1491544441772862
0.1491544441772862
0.1491544441772862
0.1491544441772862
0.1491544441772862
0.1491544441772862
0.1491544441772862
0.1491544441772862
0.1491544441772862
0.1491544441772862
0.1491544441772862
0.1491544441772862
0.1491544441772862
0.1491544441772862
0.1491544441772862
0.1491544441772862
0.1491544441772862
0.1491544441772862
0.1491544441772862
0.1491544441772862
0.1491544441772862
0.1491544441772862
0.14923459164863348
0.14923459164863348
0.14923459164863348
0.14923459164863348
0.14931473911998078
0.14931473911998078
0.14931473911998078
0.14931473911998078
0.14931473911998078
0.14931473911998078
0.14931473911998078
0.14931473911998078
0.14931473911998078
0.14931473911998078
0.14931473911998078
0.14931473911998078
0.14931473911998078
0.14931473911998078
0.14931473911998078
0.14931473911998078
0.14931473911998078
0.14931473911998078
0.14931473911998078
0.14931473911998078
0.14939488659132805
0.14939488659132805
0.14939488659132805
0.14939488659132805
0.14939488659132805
0.14947503406267532
0.14971547647671715
0.14979562394806445
0.14979562394806445
0.14979562394806445
0.14979562394806445
0.14979562394806445
0.14979562394806445
0.14979562394806445
0.14979562394806445
0.14987577141941172
0.14987577141941172
0.14987577141941172
0.14987577141941172
0.14987577141941172
0.14987577141941172
0.149955918890759
0.149955918890759
0.149955918890759
0.149955918890759
0.149955918890759
0.149955918890759
0.149955918890759
0.149955918890759
0.149955918890759
0.15011621383345355
0.15011621383345355
0.15011621383345355
0.15011621383345355
0.15011621383345355
0.15011621383345355
0.15011621383345355
0.15011621383345355
0.15011621383345355
0.15011621383345355
0.15011621383345355
0.15011621383345355
0.15011621383345355
0.15011621383345355
0.15011621383345355
0.15011621383345355
0.15019636130480082
0.15019636130480082
0.15019636130480082
0.15019636130480082
0.15019636130480082
0.15019636130480082
