0.029734711869840506
0.03951270337420854
0.04600464855333814
0.05201570890438407
0.05586278752905346
0.06011060351045924
0.06395768213512863
0.06796505570249259
0.06964815260078544
0.07253346156928749
0.07373567363949668
0.07549891800913681
0.07646068766530416
0.07758275226416607
0.07878496433437525
0.07958643904784804
0.08070850364670995
0.08159012583153001
0.0831930752584756
0.0843151398573375
0.08519676204215756
0.0858379418129358
0.08679971146910315
0.08752103871122865
0.08800192353931234
0.08848280836739601
0.08912398813817424
0.0892842830808688
0.08976516790895248
0.0900857577943416
0.09048649515107798
0.09088723250781437
0.09112767492185622
0.09128796986455077
0.09184900216398173
0.09216959204937085
0.09265047687745452
0.09297106676284363
0.09337180411958003
0.09393283641901098
0.09425342630440009
0.09473431113248378
0.09529534343191472
0.095375490903262
0.09561593331730384
0.09609681814538751
0.09657770297347118
0.0968982928588603
0.09737917768694397
0.09753947262963854
0.09777991504368037
0.09786006251502766
0.09794020998637493
0.09866153722850043
0.098821832171195
0.09906227458523684
0.09930271699927867
0.09938286447062596
0.09970345435601506
0.10010419171275146
0.10050492906948785
0.10090566642622426
0.10106596136891881
0.10154684619700248
0.1018674360823916
0.10218802596778072
0.10250861585316984
0.10258876332451711
0.10266891079586439
0.11380940931313617
0.11396970425583072
0.11421014666987256
0.11453073655526168
0.11461088402660896
0.11501162138334535
0.11501162138334535
0.11533221126873447
0.11541235874008175
0.11549250621142904
0.11573294862547087
0.11581309609681814
0.11605353851085998
0.11645427586759638
0.11653442333894366
0.11669471828163822
0.11693516069568005
0.11725575058106917
0.117496192995111
0.11773663540915284
0.11797707782319468
0.11805722529454196
0.1182976677085838
0.11853811012262563
0.1186182575939729
0.11893884747936202
0.11893884747936202
0.11909914242205659
0.11966017472148753
0.1198204696641821
0.11990061713552938
0.12006091207822393
0.12014105954957122
0.12038150196361305
0.1205417969063076
0.12062194437765489
0.12094253426304401
0.12110282920573856
0.12118297667708584
0.1213432716197804
0.12158371403382223
0.12174400897651678
0.12190430391921135
0.12198445139055863
0.1220645988619059
0.12214474633325319
0.12214474633325319
0.12222489380460047
0.12230504127594774
0.12254548368998958
0.12254548368998958
0.12262563116133686
0.12278592610403141
0.12302636851807325
0.12350725334615693
0.12350725334615693
0.12390799070289332
0.1239881381742406
0.12406828564558788
0.12414843311693516
0.12414843311693516
0.12430872805962973
0.12446902300232428
0.12462931794501883
0.1247896128877134
0.12503005530175523
0.1251102027731025
0.1251102027731025
0.12527049771579707
0.12527049771579707
0.12559108760118617
0.12567123507253347
0.125831530015228
0.12599182495792258
0.12607197242926985
0.1262322673719644
0.12655285725735352
0.12671315220004808
0.12679329967139535
0.12679329967139535
0.12687344714274265
0.12703374208543722
0.12703374208543722
0.12719403702813176
0.12727418449947905
0.12727418449947905
0.12735433197082632
0.1275146269135209
0.12783521679891
0.12783521679891
0.12799551174160456
0.12807565921295183
0.12807565921295183
0.12831610162699367
0.12847639656968823
0.12847639656968823
0.12871683898373007
0.12879698645507734
0.12879698645507734
0.12879698645507734
0.1288771339264246
0.1288771339264246
0.12903742886911918
0.129277871283161
0.1293580187545083
0.12943816622585558
0.12943816622585558
0.12951831369720285
0.12959846116855014
0.1296786086398974
0.12983890358259198
0.12991905105393925
0.13007934599663382
0.13015949346798109
0.1304800833533702
0.1304800833533702
0.13080067323875932
0.13080067323875932
0.13080067323875932
0.13096096818145386
0.13104111565280116
0.1312014105954957
0.1312014105954957
0.13136170553819027
0.13144185300953756
0.13144185300953756
0.13152200048088483
0.1316822954235794
0.13176244289492667
0.13184259036627394
0.13192273783762123
0.13216318025166307
0.13224332772301034
0.13224332772301034
0.1323234751943576
0.13256391760839945
0.13256391760839945
0.13256391760839945
0.13256391760839945
0.13264406507974674
0.13280436002244128
0.13280436002244128
0.13296465496513585
0.13296465496513585
0.13304480243648312
0.13304480243648312
0.13312494990783041
0.13320509737917768
0.13328524485052495
0.13328524485052495
0.13328524485052495
0.13328524485052495
0.13336539232187225
0.13368598220726136
0.13376612967860865
0.1339264246213032
0.13408671956399776
0.13424701450669232
0.1343271619780396
0.13440730944938686
0.13448745692073416
0.13448745692073416
0.13456760439208143
0.13456760439208143
0.1346477518634287
0.1346477518634287
0.134727899334776
0.13480804680612327
0.1350484892201651
0.13512863669151237
0.13520878416285967
0.13520878416285967
0.1353690791055542
0.1354492265769015
0.1354492265769015
0.1354492265769015
0.13560952151959604
0.13568966899094334
0.1358499639336379
0.1358499639336379
0.13601025887633245
0.13601025887633245
0.13609040634767974
0.136170553819027
0.13625070129037428
0.13641099623306885
0.13681173358980525
0.13681173358980525
0.1370521760038471
0.13713232347519436
0.13713232347519436
0.13713232347519436
0.13729261841788892
0.1373727658892362
0.13745291336058346
0.13753306083193076
0.13753306083193076
0.13753306083193076
0.13753306083193076
0.13761320830327803
0.13761320830327803
0.13761320830327803
0.13761320830327803
0.13761320830327803
0.13761320830327803
0.1376933557746253
0.1377735032459726
0.13785365071731986
0.1380940931313617
0.13825438807405627
0.13825438807405627
0.13833453554540354
0.13841468301675083
0.1384948304880981
0.13873527290213994
0.1388154203734872
0.13897571531618177
0.13897571531618177
0.13905586278752904
0.13905586278752904
0.13905586278752904
0.13905586278752904
0.13905586278752904
0.13929630520157088
0.13937645267291818
0.13961689508696
0.13977719002965455
0.13985733750100185
0.14025807485773825
0.14033822232908552
0.14033822232908552
0.1404183698004328
0.1404985172717801
0.14057866474312736
0.14057866474312736
0.14065881221447463
0.14065881221447463
0.14073895968582192
0.14073895968582192
0.14089925462851646
0.14097940209986376
0.14105954957121103
0.14129999198525287
0.14138013945660013
0.14146028692794743
0.14162058187064197
0.14170072934198927
0.14170072934198927
0.1418610242846838
0.1419411717560311
0.14202131922737837
0.14218161417007294
0.1422617616414202
0.14250220405546205
0.1426624989981566
0.1426624989981566
0.14274264646950388
0.14274264646950388
0.14274264646950388
0.14274264646950388
0.14282279394085118
0.14306323635489301
0.14314338382624028
0.14330367876893485
0.14330367876893485
0.1434639737116294
0.1434639737116294
0.1434639737116294
0.14354412118297669
0.14354412118297669
0.14354412118297669
0.14354412118297669
0.14370441612567122
0.14378456359701852
0.14378456359701852
0.14378456359701852
0.1438647110683658
0.14394485853971306
0.14402500601106036
0.1441853009537549
0.1441853009537549
0.14434559589644946
0.14450589083914403
0.14450589083914403
0.1445860383104913
0.1445860383104913
0.1445860383104913
0.1445860383104913
0.1446661857818386
0.14474633325318587
0.14490662819588043
0.1449867756672277
0.1449867756672277
0.14506692313857497
0.14514707060992227
0.14522721808126954
0.1453875130239641
0.14554780796665864
0.14554780796665864
0.14562795543800594
0.1457081029093532
0.1457081029093532
0.14586839785204778
0.14594854532339505
0.14602869279474232
0.14602869279474232
0.1461088402660896
0.14618898773743688
0.14618898773743688
0.14642943015147872
0.14658972509417328
0.14658972509417328
0.14675002003686782
0.14683016750821512
0.1469103149795624
0.1469103149795624
0.14707060992225696
0.14707060992225696
0.14715075739360423
0.14723090486495152
0.14723090486495152
0.14723090486495152
0.1473110523362988
0.14739119980764606
0.14747134727899336
0.14755149475034063
0.1476316422216879
0.1476316422216879
0.1477117896930352
0.1477117896930352
0.1477117896930352
0.14779193716438246
0.14779193716438246
0.14779193716438246
0.14779193716438246
0.14787208463572973
0.14787208463572973
0.14787208463572973
0.14795223210707703
0.1480323795784243
0.14811252704977157
0.14811252704977157
0.14819267452111887
0.14819267452111887
0.14827282199246614
0.14827282199246614
0.1484331169351607
0.14851326440650797
0.14851326440650797
0.14851326440650797
0.14883385429189708
0.14883385429189708
0.14891400176324437
0.14899414923459164
0.14899414923459164
0.14907429670593894
0.14907429670593894
0.14907429670593894
0.1491544441772862
0.1491544441772862
0.14923459164863348
0.14923459164863348
0.14923459164863348
0.14923459164863348
0.14923459164863348
0.14923459164863348
0.1495551815340226
0.1495551815340226
0.1495551815340226
0.1495551815340226
0.1495551815340226
0.14963532900536988
0.14963532900536988
0.14971547647671715
0.14971547647671715
0.14971547647671715
0.14971547647671715
0.14971547647671715
0.14971547647671715
0.14979562394806445
0.14979562394806445
0.149955918890759
0.149955918890759
0.149955918890759
0.149955918890759
0.15003606636210629
0.15003606636210629
0.15003606636210629
0.15011621383345355
0.15011621383345355
0.15011621383345355
0.15019636130480082
0.15019636130480082
0.15027650877614812
0.1503566562474954
0.15043680371884266
0.1506772461328845
0.1507573936042318
0.1507573936042318
0.1507573936042318
0.15083754107557906
0.15083754107557906
0.15083754107557906
0.15083754107557906
0.15091768854692633
0.15091768854692633
0.15091768854692633
0.15091768854692633
0.15091768854692633
0.15091768854692633
0.15091768854692633
0.15091768854692633
0.15091768854692633
0.15091768854692633
0.15091768854692633
0.15091768854692633
0.15091768854692633
0.15091768854692633
0.15099783601827363
0.1510779834896209
0.15123827843231546
0.15123827843231546
0.15139857337501003
0.15139857337501003
0.1514787208463573
0.1514787208463573
0.1514787208463573
0.1514787208463573
0.1514787208463573
0.1514787208463573
0.15163901578905187
0.15163901578905187
0.1518794582030937
0.15203975314578824
0.15203975314578824
0.1522000480884828
0.1522000480884828
0.1522000480884828
0.1522000480884828
0.15228019555983008
0.15244049050252464
0.15244049050252464
0.15244049050252464
0.15276108038791375
0.15284122785926105
0.15292137533060832
0.1530015228019556
0.1530015228019556
0.1530015228019556
0.1530015228019556
0.1530015228019556
0.15308167027330288
0.15316181774465015
0.15332211268734472
0.153402260158692
0.153402260158692
0.153402260158692
0.15348240763003929
0.15356255510138656
0.15356255510138656
0.15356255510138656
0.15356255510138656
0.15356255510138656
0.15356255510138656
0.15364270257273382
0.15364270257273382
0.15372285004408112
0.15388314498677566
0.15388314498677566
0.15388314498677566
0.15396329245812296
0.15396329245812296
0.15396329245812296
0.15396329245812296
0.1541235874008175
0.15428388234351206
0.15436402981485933
0.15436402981485933
0.15436402981485933
0.15436402981485933
0.1545243247575539
0.1545243247575539
0.1545243247575539
0.1545243247575539
0.15468461970024847
0.15468461970024847
0.15468461970024847
0.15468461970024847
0.15476476717159574
0.15476476717159574
0.15476476717159574
0.15500520958563757
0.15508535705698484
0.15516550452833214
0.15516550452833214
0.15516550452833214
0.15516550452833214
0.15516550452833214
0.15516550452833214
0.1552456519996794
0.15532579947102668
0.15532579947102668
0.15532579947102668
0.15540594694237397
0.15540594694237397
0.1555662418850685
0.1556463893564158
0.15596697924180492
0.15596697924180492
0.15596697924180492
0.1560471267131522
0.15612727418449948
0.15612727418449948
0.15612727418449948
0.15628756912719405
0.15636771659854132
0.15652801154123588
0.15652801154123588
0.15652801154123588
0.15660815901258315
0.15660815901258315
0.15660815901258315
0.15660815901258315
0.15660815901258315
0.15668830648393042
0.15668830648393042
0.15676845395527772
0.15676845395527772
0.15676845395527772
0.15676845395527772
0.15676845395527772
0.15676845395527772
0.156848601426625
0.156848601426625
0.15692874889797226
0.15692874889797226
0.15700889636931956
0.15700889636931956
0.15700889636931956
0.1571691913120141
0.1571691913120141
0.1571691913120141
0.1571691913120141
0.1571691913120141
0.1571691913120141
0.1571691913120141
0.1571691913120141
0.1571691913120141
0.1572493387833614
0.15732948625470866
0.15740963372605593
0.15740963372605593
0.15740963372605593
0.1575699286687505
0.15765007614009777
0.15765007614009777
0.15773022361144506
0.15773022361144506
0.15781037108279233
0.15789051855413963
0.15789051855413963
0.15789051855413963
0.1579706660254869
0.1579706660254869
0.15805081349683417
0.15805081349683417
0.15805081349683417
0.15805081349683417
0.15813096096818147
0.15813096096818147
0.15813096096818147
0.15821110843952874
0.15821110843952874
0.158291255910876
0.158291255910876
0.1583714033822233
0.1583714033822233
0.1583714033822233
0.1583714033822233
0.1583714033822233
0.1583714033822233
0.1583714033822233
0.1583714033822233
0.15845155085357057
0.15845155085357057
0.15845155085357057
0.15845155085357057
0.15845155085357057
0.15845155085357057
0.15845155085357057
0.15845155085357057
0.15845155085357057
0.15845155085357057
0.15845155085357057
0.15853169832491784
0.15853169832491784
0.15853169832491784
0.15853169832491784
0.15853169832491784
0.15853169832491784
0.15861184579626514
0.1586919932676124
0.1586919932676124
0.1586919932676124
0.15877214073895968
0.15877214073895968
0.1590927306243488
0.15925302556704335
0.15933317303839065
0.15949346798108519
0.15949346798108519
0.15949346798108519
0.15949346798108519
0.15965376292377975
0.15965376292377975
0.15973391039512702
0.15973391039512702
0.15973391039512702
0.15981405786647432
0.15981405786647432
0.15981405786647432
0.15981405786647432
0.15997435280916886
0.16021479522321072
0.16021479522321072
0.160294942694558
0.160294942694558
0.160294942694558
0.16045523763725256
0.16045523763725256
0.16045523763725256
0.16045523763725256
0.16053538510859983
0.1606155325799471
0.1606956800512944
0.1606956800512944
0.1606956800512944
0.1606956800512944
0.1606956800512944
0.16077582752264166
0.16077582752264166
0.16085597499398893
0.16093612246533623
0.1610162699366835
0.16117656487937806
0.16117656487937806
0.16117656487937806
0.16117656487937806
0.16117656487937806
0.16125671235072533
0.1613368598220726
0.1613368598220726
0.1614170072934199
0.1614170072934199
0.16149715476476717
0.16149715476476717
0.16157730223611444
0.16157730223611444
0.16165744970746174
0.161737597178809
0.161737597178809
0.16181774465015628
0.16181774465015628
0.16189789212150357
0.1620581870641981
0.1620581870641981
0.1620581870641981
0.1620581870641981
0.16221848200689268
0.16229862947823998
0.16229862947823998
0.16237877694958724
0.16237877694958724
0.16245892442093451
0.16245892442093451
0.1625390718922818
0.1625390718922818
0.1625390718922818
0.16261921936362908
0.16277951430632365
0.16293980924901819
0.16301995672036548
0.16310010419171275
0.16310010419171275
0.16310010419171275
0.1633405466057546
0.17039352408431513
0.17039352408431513
0.17039352408431513
0.17047367155566243
0.17063396649835696
0.17063396649835696
0.17063396649835696
0.17079426144105153
0.17079426144105153
0.1708744089123988
0.1708744089123988
0.1709545563837461
0.1709545563837461
0.17111485132644066
0.17119499879778793
0.17119499879778793
0.17119499879778793
0.17119499879778793
0.1712751462691352
0.1712751462691352
0.1713552937404825
0.1713552937404825
0.1713552937404825
0.1713552937404825
0.17159573615452434
0.17159573615452434
0.1716758836258716
0.17175603109721888
0.17175603109721888
0.17175603109721888
0.17175603109721888
0.17175603109721888
0.17175603109721888
0.17183617856856617
0.17191632603991344
0.1719964735112607
0.172076620982608
0.172076620982608
0.172076620982608
0.172076620982608
0.172076620982608
0.17215676845395528
0.17215676845395528
0.17223691592530255
0.17223691592530255
0.17231706339664984
0.1723972108679971
0.1723972108679971
0.1723972108679971
0.1723972108679971
0.1723972108679971
0.17247735833934438
0.17247735833934438
0.17247735833934438
0.17247735833934438
0.17255750581069168
0.17255750581069168
0.17279794822473352
0.17279794822473352
0.17279794822473352
0.17279794822473352
0.17287809569608079
0.17295824316742806
0.17303839063877535
0.17303839063877535
0.17311853811012262
0.17311853811012262
0.17311853811012262
0.17311853811012262
0.17311853811012262
0.1731986855814699
0.1731986855814699
0.1732788330528172
0.1732788330528172
0.1732788330528172
0.17335898052416446
0.17335898052416446
0.17335898052416446
0.17343912799551175
0.17343912799551175
0.17343912799551175
0.17343912799551175
0.17343912799551175
0.17351927546685902
0.1735994229382063
0.1736795704095536
0.17375971788090086
0.17375971788090086
0.17383986535224813
0.17383986535224813
0.17383986535224813
0.17392001282359543
0.17392001282359543
0.1740001602949427
0.1740001602949427
0.17408030776628997
0.17408030776628997
0.17408030776628997
0.17408030776628997
0.17408030776628997
0.1743207501803318
0.1744008976516791
0.1744008976516791
0.1744008976516791
0.1744008976516791
0.1744008976516791
0.1744008976516791
0.17456119259437364
0.17464134006572093
0.17464134006572093
0.17464134006572093
0.1747214875370682
0.1747214875370682
0.17480163500841547
0.17480163500841547
0.17480163500841547
0.17496192995111004
0.1750420774224573
0.17520237236515188
0.17528251983649915
0.17528251983649915
0.17528251983649915
0.17528251983649915
0.17536266730784644
0.17536266730784644
0.17536266730784644
0.17536266730784644
0.17536266730784644
0.17536266730784644
0.17536266730784644
0.1754428147791937
0.1754428147791937
0.1754428147791937
0.175522962250541
0.175522962250541
0.17560310972188828
0.17560310972188828
0.17560310972188828
0.17560310972188828
0.17560310972188828
0.17560310972188828
0.17560310972188828
0.17560310972188828
0.17568325719323555
0.17568325719323555
0.17568325719323555
0.17568325719323555
0.17584355213593011
0.17592369960727738
0.17600384707862468
0.17600384707862468
0.17600384707862468
0.17600384707862468
0.17600384707862468
0.17600384707862468
0.17600384707862468
0.17600384707862468
0.17600384707862468
0.17600384707862468
0.17608399454997195
0.17616414202131922
0.17616414202131922
0.17624428949266652
0.17624428949266652
0.17624428949266652
0.17624428949266652
0.1763244369640138
0.1763244369640138
0.1763244369640138
0.17656487937805562
0.17656487937805562
0.17656487937805562
0.17656487937805562
0.17656487937805562
0.17656487937805562
0.17656487937805562
0.1767251743207502
0.1767251743207502
0.17680532179209746
0.17680532179209746
0.17680532179209746
0.17680532179209746
0.17680532179209746
0.17680532179209746
0.17680532179209746
0.17688546926344473
0.17688546926344473
0.17696561673479203
0.1770457642061393
0.1770457642061393
0.1770457642061393
0.17712591167748656
0.17720605914883386
0.17720605914883386
0.17720605914883386
0.17728620662018113
0.1773663540915284
0.1773663540915284
0.1773663540915284
0.1774465015628757
0.17760679650557024
0.17760679650557024
0.17768694397691753
0.1778472389196121
0.1778472389196121
0.1778472389196121
0.1778472389196121
0.17800753386230664
0.17808768133365394
0.17808768133365394
0.17824797627634847
0.17840827121904304
0.17840827121904304
0.17840827121904304
0.17840827121904304
0.17840827121904304
0.17840827121904304
0.1784884186903903
0.1785685661617376
0.17864871363308488
0.17864871363308488
0.17864871363308488
0.17872886110443215
0.17872886110443215
0.17880900857577944
0.1788891560471267
0.1788891560471267
0.17896930351847398
0.17904945098982128
0.17912959846116855
0.17920974593251582
0.17920974593251582
0.17920974593251582
0.17920974593251582
0.17928989340386312
0.17937004087521038
0.17937004087521038
0.18169431754428148
0.18177446501562874
0.18177446501562874
0.18185461248697604
0.1819347599583233
0.1819347599583233
0.1819347599583233
0.18201490742967058
0.18201490742967058
