0.15867188123553355
0.3006624630856413
0.3274004310000798
0.3402506185649294
0.34615691595498443
0.3503871019235374
0.35334025061856494
0.3566924734615692
0.3594061776678107
0.3615611780668848
0.363716178465959
0.3655519195466518
0.3674674754569399
0.368904142389656
0.3707398834703488
0.37249580972144625
0.3736930321653763
0.3750498842684971
0.3765663660308085
0.3776837736451433
0.37864155160028734
0.37967914438502676
0.3810359964881475
0.38239284859126826
0.38295155239843565
0.38366988586479367
0.38462766381993774
0.38550562694548646
0.3863037752414399
0.38710192353739326
0.38821933115172796
0.3886982201293
0.3894165535956581
0.3900550722324208
0.3902945167212068
0.3910128501875649
0.3914917391651369
0.39205044297230424
0.3926091467794716
0.39292840609785296
0.39396599888259237
0.39436507303056906
0.3944448878601644
0.3951632213265225
0.39580173996328516
0.39636044377045254
0.3968393327480246
0.39723840689600126
0.39763748104397795
0.39811637002155
0.3985154441695267
0.39899433314709876
0.39979248144305213
0.4000319259318381
0.4007502593981962
0.40122914837576823
0.4014685928645542
0.4016282225237449
0.4017878521829356
0.40226674116050765
0.402586000478889
0.4032245191156517
0.4034639636044377
0.40378322292281904
0.4041822970707957
0.4043419267299864
0.40442174155958177
0.4049006305371538
0.4050602601963445
0.40521988985553514
0.40521988985553514
0.40553914917391654
0.4059382233218932
0.40601803815148857
0.40609785298108386
0.4063372974698699
0.4067363716178466
0.4068960012770373
0.4071354457658233
0.4071354457658233
0.407295075425014
0.40769414957299066
0.40785377923218136
0.40809322372096735
0.4083326682097534
0.4087317423577301
0.4090510016761114
0.40913081650570676
0.40913081650570676
0.4092106313353021
0.40929044616489746
0.4094500758240881
0.40952989065368345
0.4096097054832788
0.4100087796312555
0.41008859446085083
0.4102482241200415
0.41040785377923217
0.4106472982680182
0.41080692792720885
0.4110463724159949
0.4112060020751856
0.4114454465639716
0.41168489105275763
0.4119243355415436
0.41240322451911565
0.41240322451911565
0.41240322451911565
0.412483039348711
0.41280229866709234
0.41280229866709234
0.41296192832628303
0.4130417431558784
0.4130417431558784
0.4130417431558784
0.41328118764466437
0.4133610024742597
0.41344081730385507
0.4135206321334504
0.41368026179264106
0.4137600766222364
0.41407933594061774
0.4141591507702131
0.41423896559980844
0.41439859525899914
0.4144784100885945
0.4145582249181898
0.4146380397477851
0.4147178545773805
0.4147178545773805
0.4147178545773805
0.41487748423657117
0.4150371138957618
0.41527655838454786
0.41543618804373855
0.41551600287333385
0.41551600287333385
0.4155958177029292
0.4155958177029292
0.41567563253252454
0.41583526219171524
0.41583526219171524
0.41583526219171524
0.4159150770213106
0.4160747066805012
0.4160747066805012
0.4160747066805012
0.4160747066805012
0.4161545215100966
0.4162343363396919
0.41639396599888256
0.4164737808284779
0.4164737808284779
0.4164737808284779
0.41655359565807326
0.41671322531726396
0.4167930401468593
0.4168728549764546
0.41695266980604995
0.417192114294836
0.41727192912443134
0.41727192912443134
0.41727192912443134
0.41735174395402663
0.417431558783622
0.4175911884428127
0.417671003272408
0.41783063293159867
0.41783063293159867
0.417910447761194
0.417910447761194
0.4180700774203847
0.4180700774203847
0.41814989224998006
0.4182297070795754
0.41838933673876605
0.4184691515683614
0.4184691515683614
0.41854896639795675
0.4186287812275521
0.41878841088674273
0.41894804054593343
0.41894804054593343
0.41894804054593343
0.41894804054593343
0.4191076702051241
0.4191076702051241
0.4191076702051241
0.4191076702051241
0.4191076702051241
0.4191076702051241
0.4191874850347195
0.4191874850347195
0.4191874850347195
0.4191874850347195
0.4191874850347195
0.41926729986431477
0.41926729986431477
0.41926729986431477
0.4193471146939101
0.41942692952350547
0.41942692952350547
0.4196663740122915
0.4196663740122915
0.4197461888418868
0.41982600367148215
0.41982600367148215
0.41982600367148215
0.41982600367148215
0.41982600367148215
0.4199058185010775
0.41998563333067285
0.41998563333067285
0.41998563333067285
0.4200654481602682
0.4200654481602682
0.4200654481602682
0.42014526298986354
0.42022507781945884
0.42022507781945884
0.42038470747864953
0.4204645223082449
0.4206241519674355
0.4206241519674355
0.4206241519674355
0.4206241519674355
0.4206241519674355
0.4207837816266262
0.4211828557746029
0.42126267060419825
0.42142230026338895
0.4215021150929843
0.4215819299225796
0.4215819299225796
0.4215819299225796
0.42166174475217494
0.42166174475217494
0.4217415595817703
0.4217415595817703
0.4217415595817703
0.42182137441136563
0.42182137441136563
0.42182137441136563
0.421901189240961
0.421901189240961
0.42198100407055633
0.4220608189001516
0.4220608189001516
0.422140633729747
0.4222204485593423
0.42230026338893767
0.422380078218533
0.42269933753691435
0.42269933753691435
0.42285896719610505
0.42285896719610505
0.4230185968552957
0.4230185968552957
0.4230185968552957
0.42309841168489104
0.42325804134408174
0.4233378561736771
0.42341767100327243
0.4235773006624631
0.4235773006624631
0.4236571154920584
0.4236571154920584
0.42373693032165377
0.4238167451512491
0.42389655998084447
0.42389655998084447
0.42389655998084447
0.42389655998084447
0.42389655998084447
0.42397637481043976
0.42397637481043976
0.42397637481043976
0.4240561896400351
0.4240561896400351
0.42429563412882115
0.42429563412882115
0.4244552637880118
0.42453507861760714
0.4246148934472025
0.4246148934472025
0.4246148934472025
0.42469470827679784
0.4248543379359885
0.4248543379359885
0.4248543379359885
0.4248543379359885
0.42493415276558383
0.42493415276558383
0.4250139675951792
0.4250139675951792
0.4250139675951792
0.4250139675951792
0.4250139675951792
0.4250937824247745
0.4251735972543699
0.4251735972543699
0.4253332269135605
0.42541304174315586
0.4256524862319419
0.4256524862319419
0.4256524862319419
0.42581211589113255
0.42581211589113255
0.42581211589113255
0.42581211589113255
0.42581211589113255
0.42581211589113255
0.42581211589113255
0.4262111900391093
0.42637081969829993
0.4264506345278953
0.4264506345278953
0.4266900790166813
0.42684970867587196
0.4269295235054673
0.4269295235054673
0.4269295235054673
0.4269295235054673
0.4269295235054673
0.4269295235054673
0.4269295235054673
0.42700933833506266
0.42700933833506266
0.427089153164658
0.427089153164658
0.427089153164658
0.427089153164658
0.427328597653444
0.427328597653444
0.427328597653444
0.42740841248303935
0.42740841248303935
0.4274882273126347
0.4274882273126347
0.4274882273126347
0.4274882273126347
0.42756804214223004
0.42756804214223004
0.42756804214223004
0.42756804214223004
0.4277276718014207
0.4278873014606114
0.4278873014606114
0.42796711629020673
0.42796711629020673
0.42796711629020673
0.4280469311198021
0.4280469311198021
0.4281267459493974
0.4281267459493974
0.4282065607789927
0.42828637560858807
0.42828637560858807
0.42828637560858807
0.4283661904381834
0.4283661904381834
0.4283661904381834
0.4283661904381834
0.42844600526777876
0.42844600526777876
0.4286056349269694
0.42868544975656475
0.4287652645861601
0.4287652645861601
0.4289248942453508
0.4289248942453508
0.42908452390454144
0.4291643387341368
0.4291643387341368
0.42924415356373213
0.42924415356373213
0.42924415356373213
0.4293239683933275
0.4293239683933275
0.4293239683933275
0.4294835980525182
0.42956341288211347
0.42972304254130417
0.4298028573708995
0.4299624870300902
0.4299624870300902
0.43012211668928085
0.43012211668928085
0.43012211668928085
0.43012211668928085
0.43012211668928085
0.43044137600766225
0.43044137600766225
0.43044137600766225
0.43044137600766225
0.43044137600766225
0.43052119083725754
0.4306010056668529
0.43084045015563893
0.4309202649852343
0.4310000798148296
0.4310798946444249
0.4312395243036156
0.43131933913321097
0.4314789687924016
0.4314789687924016
0.4314789687924016
0.4316385984515923
0.4316385984515923
0.43171841328118765
0.43171841328118765
0.43171841328118765
0.431798228110783
0.431798228110783
0.43195785776997364
0.432037672599569
0.43211748742916434
0.4321973022587597
0.4321973022587597
0.43227711708835503
0.43227711708835503
0.43227711708835503
0.43227711708835503
0.4323569319179504
0.4323569319179504
0.4323569319179504
0.432516561577141
0.432516561577141
0.432516561577141
0.43259637640673637
0.43259637640673637
0.4326761912363317
0.4326761912363317
0.4326761912363317
0.4326761912363317
0.4326761912363317
0.4326761912363317
0.4326761912363317
0.4326761912363317
0.4326761912363317
0.43275600606592707
0.4329156357251177
0.43299545055471306
0.43299545055471306
0.43299545055471306
0.43299545055471306
0.43299545055471306
0.43299545055471306
0.43299545055471306
0.43299545055471306
0.43315508021390375
0.43315508021390375
0.4332348950434991
0.4332348950434991
0.4332348950434991
0.4332348950434991
0.43339452470268974
0.4334743395322851
0.4334743395322851
0.43355415436188044
0.4336339691914758
0.43371378402107114
0.43379359885066643
0.43379359885066643
0.43379359885066643
0.4338734136802618
0.4338734136802618
0.4338734136802618
0.4339532285098571
0.4340330433394525
0.4340330433394525
0.4340330433394525
0.4340330433394525
0.4340330433394525
0.4340330433394525
0.4340330433394525
0.4340330433394525
0.4341128581690478
0.4341128581690478
0.43419267299864317
0.43419267299864317
0.43419267299864317
0.43427248782823846
0.43427248782823846
0.43427248782823846
0.43427248782823846
0.43427248782823846
0.43427248782823846
0.43427248782823846
0.4343523026578338
0.4343523026578338
0.4343523026578338
0.4343523026578338
0.4343523026578338
0.43443211748742916
0.43443211748742916
0.43443211748742916
0.43443211748742916
0.43443211748742916
0.43443211748742916
0.43443211748742916
0.43443211748742916
0.43443211748742916
0.43443211748742916
0.43443211748742916
0.43443211748742916
0.4345119323170245
0.43459174714661986
0.4346715619762152
0.4347513768058105
0.4347513768058105
0.4347513768058105
0.4347513768058105
0.4347513768058105
0.4347513768058105
0.4347513768058105
0.43483119163540584
0.43483119163540584
0.43483119163540584
0.4349110064650012
0.4350706361241919
0.4350706361241919
0.4350706361241919
0.4350706361241919
0.4350706361241919
0.4350706361241919
0.4350706361241919
0.4350706361241919
0.4350706361241919
0.4350706361241919
0.4350706361241919
0.4350706361241919
0.4350706361241919
0.4350706361241919
0.4350706361241919
0.43515045095378724
0.43523026578338253
0.4353100806129779
0.4353100806129779
0.4353898954425732
0.4355495251017639
0.43562933993135927
0.43570915476095456
0.43570915476095456
0.43570915476095456
0.43570915476095456
0.43570915476095456
0.43570915476095456
0.43570915476095456
0.4357889695905499
0.4357889695905499
0.4357889695905499
0.43586878442014526
0.43586878442014526
0.43586878442014526
0.4359485992497406
0.4359485992497406
0.4359485992497406
0.43602841407933596
0.43602841407933596
0.4361082289089313
0.43626785856812195
0.4363476733977173
0.4363476733977173
0.43642748822731264
0.43642748822731264
0.43642748822731264
0.43642748822731264
0.436507303056908
0.43658711788650334
0.43666693271609863
0.43666693271609863
0.43666693271609863
0.43666693271609863
0.43666693271609863
0.43666693271609863
0.43666693271609863
0.43666693271609863
0.43666693271609863
0.436746747545694
0.436746747545694
0.436746747545694
0.436746747545694
0.436746747545694
0.4369063772048847
0.4369063772048847
0.43698619203448
0.43698619203448
0.43698619203448
0.43698619203448
0.4370660068640753
0.4370660068640753
0.4370660068640753
0.43714582169367067
0.43714582169367067
0.43714582169367067
0.43714582169367067
0.43714582169367067
0.437225636523266
0.437225636523266
0.437225636523266
0.437225636523266
0.437225636523266
0.437225636523266
0.437225636523266
0.437225636523266
0.4373852661824567
0.4373852661824567
0.4373852661824567
0.4373852661824567
0.4373852661824567
0.43746508101205206
0.43746508101205206
0.4376247106712427
0.4376247106712427
0.4376247106712427
0.4376247106712427
0.4376247106712427
0.43770452550083805
0.43770452550083805
0.43770452550083805
0.43770452550083805
0.4377843403304334
0.4377843403304334
0.4377843403304334
0.4377843403304334
0.4379439699896241
0.4379439699896241
0.4379439699896241
0.4379439699896241
0.4379439699896241
0.4379439699896241
0.4379439699896241
0.4379439699896241
0.4379439699896241
0.4380237848192194
0.4380237848192194
0.4380237848192194
0.43810359964881473
0.43826322930800543
0.43826322930800543
0.43826322930800543
0.4383430441376008
0.4383430441376008
0.4383430441376008
0.4384228589671961
0.4384228589671961
0.4384228589671961
0.4384228589671961
0.4384228589671961
0.43858248862638677
0.4386623034559821
0.4386623034559821
0.4386623034559821
0.4386623034559821
0.4388219331151728
0.4388219331151728
0.4388219331151728
0.4388219331151728
0.43890174794476816
0.43890174794476816
0.43890174794476816
0.4390613776039588
0.4390613776039588
0.4390613776039588
0.4390613776039588
0.4390613776039588
0.4390613776039588
0.4390613776039588
0.4390613776039588
0.4390613776039588
0.43914119243355415
0.43914119243355415
0.43914119243355415
0.4392210072631495
0.4392210072631495
0.4392210072631495
0.4392210072631495
0.4392210072631495
0.4392210072631495
0.4392210072631495
0.4392210072631495
0.43930082209274485
0.43930082209274485
0.4393806369223402
0.4394604517519355
0.43954026658153084
0.43954026658153084
0.43954026658153084
0.4396200814111262
0.43969989624072153
0.4397797110703169
0.4397797110703169
0.4397797110703169
0.4397797110703169
0.4397797110703169
0.4397797110703169
0.4397797110703169
0.4397797110703169
0.4399393407295075
0.4399393407295075
0.4399393407295075
0.44001915555910287
0.44001915555910287
0.44001915555910287
0.44001915555910287
0.4400989703886982
0.4400989703886982
0.44017878521829357
0.44017878521829357
0.44017878521829357
0.44017878521829357
0.44017878521829357
0.44017878521829357
0.44017878521829357
0.44017878521829357
0.44017878521829357
0.4402586000478889
0.4402586000478889
0.4402586000478889
0.44033841487748426
0.44041822970707956
0.44041822970707956
0.44041822970707956
0.44041822970707956
0.44041822970707956
0.44041822970707956
0.44041822970707956
0.44041822970707956
0.44041822970707956
0.44041822970707956
0.44041822970707956
0.4404980445366749
0.4404980445366749
0.4404980445366749
0.4404980445366749
0.4404980445366749
0.4404980445366749
0.4404980445366749
0.4404980445366749
0.4404980445366749
0.4404980445366749
0.4404980445366749
0.4404980445366749
0.4404980445366749
0.4404980445366749
0.4404980445366749
0.4404980445366749
0.4404980445366749
0.4404980445366749
0.4404980445366749
0.4404980445366749
0.4404980445366749
0.44057785936627025
0.44057785936627025
0.44057785936627025
0.44057785936627025
0.44073748902546095
0.44081730385505624
0.4408971186846516
0.4408971186846516
0.4408971186846516
0.4408971186846516
0.44097693351424694
0.44097693351424694
0.44097693351424694
0.4410567483438423
0.4410567483438423
0.4410567483438423
0.4410567483438423
0.44113656317343763
0.44113656317343763
0.44113656317343763
0.44113656317343763
0.44113656317343763
0.44113656317343763
0.441216378003033
0.4412961928326283
0.4412961928326283
0.4412961928326283
0.4413760076622236
0.4413760076622236
0.44145582249181897
0.4415356373214143
0.4415356373214143
0.4415356373214143
0.4415356373214143
0.4415356373214143
0.44161545215100967
0.44161545215100967
0.44161545215100967
0.44161545215100967
0.44161545215100967
0.44161545215100967
0.44161545215100967
0.441695266980605
0.441695266980605
0.4417750818102003
0.4417750818102003
0.4417750818102003
0.4417750818102003
0.4417750818102003
0.4417750818102003
0.4417750818102003
0.4417750818102003
0.4417750818102003
0.4417750818102003
0.4417750818102003
0.4417750818102003
0.44185489663979566
0.44185489663979566
0.44185489663979566
0.44185489663979566
0.44185489663979566
0.44185489663979566
0.44185489663979566
0.441934711469391
0.441934711469391
0.441934711469391
0.441934711469391
0.441934711469391
0.441934711469391
0.441934711469391
0.441934711469391
0.441934711469391
0.441934711469391
0.441934711469391
0.44201452629898635
0.44201452629898635
0.44201452629898635
0.44201452629898635
0.44201452629898635
0.4420943411285817
0.4420943411285817
0.4420943411285817
0.4420943411285817
0.4420943411285817
0.44217415595817705
0.44217415595817705
0.4423337856173677
0.4423337856173677
0.4423337856173677
0.4423337856173677
0.44241360044696304
0.44241360044696304
0.44241360044696304
0.44241360044696304
0.44241360044696304
0.44241360044696304
0.44241360044696304
0.44241360044696304
0.44241360044696304
0.44241360044696304
0.44241360044696304
0.44241360044696304
0.44241360044696304
0.44241360044696304
0.44241360044696304
0.44241360044696304
0.44241360044696304
0.44241360044696304
0.44241360044696304
0.44241360044696304
0.44241360044696304
0.44241360044696304
0.44241360044696304
0.44241360044696304
0.44241360044696304
0.44241360044696304
0.44241360044696304
0.44241360044696304
0.44241360044696304
0.44241360044696304
0.44241360044696304
0.44241360044696304
0.44241360044696304
0.44241360044696304
0.44241360044696304
0.44241360044696304
0.4424934152765584
0.4424934152765584
0.4424934152765584
0.4424934152765584
0.44257323010615374
0.4426530449357491
0.4426530449357491
0.4426530449357491
0.4426530449357491
0.4426530449357491
0.4426530449357491
0.4426530449357491
0.4427328597653444
0.4427328597653444
0.4427328597653444
0.4427328597653444
0.4427328597653444
0.4428126745949397
0.4428126745949397
0.4428126745949397
0.4428924894245351
0.4428924894245351
0.4428924894245351
0.4428924894245351
0.4428924894245351
0.4428924894245351
0.4428924894245351
0.4429723042541304
0.4429723042541304
0.4429723042541304
0.4429723042541304
0.4429723042541304
0.44305211908372577
0.44305211908372577
0.4431319339133211
0.4431319339133211
0.4431319339133211
0.4431319339133211
0.4431319339133211
0.4431319339133211
0.4432117487429164
0.4432117487429164
0.4432117487429164
0.44329156357251176
0.44329156357251176
0.44329156357251176
0.44329156357251176
0.44329156357251176
0.44329156357251176
0.4433713784021071
0.4433713784021071
0.4433713784021071
0.4433713784021071
0.4433713784021071
0.4433713784021071
0.4433713784021071
0.4433713784021071
0.4433713784021071
0.4433713784021071
0.4435310080612978
0.4435310080612978
0.44361082289089315
0.44369063772048845
0.44369063772048845
0.44369063772048845
0.4437704525500838
0.4437704525500838
0.44385026737967914
0.44385026737967914
0.44385026737967914
0.44385026737967914
0.44385026737967914
0.44385026737967914
0.44385026737967914
0.44385026737967914
0.44385026737967914
0.4439300822092745
0.4439300822092745
0.44400989703886984
0.44400989703886984
0.44400989703886984
0.44400989703886984
0.44400989703886984
0.44400989703886984
0.44400989703886984
0.44400989703886984
0.44400989703886984
0.44400989703886984
0.4440897118684652
0.4440897118684652
0.4440897118684652
0.4441695266980605
0.4441695266980605
0.4441695266980605
0.4442493415276558
0.4442493415276558
0.4442493415276558
0.4442493415276558
0.4442493415276558
0.4442493415276558
0.4442493415276558
0.4443291563572512
0.4443291563572512
0.4443291563572512
0.4443291563572512
0.4443291563572512
0.4444887860164419
0.4445686008460372
0.4445686008460372
0.4445686008460372
0.4445686008460372
0.4445686008460372
0.4446484156756325
0.4446484156756325
0.4446484156756325
0.44472823050522786
0.44472823050522786
0.4448080453348232
0.4448080453348232
0.4448080453348232
0.4448080453348232
0.4448080453348232
