0.15212706520871577
0.27839412562854177
0.3276398754888658
0.34823210152446327
0.35924654800862
0.36467395642110306
0.36978210551520474
0.373852661824567
0.37704525500838054
0.3802378481921941
0.383270811716817
0.3859845159230585
0.387740442174156
0.3904541463803975
0.39181099848351825
0.39380636922340173
0.3960411844520712
0.39739803655519196
0.3995530369542661
0.40067044456860085
0.40154840769414957
0.40234655599010294
0.40370340809322375
0.40458137121877247
0.40482081570755846
0.4059382233218932
0.40681618644744194
0.40753451991379996
0.408013408891372
0.40849229786894403
0.4090510016761114
0.4104876686088275
0.41136563173437624
0.41168489105275763
0.4123234096895203
0.41264266900790164
0.413201372815069
0.4136004469630457
0.41423896559980844
0.41487748423657117
0.4155958177029292
0.4161545215100966
0.4168728549764546
0.417431558783622
0.417910447761194
0.41854896639795675
0.4191874850347195
0.4195067443531008
0.41982600367148215
0.4204645223082449
0.42086359645622157
0.42126267060419825
0.42182137441136563
0.4220608189001516
0.422619522707319
0.42285896719610505
0.42341767100327243
0.42373693032165377
0.42397637481043976
0.42469470827679784
0.4250937824247745
0.4253332269135605
0.42557267140234656
0.4258919307207279
0.4260515603799186
0.4262111900391093
0.4265304493574906
0.4269295235054673
0.42724878282384865
0.4274882273126347
0.4278873014606114
0.4282065607789927
0.42884507941575545
0.4291643387341368
0.4293239683933275
0.42940378322292283
0.4298028573708995
0.4303615611780669
0.4306010056668529
0.43084045015563893
0.4309202649852343
0.4312395243036156
0.4313991539628063
0.4314789687924016
0.4316385984515923
0.43195785776997364
0.43211748742916434
0.4321973022587597
0.432516561577141
0.4329156357251177
0.4333147098730944
0.4334743395322851
0.4338734136802618
0.4341128581690478
0.43427248782823846
0.4343523026578338
0.4345119323170245
0.4349110064650012
0.43499082129459654
0.4350706361241919
0.4353100806129779
0.4355495251017639
0.43570915476095456
0.4361082289089313
0.43642748822731264
0.43666693271609863
0.43682656237528933
0.43714582169367067
0.43746508101205206
0.43786415516002875
0.4379439699896241
0.4385026737967914
0.4386623034559821
0.4386623034559821
0.4388219331151728
0.43898156277436345
0.43898156277436345
0.43914119243355415
0.4392210072631495
0.43930082209274485
0.43954026658153084
0.4396200814111262
0.4397797110703169
0.4397797110703169
0.43985952589991223
0.43985952589991223
0.4399393407295075
0.4402586000478889
0.44057785936627025
0.44057785936627025
0.44081730385505624
0.44097693351424694
0.4410567483438423
0.441216378003033
0.4413760076622236
0.4415356373214143
0.441695266980605
0.44201452629898635
0.4423337856173677
0.4424934152765584
0.44257323010615374
0.4428126745949397
0.4429723042541304
0.44305211908372577
0.4432117487429164
0.4435310080612978
0.44361082289089315
0.44361082289089315
0.44361082289089315
0.44369063772048845
0.4437704525500838
0.4437704525500838
0.4437704525500838
0.4439300822092745
0.4442493415276558
0.4443291563572512
0.4445686008460372
0.4445686008460372
0.44472823050522786
0.44472823050522786
0.4449676749940139
0.4450474898236092
0.44512730465320455
0.44528693431239524
0.4453667491419906
0.4453667491419906
0.4453667491419906
0.4453667491419906
0.44544656397158594
0.44552637880118123
0.4456061936307766
0.4457658232899673
0.4458456381195626
0.445925452949158
0.44600526777875327
0.4460850826083486
0.44616489743794396
0.44632452709713466
0.44656397158592065
0.44656397158592065
0.44656397158592065
0.4468034160747067
0.4468034160747067
0.4468034160747067
0.4470428605634927
0.4470428605634927
0.44712267539308803
0.4472024902226834
0.44728230505227873
0.44744193471146937
0.44744193471146937
0.44760156437066007
0.4476813792002554
0.4476813792002554
0.4476813792002554
0.4476813792002554
0.44776119402985076
0.44776119402985076
0.4478410088594461
0.4479208236890414
0.44800063851863675
0.4480804533482321
0.4480804533482321
0.44816026817782745
0.44831989783701814
0.44831989783701814
0.4484795274962088
0.4487987868145902
0.4487987868145902
0.44903823130337617
0.44903823130337617
0.44919786096256686
0.44927767579216216
0.4493574906217575
0.4493574906217575
0.4493574906217575
0.44943730545135285
0.44959693511054355
0.4496767499401389
0.4496767499401389
0.4496767499401389
0.4496767499401389
0.4497565647697342
0.4497565647697342
0.44983637959932954
0.4499161944289249
0.4499161944289249
0.4499161944289249
0.44999600925852024
0.45015563891771093
0.4502354537473062
0.4503152685769016
0.4503950834064969
0.4503950834064969
0.45047489823609227
0.4505547130656876
0.45063452789528297
0.4507941575544736
0.45087397238406896
0.4509537872136643
0.4509537872136643
0.4509537872136643
0.451113416872855
0.4511932317024503
0.4511932317024503
0.45127304653204564
0.45127304653204564
0.45127304653204564
0.45127304653204564
0.451352861361641
0.451352861361641
0.4515124910208317
0.4515124910208317
0.4515124910208317
0.45159230585042703
0.4516721206800223
0.4517519355096177
0.4517519355096177
0.4517519355096177
0.4517519355096177
0.451831750339213
0.4519913799984037
0.45207119482799907
0.45207119482799907
0.4522308244871897
0.4522308244871897
0.4522308244871897
0.4522308244871897
0.45231063931678506
0.4523904541463804
0.4523904541463804
0.4523904541463804
0.45247026897597575
0.4525500838055711
0.4526298986351664
0.4527895282943571
0.4527895282943571
0.4529491579535478
0.45302897278314314
0.45310878761273843
0.45310878761273843
0.4531886024423338
0.4532684172719291
0.4532684172719291
0.4533482321015245
0.4533482321015245
0.4534280469311198
0.4535078617607151
0.45358767659031046
0.4536674914199058
0.45374730624950116
0.45390693590869186
0.4540665655678825
0.4540665655678825
0.45414638039747784
0.45414638039747784
0.4542261952270732
0.45430601005666854
0.4543858248862639
0.45454545454545453
0.45454545454545453
0.45454545454545453
0.4546252693750499
0.4547050842046452
0.4547050842046452
0.4547848990342406
0.4547848990342406
0.4548647138638359
0.45502434352302656
0.45502434352302656
0.4551041583526219
0.45518397318221726
0.45518397318221726
0.45534360284140796
0.45534360284140796
0.45542341767100325
0.4555032325005986
0.45558304733019395
0.4556628621597893
0.4556628621597893
0.45574267698938464
0.45582249181898
0.4559023066485753
0.45598212147817063
0.456061936307766
0.45614175113736133
0.456301380796552
0.456301380796552
0.4563811956261473
0.4563811956261473
0.4563811956261473
0.4563811956261473
0.4563811956261473
0.45646101045574267
0.45662064011493336
0.4567004549445287
0.45678026977412406
0.45678026977412406
0.45678026977412406
0.45701971426291005
0.4570995290925054
0.4570995290925054
0.45725915875169604
0.45725915875169604
0.45725915875169604
0.4573389735812914
0.4573389735812914
0.45741878841088673
0.45757841807007743
0.4576582328996728
0.4576582328996728
0.4576582328996728
0.4576582328996728
0.45773804772926807
0.45773804772926807
0.4578178625588634
0.4578178625588634
0.4578178625588634
0.4578178625588634
0.4578178625588634
0.4578178625588634
0.4578178625588634
0.45789767738845877
0.45805730704764946
0.45805730704764946
0.45805730704764946
0.45805730704764946
0.4581371218772448
0.45829675153643545
0.45829675153643545
0.45829675153643545
0.4583765663660308
0.4583765663660308
0.4583765663660308
0.45845638119562615
0.45869582568441214
0.45869582568441214
0.45869582568441214
0.45869582568441214
0.45869582568441214
0.4587756405140075
0.4587756405140075
0.45885545534360284
0.45885545534360284
0.45901508500279353
0.4590948998323889
0.4590948998323889
0.4590948998323889
0.4592545294915795
0.4592545294915795
0.4592545294915795
0.4592545294915795
0.4592545294915795
0.4592545294915795
0.4592545294915795
0.4592545294915795
0.45933434432117487
0.4594141591507702
0.4594141591507702
0.45949397398036557
0.4596536036395562
0.4596536036395562
0.4596536036395562
0.4596536036395562
0.4596536036395562
0.4596536036395562
0.45973341846915156
0.45973341846915156
0.45973341846915156
0.45973341846915156
0.4598132332987469
0.4598132332987469
0.4598132332987469
0.4598132332987469
0.4598132332987469
0.4598132332987469
0.45989304812834225
0.45989304812834225
0.45989304812834225
0.4599728629579376
0.4599728629579376
0.4599728629579376
0.46005267778753295
0.46005267778753295
0.46005267778753295
0.46005267778753295
0.46013249261712824
0.4602123074467236
0.4602123074467236
0.4602123074467236
0.46029212227631894
0.46029212227631894
0.4603719371059143
0.4603719371059143
0.4603719371059143
0.4603719371059143
0.46045175193550963
0.46045175193550963
0.46045175193550963
0.4606113815947003
0.4606113815947003
0.4606113815947003
0.4606911964242956
0.4606911964242956
0.4606911964242956
0.4606911964242956
0.4606911964242956
0.4606911964242956
0.46077101125389097
0.4608508260834863
0.461010455742677
0.461010455742677
0.461010455742677
0.461010455742677
0.4610902705722723
0.461249900231463
0.4614095298906537
0.461489344720249
0.461489344720249
0.46156915954984434
0.4616489743794397
0.4616489743794397
0.4616489743794397
0.4616489743794397
0.4616489743794397
0.4618086040386304
0.4618086040386304
0.4618086040386304
0.4618086040386304
0.4618086040386304
0.46188841886822574
0.46196823369782103
0.46196823369782103
0.46196823369782103
0.46196823369782103
0.46196823369782103
0.46196823369782103
0.4620480485274164
0.4620480485274164
0.4620480485274164
0.4620480485274164
0.4621278633570117
0.4621278633570117
0.4622076781866071
0.4622076781866071
0.4622076781866071
0.4622076781866071
0.4622076781866071
0.46236730784579777
0.46236730784579777
0.46244712267539306
0.46244712267539306
0.46244712267539306
0.4625269375049884
0.46260675233458376
0.46260675233458376
0.46260675233458376
0.4626865671641791
0.46276638199377446
0.4628461968233698
0.4628461968233698
0.46300582648256045
0.46300582648256045
0.4630856413121558
0.4630856413121558
0.46316545614175114
0.46316545614175114
0.46316545614175114
0.4632452709713465
0.4632452709713465
0.4632452709713465
0.4632452709713465
0.4632452709713465
0.46332508580094184
0.46332508580094184
0.46340490063053713
0.46340490063053713
0.46340490063053713
0.46340490063053713
0.46340490063053713
0.46340490063053713
0.4635645302897278
0.4636443451193232
0.4636443451193232
0.4636443451193232
0.4636443451193232
0.4636443451193232
0.46380397477851387
0.46388378960810916
0.46388378960810916
0.46388378960810916
0.4639636044377045
0.46420304892649056
0.46420304892649056
0.4642828637560859
0.4642828637560859
0.4643626785856812
0.4643626785856812
0.4645223082448719
0.4645223082448719
0.4645223082448719
0.4646819379040626
0.4646819379040626
0.46476175273365794
0.46476175273365794
0.46484156756325323
0.46484156756325323
0.46484156756325323
0.4649213823928486
0.4650810120520393
0.4650810120520393
0.4650810120520393
0.4650810120520393
0.4650810120520393
0.4650810120520393
0.46524064171123
0.46532045654082527
0.4654002713704206
0.46548008620001596
0.46548008620001596
0.46548008620001596
0.46563971585920666
0.46563971585920666
0.46563971585920666
0.46571953068880195
0.4657993455183973
0.4657993455183973
0.4657993455183973
0.4657993455183973
0.46587916034799265
0.46587916034799265
0.46587916034799265
0.46587916034799265
0.46587916034799265
0.46587916034799265
0.46587916034799265
0.465958975177588
0.465958975177588
0.465958975177588
0.465958975177588
0.46603879000718335
0.46603879000718335
0.46603879000718335
0.466198419666374
0.46627823449596933
0.46627823449596933
0.4663580493255647
0.46643786415516003
0.46643786415516003
0.46643786415516003
0.4665176789847554
0.466677308643946
0.466677308643946
0.466677308643946
0.466677308643946
0.46675712347354137
0.46675712347354137
0.46675712347354137
0.46675712347354137
0.46675712347354137
0.46675712347354137
0.4668369383031367
0.46691675313273207
0.46691675313273207
0.46691675313273207
0.4669965679623274
0.4669965679623274
0.46715619762151805
0.46731582728070875
0.46731582728070875
0.46731582728070875
0.4673956421103041
0.4673956421103041
0.46747545693989945
0.4676350865990901
0.4677947162582808
0.4677947162582808
0.4677947162582808
0.4677947162582808
0.4677947162582808
0.4677947162582808
0.4677947162582808
0.4679543459174715
0.4679543459174715
0.4679543459174715
0.4679543459174715
0.46803416074706683
0.46803416074706683
0.46803416074706683
0.4681139755766621
0.46819379040625747
0.46819379040625747
0.4682736052358528
0.4682736052358528
0.4682736052358528
0.4682736052358528
0.4682736052358528
0.4682736052358528
0.46835342006544817
0.46835342006544817
0.46851304972463886
0.46851304972463886
0.46851304972463886
0.46851304972463886
0.46851304972463886
0.46851304972463886
0.46851304972463886
0.46851304972463886
0.4686726793838295
0.4686726793838295
0.4686726793838295
0.4686726793838295
0.4686726793838295
0.4686726793838295
0.4686726793838295
0.4686726793838295
0.4686726793838295
0.46875249421342485
0.46875249421342485
0.46875249421342485
0.46875249421342485
0.46875249421342485
0.46875249421342485
0.4688323090430202
0.4689919387022109
0.4689919387022109
0.4689919387022109
0.4690717535318062
0.4690717535318062
0.46915156836140154
0.4692313831909969
0.4693910128501876
0.4693910128501876
0.4693910128501876
0.4693910128501876
0.4693910128501876
0.4694708276797829
0.4694708276797829
0.4694708276797829
0.4694708276797829
0.4695506425093782
0.4696304573389736
0.4697102721685689
0.4697102721685689
0.46979008699816427
0.4698699018277596
0.4699497166573549
0.4699497166573549
0.4699497166573549
0.4699497166573549
0.4699497166573549
0.4701093463165456
0.4701093463165456
0.4701093463165456
0.4701093463165456
0.4701093463165456
0.4701093463165456
0.4701093463165456
0.4701093463165456
0.4701093463165456
0.4701093463165456
0.4701093463165456
0.4701093463165456
0.47018916114614095
0.47018916114614095
0.47018916114614095
0.47018916114614095
0.47018916114614095
0.47018916114614095
0.47018916114614095
0.47018916114614095
0.47018916114614095
0.47018916114614095
0.47018916114614095
0.47018916114614095
0.47018916114614095
0.47018916114614095
0.47018916114614095
0.47018916114614095
0.47018916114614095
0.47018916114614095
0.47018916114614095
0.47018916114614095
0.47018916114614095
0.4702689759757363
0.4702689759757363
0.47034879080533165
0.47034879080533165
0.47042860563492694
0.47042860563492694
0.4705084204645223
0.4705084204645223
0.4705084204645223
0.4705084204645223
0.47058823529411764
0.47074786495330834
0.47074786495330834
0.4708276797829037
0.470907494612499
0.470907494612499
0.470907494612499
0.4709873094420943
0.4710671242716897
0.4710671242716897
0.4710671242716897
0.471146939101285
0.471146939101285
0.471146939101285
0.471146939101285
0.471146939101285
0.471146939101285
0.471146939101285
0.471146939101285
0.47122675393088037
0.47122675393088037
0.4713065687604757
0.4713065687604757
0.4713065687604757
0.4713065687604757
0.4713065687604757
0.4713065687604757
0.4713065687604757
0.4713065687604757
0.4713065687604757
0.4713065687604757
0.4713065687604757
0.4713065687604757
0.471386383590071
0.471386383590071
0.471386383590071
0.471386383590071
0.471386383590071
0.471386383590071
0.47146619841966636
0.47146619841966636
0.4715460132492617
0.4715460132492617
0.4715460132492617
0.4715460132492617
0.4715460132492617
0.4715460132492617
0.4715460132492617
0.4715460132492617
0.4715460132492617
0.4715460132492617
0.4715460132492617
0.47162582807885706
0.47162582807885706
0.47162582807885706
0.47162582807885706
0.47162582807885706
0.47178545773804775
0.47178545773804775
0.47178545773804775
0.47178545773804775
0.4719450873972384
0.47202490222683374
0.47202490222683374
0.4721047170564291
0.4721047170564291
0.4722643467156198
0.4722643467156198
0.4722643467156198
0.4722643467156198
0.4722643467156198
0.4722643467156198
0.4722643467156198
0.4722643467156198
0.4723441615452151
0.4723441615452151
0.4723441615452151
0.4723441615452151
0.4723441615452151
0.4723441615452151
0.4723441615452151
0.4723441615452151
0.4723441615452151
0.4723441615452151
0.47242397637481043
0.47242397637481043
0.47242397637481043
0.4725037912044058
0.4725037912044058
0.4725836060340011
0.4725836060340011
0.4726634208635965
0.4726634208635965
0.4726634208635965
0.4726634208635965
0.4726634208635965
0.4726634208635965
0.4726634208635965
0.4727432356931918
0.4727432356931918
0.4727432356931918
0.4727432356931918
0.4727432356931918
0.4727432356931918
0.4727432356931918
0.4727432356931918
0.4727432356931918
0.4727432356931918
0.4727432356931918
0.4727432356931918
0.4727432356931918
0.4728230505227871
0.4728230505227871
0.4728230505227871
0.4728230505227871
0.4728230505227871
0.4728230505227871
0.4728230505227871
0.47290286535238246
0.4729826801819778
0.47306249501157316
0.47306249501157316
0.47306249501157316
0.4731423098411685
0.4731423098411685
0.4731423098411685
0.4731423098411685
0.4731423098411685
0.47322212467076386
0.47322212467076386
0.47322212467076386
0.47322212467076386
0.47322212467076386
0.47330193950035915
0.47330193950035915
0.47330193950035915
0.47330193950035915
0.47330193950035915
0.47330193950035915
0.47330193950035915
0.4733817543299545
0.47346156915954984
0.47346156915954984
0.47346156915954984
0.47346156915954984
0.47346156915954984
0.47346156915954984
0.47346156915954984
0.47346156915954984
0.47346156915954984
0.4735413839891452
0.4735413839891452
0.47362119881874054
0.47362119881874054
0.47362119881874054
0.47370101364833583
0.47370101364833583
0.47370101364833583
0.47370101364833583
0.47370101364833583
0.47370101364833583
0.47370101364833583
0.47370101364833583
0.47370101364833583
0.47370101364833583
0.4737808284779312
0.4737808284779312
0.4737808284779312
0.4737808284779312
0.4737808284779312
0.4737808284779312
0.4737808284779312
0.4737808284779312
0.4737808284779312
0.4737808284779312
0.4737808284779312
0.4737808284779312
0.47386064330752653
0.47386064330752653
0.47386064330752653
0.47386064330752653
0.47386064330752653
0.47386064330752653
0.4739404581371219
0.4739404581371219
0.4740202729667172
0.4740202729667172
0.4740202729667172
0.4740202729667172
0.4740202729667172
0.4740202729667172
0.4740202729667172
0.4740202729667172
0.4740202729667172
0.4740202729667172
0.4740202729667172
0.4740202729667172
0.4740202729667172
0.4740202729667172
0.4740202729667172
0.4740202729667172
0.4741000877963126
0.4741000877963126
0.47417990262590787
0.47417990262590787
0.47433953228509856
0.47433953228509856
0.47433953228509856
0.47433953228509856
0.4744193471146939
0.4744193471146939
0.4744193471146939
0.4744193471146939
0.4744193471146939
0.4744193471146939
0.4744193471146939
0.4744193471146939
0.4744193471146939
0.4744193471146939
0.4744193471146939
0.4744193471146939
0.4744193471146939
0.4744193471146939
0.4744193471146939
0.4744193471146939
0.4744193471146939
0.4744193471146939
0.4744193471146939
0.4744193471146939
0.4744193471146939
0.4744193471146939
0.47449916194428926
0.47449916194428926
0.47449916194428926
0.47449916194428926
0.47449916194428926
0.47449916194428926
0.47449916194428926
0.4745789767738846
0.4745789767738846
0.4745789767738846
0.4745789767738846
0.4746587916034799
0.4746587916034799
0.4746587916034799
0.4746587916034799
0.4746587916034799
0.4746587916034799
0.47473860643307525
0.47473860643307525
0.47473860643307525
0.47473860643307525
0.4748184212626706
0.47489823609226595
0.47489823609226595
0.47489823609226595
0.47489823609226595
0.47489823609226595
0.47489823609226595
0.47489823609226595
0.47489823609226595
0.47489823609226595
0.47489823609226595
0.47489823609226595
0.47489823609226595
0.47489823609226595
