0.15867188123553355
0.3006624630856413
0.3275600606592705
0.3402506185649294
0.34615691595498443
0.35046691675313274
0.3536595099369463
0.3575704365871179
0.3601245111341687
0.3629978449996009
0.36563173437624713
0.3682656237528933
0.37089951312953945
0.373134328358209
0.37536914358687845
0.37736451432676194
0.379040625748264
0.38047729268098013
0.38263229308005425
0.3839093303535797
0.3854258121158911
0.3870221087077979
0.3888578497884907
0.39061377603958813
0.39165136882432755
0.39268896160906697
0.3937265543938064
0.39468433234895045
0.39572192513368987
0.3966797030888339
0.39819618485114533
0.3991539628062894
0.3998722962726475
0.4005906297390055
0.4011493335461729
0.40122914837576823
0.40170803735334026
0.4021869263309123
0.40250618564929364
0.40298507462686567
0.40354377843403305
0.4040226674116051
0.4042621119003911
0.40466118604836776
0.4049006305371538
0.4054593343443212
0.4057785936627025
0.40601803815148857
0.4064969271290606
0.4065767419586559
0.407295075425014
0.40769414957299066
0.4079335940617767
0.40849229786894403
0.4088913720169207
0.40929044616489746
0.40937026099449275
0.4094500758240881
0.4096097054832788
0.4097693351424695
0.4100087796312555
0.4106472982680182
0.41080692792720885
0.41096655758639955
0.4112060020751856
0.4112858169047809
0.41136563173437624
0.4117647058823529
0.41200415037113897
0.4120839652007343
0.41224359485992496
0.41256285417830635
0.41280229866709234
0.4128821134966877
0.41296192832628303
0.4130417431558784
0.41344081730385507
0.41368026179264106
0.41399952111102245
0.41407933594061774
0.4143187804294038
0.4144784100885945
0.4146380397477851
0.4147178545773805
0.4149572990661665
0.4150371138957618
0.4153563732141432
0.41551600287333385
0.4157554473621199
0.4157554473621199
0.41583526219171524
0.4159948918509059
0.4160747066805012
0.4161545215100966
0.41639396599888256
0.41655359565807326
0.4166334104876686
0.4167930401468593
0.41711229946524064
0.41727192912443134
0.41735174395402663
0.4175911884428127
0.4177508181020034
0.4180700774203847
0.41838933673876605
0.4186287812275521
0.4188682257163381
0.4190278553755288
0.4190278553755288
0.4191076702051241
0.4191076702051241
0.41926729986431477
0.4193471146939101
0.4193471146939101
0.4193471146939101
0.41942692952350547
0.41958655918269616
0.41958655918269616
0.41958655918269616
0.4199058185010775
0.42014526298986354
0.42014526298986354
0.4203048926490542
0.4203048926490542
0.4203048926490542
0.42038470747864953
0.42054433713784023
0.42054433713784023
0.4206241519674355
0.42070396679703087
0.4207837816266262
0.4207837816266262
0.42102322611541226
0.42102322611541226
0.4213424854337936
0.4215819299225796
0.42166174475217494
0.42182137441136563
0.42182137441136563
0.42198100407055633
0.4220608189001516
0.4220608189001516
0.422140633729747
0.4222204485593423
0.42230026338893767
0.42230026338893767
0.422380078218533
0.422380078218533
0.422380078218533
0.422380078218533
0.422380078218533
0.42253970787772366
0.4227791523665097
0.42285896719610505
0.42285896719610505
0.42285896719610505
0.4230185968552957
0.42309841168489104
0.42341767100327243
0.4234974858328677
0.4236571154920584
0.42373693032165377
0.4238167451512491
0.4238167451512491
0.42389655998084447
0.4240561896400351
0.42413600446963046
0.42429563412882115
0.4246148934472025
0.42469470827679784
0.4247745231063932
0.4247745231063932
0.42493415276558383
0.4250139675951792
0.4250139675951792
0.4250139675951792
0.4251735972543699
0.42541304174315586
0.42541304174315586
0.42557267140234656
0.42573230106153725
0.42573230106153725
0.42581211589113255
0.4258919307207279
0.42613137520951394
0.42613137520951394
0.4262111900391093
0.4262910048687046
0.4262910048687046
0.4262910048687046
0.4262910048687046
0.4262910048687046
0.4262910048687046
0.42637081969829993
0.42637081969829993
0.4264506345278953
0.4264506345278953
0.426610264187086
0.4266900790166813
0.4267698938462766
0.4267698938462766
0.4267698938462766
0.4267698938462766
0.42700933833506266
0.42716896799425336
0.42740841248303935
0.42740841248303935
0.42740841248303935
0.4274882273126347
0.4274882273126347
0.4274882273126347
0.42756804214223004
0.4276478569718254
0.4277276718014207
0.4277276718014207
0.42780748663101603
0.42780748663101603
0.42780748663101603
0.42780748663101603
0.4278873014606114
0.4278873014606114
0.4278873014606114
0.4278873014606114
0.4281267459493974
0.4281267459493974
0.4283661904381834
0.42844600526777876
0.42844600526777876
0.42844600526777876
0.42844600526777876
0.42844600526777876
0.42868544975656475
0.42884507941575545
0.42884507941575545
0.42900470907494614
0.42908452390454144
0.4291643387341368
0.4291643387341368
0.42924415356373213
0.42924415356373213
0.42924415356373213
0.4293239683933275
0.42940378322292283
0.42940378322292283
0.42940378322292283
0.42940378322292283
0.4294835980525182
0.42956341288211347
0.4296432277117088
0.4296432277117088
0.4296432277117088
0.4296432277117088
0.4299624870300902
0.4299624870300902
0.43028174634847155
0.4303615611780669
0.43052119083725754
0.43052119083725754
0.43052119083725754
0.43068082049644824
0.43068082049644824
0.4307606353260436
0.43084045015563893
0.43084045015563893
0.4309202649852343
0.4310000798148296
0.43131933913321097
0.4314789687924016
0.4314789687924016
0.4314789687924016
0.43155878362199696
0.4316385984515923
0.4316385984515923
0.4316385984515923
0.4316385984515923
0.4316385984515923
0.43171841328118765
0.43171841328118765
0.43171841328118765
0.43171841328118765
0.431798228110783
0.432037672599569
0.432037672599569
0.43211748742916434
0.43227711708835503
0.43227711708835503
0.43227711708835503
0.4323569319179504
0.432516561577141
0.43259637640673637
0.43259637640673637
0.4326761912363317
0.4326761912363317
0.43275600606592707
0.43283582089552236
0.43283582089552236
0.43283582089552236
0.43283582089552236
0.4329156357251177
0.43299545055471306
0.43299545055471306
0.43315508021390375
0.4333147098730944
0.4333147098730944
0.4333147098730944
0.4334743395322851
0.43355415436188044
0.4336339691914758
0.43371378402107114
0.4338734136802618
0.4339532285098571
0.4339532285098571
0.4340330433394525
0.4340330433394525
0.4341128581690478
0.4341128581690478
0.43419267299864317
0.43419267299864317
0.4343523026578338
0.43443211748742916
0.43443211748742916
0.4345119323170245
0.4346715619762152
0.4347513768058105
0.4347513768058105
0.4347513768058105
0.4347513768058105
0.4349110064650012
0.43499082129459654
0.43515045095378724
0.43515045095378724
0.43515045095378724
0.43515045095378724
0.43515045095378724
0.43515045095378724
0.43523026578338253
0.4353898954425732
0.4353898954425732
0.4354697102721686
0.43562933993135927
0.43562933993135927
0.43570915476095456
0.43570915476095456
0.43570915476095456
0.43586878442014526
0.43586878442014526
0.4359485992497406
0.43602841407933596
0.43602841407933596
0.4361880437385266
0.4361880437385266
0.43626785856812195
0.4363476733977173
0.4363476733977173
0.4363476733977173
0.4363476733977173
0.43642748822731264
0.436507303056908
0.436507303056908
0.436507303056908
0.43658711788650334
0.43658711788650334
0.43666693271609863
0.436746747545694
0.4369063772048847
0.4369063772048847
0.4369063772048847
0.43698619203448
0.43698619203448
0.43714582169367067
0.437225636523266
0.4373852661824567
0.43754489584164735
0.4376247106712427
0.43770452550083805
0.43770452550083805
0.43770452550083805
0.43770452550083805
0.43770452550083805
0.43770452550083805
0.4377843403304334
0.43786415516002875
0.43786415516002875
0.4380237848192194
0.4383430441376008
0.4384228589671961
0.4386623034559821
0.4386623034559821
0.43874211828557746
0.43874211828557746
0.43874211828557746
0.4388219331151728
0.43890174794476816
0.43890174794476816
0.43914119243355415
0.43914119243355415
0.4392210072631495
0.43930082209274485
0.4394604517519355
0.4394604517519355
0.4394604517519355
0.43954026658153084
0.43954026658153084
0.43954026658153084
0.4396200814111262
0.43969989624072153
0.43985952589991223
0.43985952589991223
0.43985952589991223
0.4399393407295075
0.4399393407295075
0.4399393407295075
0.4399393407295075
0.44001915555910287
0.4400989703886982
0.44017878521829357
0.4402586000478889
0.4402586000478889
0.44033841487748426
0.44033841487748426
0.44033841487748426
0.4404980445366749
0.4404980445366749
0.44057785936627025
0.44073748902546095
0.44081730385505624
0.4408971186846516
0.4408971186846516
0.4408971186846516
0.44097693351424694
0.44097693351424694
0.4410567483438423
0.441216378003033
0.4412961928326283
0.4413760076622236
0.4413760076622236
0.44145582249181897
0.44145582249181897
0.4415356373214143
0.44161545215100967
0.44161545215100967
0.4417750818102003
0.44201452629898635
0.44201452629898635
0.44201452629898635
0.44201452629898635
0.4420943411285817
0.4420943411285817
0.4420943411285817
0.4420943411285817
0.44217415595817705
0.44225397078777234
0.44225397078777234
0.44241360044696304
0.44241360044696304
0.44241360044696304
0.44241360044696304
0.44241360044696304
0.4424934152765584
0.4424934152765584
0.4424934152765584
0.44257323010615374
0.4427328597653444
0.4427328597653444
0.4428126745949397
0.4428126745949397
0.4428924894245351
0.4428924894245351
0.4428924894245351
0.4429723042541304
0.44305211908372577
0.44329156357251176
0.44345119323170246
0.44345119323170246
0.44345119323170246
0.44345119323170246
0.44345119323170246
0.44345119323170246
0.4435310080612978
0.4435310080612978
0.4435310080612978
0.4435310080612978
0.4435310080612978
0.4435310080612978
0.44361082289089315
0.44361082289089315
0.44369063772048845
0.44369063772048845
0.44369063772048845
0.44369063772048845
0.44369063772048845
0.4437704525500838
0.4437704525500838
0.4437704525500838
0.4437704525500838
0.4437704525500838
0.4437704525500838
0.4437704525500838
0.4437704525500838
0.4437704525500838
0.4437704525500838
0.4437704525500838
0.4437704525500838
0.4437704525500838
0.44385026737967914
0.4439300822092745
0.4439300822092745
0.4439300822092745
0.44400989703886984
0.44400989703886984
0.4441695266980605
0.4441695266980605
0.4442493415276558
0.4442493415276558
0.4444089711868465
0.4444089711868465
0.4444887860164419
0.4445686008460372
0.4445686008460372
0.4446484156756325
0.4446484156756325
0.4446484156756325
0.44472823050522786
0.44472823050522786
0.44472823050522786
0.44472823050522786
0.44472823050522786
0.44472823050522786
0.44472823050522786
0.4449676749940139
0.4450474898236092
0.4450474898236092
0.4450474898236092
0.4450474898236092
0.4450474898236092
0.4450474898236092
0.4450474898236092
0.4450474898236092
0.44512730465320455
0.4452071194827999
0.4452071194827999
0.44528693431239524
0.44528693431239524
0.4453667491419906
0.4453667491419906
0.4453667491419906
0.44544656397158594
0.44544656397158594
0.44544656397158594
0.44544656397158594
0.4456061936307766
0.4457658232899673
0.4458456381195626
0.4458456381195626
0.4458456381195626
0.4458456381195626
0.44600526777875327
0.44600526777875327
0.4460850826083486
0.4460850826083486
0.4460850826083486
0.4462447122675393
0.44632452709713466
0.44632452709713466
0.44632452709713466
0.44640434192673
0.44656397158592065
0.44656397158592065
0.446643786415516
0.44672360124511135
0.44672360124511135
0.44672360124511135
0.44672360124511135
0.44672360124511135
0.44672360124511135
0.44672360124511135
0.44672360124511135
0.44672360124511135
0.44672360124511135
0.4468034160747067
0.4468034160747067
0.44688323090430204
0.44688323090430204
0.44696304573389734
0.44696304573389734
0.44696304573389734
0.44696304573389734
0.44696304573389734
0.44696304573389734
0.4470428605634927
0.4470428605634927
0.44712267539308803
0.4472024902226834
0.44728230505227873
0.44728230505227873
0.44728230505227873
0.44728230505227873
0.44728230505227873
0.44744193471146937
0.4475217495410647
0.4475217495410647
0.4475217495410647
0.4475217495410647
0.4475217495410647
0.4475217495410647
0.4475217495410647
0.44760156437066007
0.44760156437066007
0.44760156437066007
0.44776119402985076
0.44776119402985076
0.44776119402985076
0.44776119402985076
0.44800063851863675
0.44800063851863675
0.44800063851863675
0.4480804533482321
0.4480804533482321
0.44816026817782745
0.44816026817782745
0.44816026817782745
0.44816026817782745
0.4482400830074228
0.44831989783701814
0.44831989783701814
0.44831989783701814
0.44831989783701814
0.44839971266661344
0.44839971266661344
0.44839971266661344
0.44839971266661344
0.44839971266661344
0.44855934232580413
0.44855934232580413
0.44855934232580413
0.4486391571553995
0.4486391571553995
0.4486391571553995
0.4486391571553995
0.4486391571553995
0.44871897198499483
0.44871897198499483
0.44871897198499483
0.44887860164418547
0.44887860164418547
0.4489584164737808
0.44903823130337617
0.44903823130337617
0.44903823130337617
0.4491180461329715
0.44919786096256686
0.44927767579216216
0.44927767579216216
0.44927767579216216
0.44927767579216216
0.44927767579216216
0.44927767579216216
0.44927767579216216
0.44927767579216216
0.4493574906217575
0.4495171202809482
0.4496767499401389
0.4496767499401389
0.4497565647697342
0.4499161944289249
0.44999600925852024
0.4500758240881156
0.4500758240881156
0.4500758240881156
0.4500758240881156
0.4500758240881156
0.4500758240881156
0.45015563891771093
0.45015563891771093
0.45015563891771093
0.45015563891771093
0.4502354537473062
0.4502354537473062
0.4503152685769016
0.4503152685769016
0.45047489823609227
0.45047489823609227
0.4505547130656876
0.4505547130656876
0.45063452789528297
0.45063452789528297
0.45063452789528297
0.45071434272487826
0.45071434272487826
0.45071434272487826
0.45071434272487826
0.45071434272487826
0.45071434272487826
0.4507941575544736
0.4507941575544736
0.4507941575544736
0.4507941575544736
0.45087397238406896
0.45087397238406896
0.4509537872136643
0.4509537872136643
0.4509537872136643
0.45103360204325965
0.45103360204325965
0.45103360204325965
0.451113416872855
0.4511932317024503
0.45127304653204564
0.45127304653204564
0.45127304653204564
0.45127304653204564
0.45127304653204564
0.451352861361641
0.451352861361641
0.451352861361641
0.451352861361641
0.451352861361641
0.451352861361641
0.451352861361641
0.451352861361641
0.45143267619123634
0.45143267619123634
0.4515124910208317
0.45159230585042703
0.4516721206800223
0.4517519355096177
0.451831750339213
0.451831750339213
0.45191156516880837
0.45191156516880837
0.4519913799984037
0.4519913799984037
0.4519913799984037
0.4519913799984037
0.4519913799984037
0.4519913799984037
0.4519913799984037
0.4519913799984037
0.45207119482799907
0.45215100965759436
0.45215100965759436
0.45215100965759436
0.45215100965759436
0.45215100965759436
0.45215100965759436
0.45215100965759436
0.45215100965759436
0.45215100965759436
0.45215100965759436
0.4522308244871897
0.4522308244871897
0.4522308244871897
0.45231063931678506
0.45231063931678506
0.45231063931678506
0.45231063931678506
0.45231063931678506
0.45231063931678506
0.45231063931678506
0.45231063931678506
0.4523904541463804
0.4523904541463804
0.4523904541463804
0.45247026897597575
0.45247026897597575
0.45247026897597575
0.4525500838055711
0.4525500838055711
0.4525500838055711
0.4525500838055711
0.4525500838055711
0.4526298986351664
0.4526298986351664
0.45270971346476174
0.45270971346476174
0.4527895282943571
0.45286934312395244
0.45286934312395244
0.45286934312395244
0.45286934312395244
0.45310878761273843
0.45310878761273843
0.45310878761273843
0.45310878761273843
0.4532684172719291
0.4533482321015245
0.4534280469311198
0.4534280469311198
0.45358767659031046
0.4536674914199058
0.4536674914199058
0.45374730624950116
0.45374730624950116
0.45374730624950116
0.45374730624950116
0.45374730624950116
0.45374730624950116
0.45374730624950116
0.45374730624950116
0.45390693590869186
0.45398675073828715
0.4540665655678825
0.4540665655678825
0.4540665655678825
0.4540665655678825
0.4540665655678825
0.4540665655678825
0.45414638039747784
0.4542261952270732
0.45430601005666854
0.45430601005666854
0.45430601005666854
0.4544656397158592
0.4544656397158592
0.4544656397158592
0.4544656397158592
0.4544656397158592
0.4544656397158592
0.45454545454545453
0.4546252693750499
0.4547050842046452
0.4547050842046452
0.4547050842046452
0.4547050842046452
0.4547050842046452
0.4547050842046452
0.4547050842046452
0.4547050842046452
0.4547050842046452
0.4547050842046452
0.4547050842046452
0.4547050842046452
0.4547848990342406
0.4547848990342406
0.4547848990342406
0.4547848990342406
0.4547848990342406
0.4547848990342406
0.4547848990342406
0.4547848990342406
0.4548647138638359
0.4548647138638359
0.4548647138638359
0.4548647138638359
0.4549445286934312
0.4549445286934312
0.4549445286934312
0.4549445286934312
0.4549445286934312
0.4549445286934312
0.4549445286934312
0.4549445286934312
0.45502434352302656
0.45502434352302656
0.45502434352302656
0.45502434352302656
0.45502434352302656
0.45502434352302656
0.45502434352302656
0.45502434352302656
0.45502434352302656
0.45502434352302656
0.45502434352302656
0.4551041583526219
0.4551041583526219
0.4551041583526219
0.4551041583526219
0.4551041583526219
0.4551041583526219
0.4551041583526219
0.4551041583526219
0.4551041583526219
0.4551041583526219
0.4551041583526219
0.4551041583526219
0.4551041583526219
0.4551041583526219
0.4551041583526219
0.45518397318221726
0.45518397318221726
0.45518397318221726
0.45518397318221726
0.45518397318221726
0.45518397318221726
0.45518397318221726
0.4552637880118126
0.4552637880118126
0.4552637880118126
0.4552637880118126
0.45534360284140796
0.45534360284140796
0.45534360284140796
0.45534360284140796
0.45534360284140796
0.45534360284140796
0.45534360284140796
0.45542341767100325
0.45542341767100325
0.4555032325005986
0.4555032325005986
0.45558304733019395
0.45558304733019395
0.45558304733019395
0.4556628621597893
0.4556628621597893
0.4556628621597893
0.45574267698938464
0.45574267698938464
0.45574267698938464
0.45574267698938464
0.45574267698938464
0.45582249181898
0.45582249181898
0.4559023066485753
0.4559023066485753
0.45598212147817063
0.45598212147817063
0.45598212147817063
0.45598212147817063
0.456061936307766
0.456061936307766
0.45614175113736133
0.45614175113736133
0.45614175113736133
0.45614175113736133
0.45614175113736133
0.45614175113736133
0.4562215659669567
0.4562215659669567
0.4562215659669567
0.4562215659669567
0.4562215659669567
0.4562215659669567
0.456301380796552
0.456301380796552
0.456301380796552
0.456301380796552
0.456301380796552
0.456301380796552
0.456301380796552
0.456301380796552
0.456540825285338
0.456540825285338
0.456540825285338
0.456540825285338
0.456540825285338
0.45662064011493336
0.45662064011493336
0.45662064011493336
0.45662064011493336
0.4567004549445287
0.4567004549445287
0.4567004549445287
0.45678026977412406
0.45678026977412406
0.45678026977412406
0.45678026977412406
0.45678026977412406
0.45678026977412406
0.45678026977412406
0.45678026977412406
0.45678026977412406
0.45678026977412406
0.45686008460371935
0.45686008460371935
0.45686008460371935
0.45686008460371935
0.45686008460371935
0.4569398994333147
0.4569398994333147
0.4569398994333147
0.45701971426291005
0.4570995290925054
0.45717934392210074
0.45717934392210074
0.45717934392210074
0.45725915875169604
0.45725915875169604
0.45741878841088673
0.45741878841088673
0.45741878841088673
0.4574986032404821
0.4574986032404821
0.4574986032404821
0.4574986032404821
0.4574986032404821
0.4574986032404821
0.45757841807007743
0.4576582328996728
0.4576582328996728
0.4576582328996728
0.45773804772926807
0.4578178625588634
0.4578178625588634
0.4579774922180541
0.45805730704764946
0.45805730704764946
0.45805730704764946
0.45805730704764946
0.45805730704764946
0.45805730704764946
