0.13360204325963762
0.25810519594540665
0.3049644824008301
0.32581610663261235
0.334384228589672
0.3410567483438423
0.34598531407135447
0.35023146300582647
0.3547050842046452
0.3583446404341927
0.3616050762231623
0.36372815069039827
0.3662303455982121
0.36789847553675475
0.3700973740921063
0.3723720967355734
0.3748742916433873
0.3760116529651209
0.3773764865512012
0.3784380237848192
0.37957538510655275
0.3808643946045175
0.38177428366190436
0.3826841727192912
0.38374570995290924
0.3845039508340649
0.3852621917152207
0.3862479048607231
0.38708196982999443
0.38776438662303453
0.38829515523984354
0.38958416473780827
0.390342405618964
0.39079735014765743
0.391403942852582
0.3922380078218533
0.39269295235054674
0.39322372096735575
0.3943610822890893
0.3948160268177827
0.39549844361082287
0.39633250858009417
0.3969391012850187
0.39724239763748104
0.3976215180780589
0.39800063851863676
0.3981522866948679
0.3986830553116769
0.39891052757602363
0.3995171202809482
0.40012371298587274
0.4002753611621039
0.4003511852502195
0.40057865751456617
0.4007303056907973
0.40095777795514403
0.40133689839572195
0.4018676670125309
0.4021709633649932
0.4024742597174555
0.40285338015803335
0.4030050283342645
0.4033083246867268
0.4034599728629579
0.4038390933035358
0.40406656556788245
0.4043698619203448
0.4045215100965759
0.40482480644903823
0.4049764546252693
0.40543139915396276
0.4058105195945407
0.4064171122994652
0.40649293638758077
0.40679623274004306
0.4070995290925054
0.4071753531806209
0.40770612179742993
0.40823689041423894
0.40854018676670123
0.40876765903104795
0.40876765903104795
0.4088434831191635
0.4091467794716258
0.4093742517359725
0.4097533721765504
0.4102083167052438
0.4102841407933594
0.4102841407933594
0.41043578896959054
0.41066326123393726
0.410890733498284
0.41096655758639955
0.4111182057626307
0.4113456780269774
0.41149732620320856
0.41157315029132413
0.41164897437943965
0.41164897437943965
0.4118006225556708
0.4118764466437864
0.41217974299624865
0.41240721526059543
0.412483039348711
0.4127863357011733
0.41293798387740444
0.41301380796551995
0.41324128022986667
0.41339292840609787
0.41362040067044453
0.4136962247585601
0.4138478729347913
0.4139995211110224
0.41422699337536917
0.4145302897278314
0.4148335860802937
0.41498523425652484
0.415136882432756
0.4153643546971027
0.4154401787852183
0.4154401787852183
0.415667651049565
0.4159709474020273
0.41612259557825837
0.416198419666374
0.41627424375448957
0.41635006784260514
0.41635006784260514
0.4165017160188363
0.4165775401069518
0.416729188283183
0.4169566605475297
0.4169566605475297
0.4169566605475297
0.4169566605475297
0.4169566605475297
0.41703248463564524
0.41718413281187644
0.417259956899992
0.4173357809881076
0.41741160507622316
0.4174874291643387
0.4176390773405699
0.41771490142868545
0.417790725516801
0.417790725516801
0.417790725516801
0.4178665496049166
0.4180181977811477
0.4180181977811477
0.41824567004549446
0.41832149413361003
0.4186247904860723
0.4186247904860723
0.418852262750419
0.4190039109266501
0.41907973501476575
0.41907973501476575
0.41923138319099684
0.4195346795434592
0.41961050363157476
0.41961050363157476
0.4196863277196903
0.4196863277196903
0.4196863277196903
0.4196863277196903
0.4198379758959214
0.419913799984037
0.419913799984037
0.4199896240721526
0.4202170963364993
0.42036874451273043
0.420444568600846
0.420444568600846
0.420444568600846
0.42052039268896163
0.42059621677707715
0.4206720408651927
0.42082368904142387
0.42089951312953944
0.42089951312953944
0.42097533721765507
0.42097533721765507
0.42112698539388616
0.42112698539388616
0.4212028094820017
0.4213544576582329
0.4213544576582329
0.4213544576582329
0.4213544576582329
0.4213544576582329
0.4213544576582329
0.4214302817463485
0.421506105834464
0.421506105834464
0.42165775401069516
0.4218852262750419
0.42196105036315745
0.4221126985393886
0.4221126985393886
0.4221126985393886
0.4221126985393886
0.42218852262750417
0.4223401708037353
0.4223401708037353
0.42249181897996646
0.42249181897996646
0.4226434671561976
0.4228709394205443
0.4229467635086599
0.42309841168489104
0.42332588394923776
0.4234775321254689
0.4234775321254689
0.4235533562135845
0.42362918030170005
0.42362918030170005
0.42378082847793114
0.42393247665416234
0.4240083007422779
0.4240083007422779
0.4240841248303935
0.424159948918509
0.4242357730066246
0.4243874211828558
0.42446324527097135
0.42446324527097135
0.42461489344720243
0.42461489344720243
0.42461489344720243
0.424690717535318
0.42476654162343364
0.42476654162343364
0.42476654162343364
0.4248423657115492
0.4249181897996648
0.42499401388778035
0.42506983797589587
0.42506983797589587
0.42514566206401144
0.425221486152127
0.4254489584164738
0.4254489584164738
0.4254489584164738
0.4254489584164738
0.4255247825045893
0.4256006065927049
0.4256006065927049
0.4256006065927049
0.42567643068082045
0.42567643068082045
0.4257522547689361
0.4257522547689361
0.4257522547689361
0.4257522547689361
0.4257522547689361
0.42582807885705165
0.4259039029451672
0.4260555511213983
0.4262071992976295
0.4262071992976295
0.42635884747386066
0.4264346715619762
0.42651049565009175
0.42651049565009175
0.4265863197382073
0.4266621438263229
0.4267379679144385
0.4267379679144385
0.4267379679144385
0.4267379679144385
0.42681379200255404
0.42704126426690076
0.4271170883550163
0.4271170883550163
0.42719291244313196
0.42719291244313196
0.4272687365312475
0.42734456061936305
0.4274203847074786
0.4276478569718254
0.4277236810599409
0.4277995051480565
0.4279511533242876
0.4280269774124032
0.42817862558863434
0.42840609785298106
0.42848192194109663
0.42848192194109663
0.42848192194109663
0.42848192194109663
0.42848192194109663
0.42848192194109663
0.4285577460292122
0.42870939420544335
0.4287852182935589
0.4288610423816745
0.42893686646979007
0.42893686646979007
0.4290885146460212
0.4290885146460212
0.4290885146460212
0.4291643387341368
0.42924016282225236
0.42924016282225236
0.42924016282225236
0.42931598691036793
0.4293918109984835
0.4293918109984835
0.4293918109984835
0.4294676350865991
0.4294676350865991
0.4294676350865991
0.4296192832628302
0.42984675552717694
0.42984675552717694
0.42984675552717694
0.429998403703408
0.429998403703408
0.429998403703408
0.43015005187963923
0.4303017000558704
0.43037752414398595
0.43037752414398595
0.43037752414398595
0.4305291723202171
0.4305291723202171
0.43068082049644824
0.4307566445845638
0.4308324686726793
0.4309082927607949
0.4309841168489105
0.43113576502514167
0.43128741320137276
0.43136323728948833
0.43136323728948833
0.43151488546571953
0.4315907095538351
0.4317423577300662
0.4317423577300662
0.4317423577300662
0.4317423577300662
0.4317423577300662
0.4317423577300662
0.43181818181818177
0.43204565408252854
0.43204565408252854
0.43204565408252854
0.43219730225875963
0.43219730225875963
0.4322731263468752
0.4322731263468752
0.4322731263468752
0.4322731263468752
0.4323489504349908
0.4324247745231064
0.432500598611222
0.432500598611222
0.432500598611222
0.43257642269933755
0.43257642269933755
0.43257642269933755
0.43257642269933755
0.43257642269933755
0.43265224678745307
0.43272807087556864
0.4328797190517998
0.4328797190517998
0.4329555431399154
0.4329555431399154
0.4329555431399154
0.4329555431399154
0.4329555431399154
0.433031367228031
0.4331071913161465
0.4331071913161465
0.4331071913161465
0.4331830154042621
0.4331830154042621
0.4331830154042621
0.4331830154042621
0.43325883949237765
0.43325883949237765
0.43325883949237765
0.43325883949237765
0.43325883949237765
0.4333346635804932
0.4333346635804932
0.4333346635804932
0.4333346635804932
0.4334863117567244
0.4336379599329555
0.4336379599329555
0.4336379599329555
0.4336379599329555
0.4336379599329555
0.4336379599329555
0.4336379599329555
0.4336379599329555
0.4336379599329555
0.4338654321973023
0.4338654321973023
0.4338654321973023
0.43394125628541785
0.43401708037353337
0.43409290446164894
0.43409290446164894
0.43409290446164894
0.43409290446164894
0.4341687285497645
0.4341687285497645
0.4341687285497645
0.4341687285497645
0.4341687285497645
0.4341687285497645
0.4341687285497645
0.4341687285497645
0.4341687285497645
0.4341687285497645
0.4342445526378801
0.4342445526378801
0.4342445526378801
0.4342445526378801
0.4342445526378801
0.4342445526378801
0.4342445526378801
0.4342445526378801
0.4342445526378801
0.4342445526378801
0.4342445526378801
0.4342445526378801
0.4342445526378801
0.43432037672599566
0.43432037672599566
0.43432037672599566
0.43432037672599566
0.43439620081411123
0.4344720249022268
0.4344720249022268
0.4346994971665735
0.4346994971665735
0.4347753212546891
0.4347753212546891
0.43485114534280467
0.43492696943092024
0.43492696943092024
0.4350027935190358
0.4350786176071514
0.4350786176071514
0.4350786176071514
0.43515444169526696
0.43515444169526696
0.43515444169526696
0.43515444169526696
0.43515444169526696
0.43515444169526696
0.43515444169526696
0.43515444169526696
0.43523026578338253
0.43523026578338253
0.43523026578338253
0.43523026578338253
0.43523026578338253
0.43523026578338253
0.43523026578338253
0.4353060898714981
0.4353060898714981
0.4353060898714981
0.43545773804772925
0.43545773804772925
0.4355335621358448
0.4355335621358448
0.4356093862239604
0.4356093862239604
0.4356093862239604
0.43568521031207597
0.43568521031207597
0.43568521031207597
0.43568521031207597
0.43568521031207597
0.43568521031207597
0.43568521031207597
0.43576103440019154
0.43576103440019154
0.4359126825764227
0.4359126825764227
0.4359126825764227
0.4359126825764227
0.4359126825764227
0.4359126825764227
0.4359126825764227
0.43598850666453826
0.43606433075265383
0.4362159789288849
0.4362159789288849
0.4362159789288849
0.43629180301700055
0.4363676271051161
0.4363676271051161
0.4363676271051161
0.4363676271051161
0.4364434511932317
0.4364434511932317
0.4364434511932317
0.43651927528134726
0.43667092345757835
0.43667092345757835
0.43667092345757835
0.43667092345757835
0.43682257163380955
0.43682257163380955
0.43682257163380955
0.4368983957219251
0.4368983957219251
0.4368983957219251
0.4369742198100407
0.4369742198100407
0.4369742198100407
0.4369742198100407
0.4369742198100407
0.4369742198100407
0.4369742198100407
0.4369742198100407
0.4369742198100407
0.4369742198100407
0.4369742198100407
0.4369742198100407
0.4369742198100407
0.43705004389815627
0.4371258679862718
0.4371258679862718
0.4371258679862718
0.4371258679862718
0.4371258679862718
0.4372016920743874
0.437277516162503
0.437277516162503
0.437277516162503
0.43735334025061856
0.43742916433873413
0.4375049884268497
0.4375049884268497
0.4375049884268497
0.4375049884268497
0.4375049884268497
0.4375049884268497
0.4375808125149652
0.4376566366030808
0.437808284779312
0.43788410886742757
0.43795993295554314
0.43795993295554314
0.43795993295554314
0.43795993295554314
0.43795993295554314
0.43795993295554314
0.43795993295554314
0.43795993295554314
0.43803575704365866
0.43803575704365866
0.43818740521988986
0.43826322930800543
0.43826322930800543
0.438339053396121
0.438339053396121
0.4384148774842365
0.43856652566046767
0.43856652566046767
0.43856652566046767
0.4386423497485833
0.4386423497485833
0.43871817383669887
0.43871817383669887
0.43879399792481444
0.43886982201292996
0.43886982201292996
0.43886982201292996
0.43886982201292996
0.43886982201292996
0.43886982201292996
0.43886982201292996
0.43894564610104553
0.4390214701891611
0.4390214701891611
0.4390214701891611
0.4390214701891611
0.4390214701891611
0.4390972942772767
0.4390972942772767
0.4391731183653923
0.4391731183653923
0.4391731183653923
0.4391731183653923
0.4391731183653923
0.4391731183653923
0.4391731183653923
0.4391731183653923
0.4391731183653923
0.4391731183653923
0.4392489424535079
0.4392489424535079
0.4393247665416234
0.4393247665416234
0.4393247665416234
0.43940059062973896
0.43940059062973896
0.43940059062973896
0.43947641471785454
0.43947641471785454
0.43947641471785454
0.43947641471785454
0.4395522388059701
0.4395522388059701
0.4395522388059701
0.43962806289408574
0.43962806289408574
0.43962806289408574
0.4397038869822013
0.4397038869822013
0.4397038869822013
0.4397038869822013
0.4397038869822013
0.4397797110703168
0.4397797110703168
0.4397797110703168
0.4398555351584324
0.4398555351584324
0.43993135924654797
0.44000718333466354
0.44008300742277917
0.44008300742277917
0.44015883151089474
0.44015883151089474
0.44015883151089474
0.44015883151089474
0.44015883151089474
0.44015883151089474
0.44015883151089474
0.44015883151089474
0.44015883151089474
0.44015883151089474
0.44015883151089474
0.44023465559901026
0.44023465559901026
0.44023465559901026
0.44023465559901026
0.44023465559901026
0.44031047968712583
0.44031047968712583
0.44031047968712583
0.44031047968712583
0.44031047968712583
0.44031047968712583
0.44031047968712583
0.44031047968712583
0.4403863037752414
0.4403863037752414
0.4403863037752414
0.440462127863357
0.44053795195147255
0.44053795195147255
0.4406896001277037
0.4406896001277037
0.4406896001277037
0.4406896001277037
0.4406896001277037
0.4406896001277037
0.4406896001277037
0.4406896001277037
0.4406896001277037
0.4406896001277037
0.4406896001277037
0.4406896001277037
0.4406896001277037
0.4406896001277037
0.44084124830393484
0.44084124830393484
0.4409170723920504
0.4410687205682816
0.44114454465639713
0.44114454465639713
0.44114454465639713
0.44114454465639713
0.44114454465639713
0.44114454465639713
0.4412961928326283
0.4412961928326283
0.4412961928326283
0.44137201692074385
0.44137201692074385
0.44137201692074385
0.44137201692074385
0.44137201692074385
0.44137201692074385
0.44137201692074385
0.44137201692074385
0.4414478410088594
0.4414478410088594
0.4414478410088594
0.44152366509697505
0.44159948918509057
0.44159948918509057
0.44159948918509057
0.44167531327320614
0.44167531327320614
0.44167531327320614
0.44167531327320614
0.4417511373613217
0.4418269614494373
0.4418269614494373
0.44190278553755286
0.442054433713784
0.442054433713784
0.442054433713784
0.442054433713784
0.442054433713784
0.442054433713784
0.442054433713784
0.442054433713784
0.442054433713784
0.442054433713784
0.442054433713784
0.442054433713784
0.4421302578018996
0.44220608189001515
0.44220608189001515
0.44220608189001515
0.44220608189001515
0.4422819059781307
0.4423577300662463
0.4423577300662463
0.4423577300662463
0.4424335541543618
0.4424335541543618
0.4424335541543618
0.44250937824247744
0.44250937824247744
0.44250937824247744
0.44250937824247744
0.44250937824247744
0.44250937824247744
0.44250937824247744
0.44250937824247744
0.44250937824247744
0.4426610264187086
0.4426610264187086
0.4426610264187086
0.4426610264187086
0.4426610264187086
0.44273685050682415
0.44273685050682415
0.44273685050682415
0.44273685050682415
0.4428126745949397
0.4428126745949397
0.4428126745949397
0.4428126745949397
0.4428126745949397
0.4428126745949397
0.4428126745949397
0.4428126745949397
0.4428126745949397
0.4428126745949397
0.4428126745949397
0.4428126745949397
0.4428126745949397
0.4428126745949397
0.4428126745949397
0.4428126745949397
0.4428126745949397
0.4428126745949397
0.4428126745949397
0.4428126745949397
0.4428126745949397
0.4428126745949397
0.4428126745949397
0.4428126745949397
0.4428126745949397
0.44288849868305524
0.44304014685928644
0.44304014685928644
0.44304014685928644
0.44304014685928644
0.4431917950355176
0.4431917950355176
0.4431917950355176
0.4431917950355176
0.4431917950355176
0.4431917950355176
0.4431917950355176
0.4431917950355176
0.4431917950355176
0.4431917950355176
0.4431917950355176
0.4431917950355176
0.4433434432117487
0.4433434432117487
0.4433434432117487
0.4433434432117487
0.4433434432117487
0.4433434432117487
0.4434192672998643
0.4434950913879799
0.44357091547609545
0.44357091547609545
0.44357091547609545
0.44357091547609545
0.44357091547609545
0.44357091547609545
0.44357091547609545
0.44357091547609545
0.44357091547609545
0.44357091547609545
0.44357091547609545
0.44357091547609545
0.44357091547609545
0.44357091547609545
0.44357091547609545
0.44357091547609545
0.44357091547609545
0.44357091547609545
0.44357091547609545
0.443646739564211
0.443646739564211
0.443646739564211
0.443646739564211
0.443646739564211
0.443646739564211
0.443646739564211
0.443646739564211
0.443646739564211
0.4437225636523266
0.4437983877404421
0.4437983877404421
0.4437983877404421
0.4437983877404421
0.4438742118285577
0.4438742118285577
0.4438742118285577
0.4438742118285577
0.4438742118285577
0.4438742118285577
0.4438742118285577
0.4438742118285577
0.4439500359166733
0.4439500359166733
0.4439500359166733
0.4439500359166733
0.4439500359166733
0.4439500359166733
0.4439500359166733
0.4439500359166733
0.4440258600047889
0.4440258600047889
0.4440258600047889
0.4440258600047889
0.4440258600047889
0.4440258600047889
0.4440258600047889
0.4440258600047889
0.4440258600047889
0.4440258600047889
0.4440258600047889
0.44410168409290446
0.44410168409290446
0.44417750818102003
0.44425333226913555
0.4443291563572511
0.4443291563572511
0.4443291563572511
0.4443291563572511
0.44440498044536675
0.4444808045334823
0.4445566286215979
0.4445566286215979
0.444708276797829
0.444708276797829
0.44478410088594456
0.44478410088594456
0.44478410088594456
0.44478410088594456
0.44478410088594456
0.44478410088594456
0.44478410088594456
0.44478410088594456
0.4448599249740602
0.4448599249740602
0.44493574906217576
0.44501157315029133
0.44501157315029133
0.44501157315029133
0.4450873972384069
0.4450873972384069
0.4451632213265224
0.445239045414638
0.445239045414638
0.44531486950275356
0.44531486950275356
0.44531486950275356
0.44531486950275356
0.44546651767898476
0.44546651767898476
0.44554234176710034
0.44554234176710034
0.44561816585521585
0.44561816585521585
0.44561816585521585
0.44561816585521585
0.445769814031447
0.445769814031447
0.445769814031447
0.4458456381195626
0.4459214622076782
0.4459214622076782
0.4459214622076782
0.4459214622076782
0.4459214622076782
0.4459214622076782
0.4459972862957937
0.4459972862957937
0.4459972862957937
0.4459972862957937
0.4459972862957937
0.4460731103839093
0.44614893447202486
0.44614893447202486
0.44614893447202486
0.44614893447202486
0.44614893447202486
0.44622475856014043
0.44622475856014043
0.44622475856014043
0.44630058264825606
0.44630058264825606
0.44630058264825606
0.44637640673637163
0.44637640673637163
0.4465280549126027
0.4466038790007183
0.4466038790007183
0.4466038790007183
0.4466038790007183
0.4466038790007183
0.4466038790007183
0.44667970308883387
0.44667970308883387
0.44667970308883387
0.44667970308883387
0.44667970308883387
0.44667970308883387
0.44667970308883387
0.44667970308883387
0.44667970308883387
0.44667970308883387
0.44667970308883387
0.44667970308883387
0.44667970308883387
0.44667970308883387
0.44667970308883387
0.44667970308883387
0.44667970308883387
0.44667970308883387
0.44667970308883387
0.44667970308883387
0.44667970308883387
0.44667970308883387
0.44667970308883387
0.44675552717694944
0.44675552717694944
0.44675552717694944
0.44675552717694944
0.44675552717694944
0.44675552717694944
0.44675552717694944
0.44675552717694944
0.44683135126506507
0.44683135126506507
0.4469071753531806
0.4469071753531806
0.4469071753531806
0.4469071753531806
0.44698299944129616
0.44705882352941173
0.44705882352941173
0.4471346476175273
0.4471346476175273
0.4471346476175273
0.4472104717056429
0.4472104717056429
0.4472104717056429
0.4472104717056429
0.4472104717056429
0.4472104717056429
0.4472104717056429
0.4472104717056429
0.4472104717056429
0.4472104717056429
0.4472862957937585
0.447362119881874
0.447362119881874
