0.06121797429962487
0.08588075664458457
0.10727113097613536
0.12012131854098491
0.13544576582328996
0.14278873014606114
0.14933354617287892
0.1628222523744912
0.16880836459414159
0.17216058743714582
0.17607151408731742
0.1805411445446564
0.18325484875089793
0.18644744193471147
0.18924096097054832
0.193870221087078
0.19754170324846357
0.20081411126187246
0.20312874132013728
0.20632133450395082
0.2083167052438343
0.21126985393886183
0.2138239284859127
0.21677707718094022
0.2194109665575864
0.22156596695666056
0.22340170803735335
0.22435948599249741
0.22499800462926012
0.22675393088035756
0.2274722643467156
0.22858967196105037
0.2301061537233618
0.2311437465081012
0.23226115412243595
0.23321893207758002
0.23385745071434272
0.2348152286694868
0.2354537473062495
0.23657115492058425
0.2372894883869423
0.237928007023705
0.2383270811716817
0.23888578497884908
0.2391252294676351
0.23968393327480245
0.24008300742277916
0.24064171122994651
0.24104078537792323
0.24136004469630457
0.24175911884428128
0.24263708196983
0.24319578577699735
0.2439141192433554
0.24455263788011813
0.24479208236890415
0.2455104158352622
0.24606911964242956
0.24638837896081092
0.24686726793838296
0.2471865272567643
0.24774523106393168
0.24870300901907574
0.24926171282624313
0.24974060180381516
0.2501396759517918
0.25037912044057786
0.25037912044057786
0.25053875009976856
0.2514965280549126
0.25205523186207995
0.25261393566924734
0.25309282464681937
0.25365152845398675
0.25389097294277274
0.25421023226115413
0.2546093064091308
0.25492856572751216
0.25532763987548884
0.2557267140234656
0.2557267140234656
0.2558863436826562
0.2560459733418469
0.2564450474898236
0.25668449197860965
0.257003751296991
0.257003751296991
0.257003751296991
0.25708356612658634
0.257243195785777
0.25764226993375366
0.25780189959294436
0.2580413440817304
0.2580413440817304
0.2584404182297071
0.2584404182297071
0.25852023305930244
0.2586798627184931
0.2589193072072791
0.2589193072072791
0.25907893686646977
0.25939819618485116
0.2594780110144465
0.2595578258440418
0.2595578258440418
0.25963764067363715
0.2597174555032325
0.2598770851624232
0.26003671482161383
0.2602761593103999
0.2602761593103999
0.2602761593103999
0.2604357889695906
0.26067523345837657
0.26083486311756726
0.2609146779471626
0.26107430760635325
0.2613137520951393
0.26147338175432994
0.26163301141352063
0.26163301141352063
0.26179264107271133
0.2618724559023066
0.26195227073190197
0.26235134487987866
0.26251097453906935
0.2628302338574507
0.2628302338574507
0.2629898635166414
0.2631494931758321
0.2631494931758321
0.2633091228350227
0.2633889376646181
0.26354856732380877
0.26370819698299947
0.26378801181259476
0.2638678266421901
0.2640274563013808
0.26410727113097615
0.26410727113097615
0.2641870859605715
0.2642669007901668
0.2644265304493575
0.26450634527895284
0.2645861601085482
0.2645861601085482
0.2645861601085482
0.2648256045973342
0.26498523425652487
0.2653044935749062
0.2654641232340969
0.26562375289328755
0.26562375289328755
0.26562375289328755
0.26562375289328755
0.2657035677228829
0.26594301221166894
0.2660228270412643
0.2660228270412643
0.26618245670045493
0.2663420863596456
0.266421901189241
0.26666134567802696
0.26666134567802696
0.26666134567802696
0.2667411605076223
0.2667411605076223
0.266900790166813
0.26698060499640835
0.26722004948519434
0.26722004948519434
0.2675393088035757
0.2677787532923617
0.2678585681219571
0.2680181977811477
0.2681778274403384
0.26825764226993376
0.26849708675871975
0.26865671641791045
0.2687365312475058
0.2687365312475058
0.2687365312475058
0.2687365312475058
0.2689759757362918
0.26905579056588713
0.26905579056588713
0.2691356053954825
0.2691356053954825
0.26921542022507783
0.2693750498842685
0.2694548647138638
0.2694548647138638
0.26953467954345917
0.2697741240322452
0.2701731981802219
0.27033282783941254
0.2705722723281986
0.2707319019873893
0.2707319019873893
0.27081171681698457
0.27081171681698457
0.27081171681698457
0.2708915316465799
0.27097134647617527
0.2710511613057706
0.2710511613057706
0.27113097613536596
0.2712107909649613
0.2712906057945566
0.27153005028334265
0.27153005028334265
0.27153005028334265
0.27153005028334265
0.27153005028334265
0.27168967994253335
0.27176949477212864
0.27176949477212864
0.27192912443131934
0.27192912443131934
0.27192912443131934
0.2720089392609147
0.2721685689201054
0.2722483837497007
0.272328198579296
0.27240801340889137
0.2724878282384867
0.27280708755686806
0.27280708755686806
0.27280708755686806
0.27280708755686806
0.2728869023864634
0.27296671721605875
0.27296671721605875
0.27312634687524945
0.27320616170484474
0.27320616170484474
0.27336579136403544
0.27336579136403544
0.2734456061936308
0.2736052358528214
0.27384468034160747
0.27400431000079817
0.27408412483039346
0.2741639396599888
0.2743235693191795
0.27440338414877485
0.27440338414877485
0.27440338414877485
0.27440338414877485
0.27440338414877485
0.27440338414877485
0.2745630138079655
0.2745630138079655
0.2745630138079655
0.2745630138079655
0.2745630138079655
0.27464282863756084
0.27464282863756084
0.2747226434671562
0.2747226434671562
0.2748822731263469
0.2748822731263469
0.2748822731263469
0.27504190278553753
0.2751217176151329
0.2752015324447282
0.2752015324447282
0.2752015324447282
0.2752813472743236
0.2752813472743236
0.2753611621039189
0.2753611621039189
0.27544097693351427
0.27544097693351427
0.27552079176310956
0.2756006065927049
0.2756006065927049
0.27568042142230026
0.27568042142230026
0.27568042142230026
0.2757602362518956
0.27584005108149096
0.27584005108149096
0.27584005108149096
0.2759198659110863
0.27607949557027694
0.2761593103998723
0.276318940059063
0.27647856971825363
0.276558384547849
0.2766381993774443
0.2767180142070397
0.276797829036635
0.27687764386623037
0.27687764386623037
0.27687764386623037
0.27695745869582566
0.27695745869582566
0.27695745869582566
0.27695745869582566
0.27695745869582566
0.27695745869582566
0.27695745869582566
0.27695745869582566
0.27695745869582566
0.27695745869582566
0.277037273525421
0.277037273525421
0.27711708835501636
0.2771969031846117
0.2771969031846117
0.27727671801420706
0.2773565328438024
0.2773565328438024
0.2773565328438024
0.2773565328438024
0.27751616250299305
0.27751616250299305
0.27767579216218374
0.27767579216218374
0.27767579216218374
0.27767579216218374
0.2777556069917791
0.2777556069917791
0.27791523665096973
0.27791523665096973
0.27791523665096973
0.27791523665096973
0.27791523665096973
0.2779950514805651
0.27807486631016043
0.27807486631016043
0.27807486631016043
0.27807486631016043
0.27807486631016043
0.27807486631016043
0.2782344959693511
0.2783143107989464
0.2783143107989464
0.2783143107989464
0.2783143107989464
0.2783143107989464
0.2783143107989464
0.27839412562854177
0.27855375528773246
0.2786335701173278
0.27871338494692316
0.27879319977651845
0.27879319977651845
0.27879319977651845
0.27879319977651845
0.27879319977651845
0.27879319977651845
0.27879319977651845
0.27879319977651845
0.27879319977651845
0.2788730146061138
0.2788730146061138
0.27895282943570915
0.27895282943570915
0.27895282943570915
0.2790326442653045
0.2790326442653045
0.2790326442653045
0.2790326442653045
0.2790326442653045
0.27911245909489985
0.27911245909489985
0.2791922739244952
0.27935190358368583
0.27935190358368583
0.27935190358368583
0.2794317184132812
0.2794317184132812
0.2794317184132812
0.2794317184132812
0.2794317184132812
0.27951153324287653
0.27951153324287653
0.27951153324287653
0.27951153324287653
0.2795913480724719
0.2795913480724719
0.2797509777316625
0.2797509777316625
0.2797509777316625
0.2797509777316625
0.2797509777316625
0.27983079256125787
0.27983079256125787
0.27983079256125787
0.2799106073908532
0.2799106073908532
0.2799106073908532
0.2799106073908532
0.2799106073908532
0.27999042222044856
0.27999042222044856
0.2800702370500439
0.2803096815388299
0.2803096815388299
0.28054912602761595
0.28054912602761595
0.2806289408572113
0.28078857051640194
0.28078857051640194
0.28078857051640194
0.28078857051640194
0.28078857051640194
0.28078857051640194
0.28078857051640194
0.28078857051640194
0.28078857051640194
0.2808683853459973
0.28094820017559263
0.28094820017559263
0.28094820017559263
0.28094820017559263
0.28094820017559263
0.28094820017559263
0.28110782983478333
0.28110782983478333
0.28110782983478333
0.28126745949397397
0.2813472743235693
0.2813472743235693
0.28142708915316467
0.28142708915316467
0.28150690398276
0.28158671881235536
0.28158671881235536
0.28158671881235536
0.28158671881235536
0.28166653364195066
0.28166653364195066
0.28166653364195066
0.28166653364195066
0.28166653364195066
0.28166653364195066
0.28166653364195066
0.28166653364195066
0.28166653364195066
0.281746348471546
0.28182616330114135
0.2819059781307367
0.2819059781307367
0.2819059781307367
0.2819059781307367
0.2819059781307367
0.2819059781307367
0.2819059781307367
0.2819059781307367
0.2819059781307367
0.28198579296033205
0.28198579296033205
0.28198579296033205
0.28198579296033205
0.28198579296033205
0.28198579296033205
0.28198579296033205
0.28198579296033205
0.28198579296033205
0.28206560778992734
0.2821454226195227
0.2821454226195227
0.2821454226195227
0.2821454226195227
0.2821454226195227
0.2821454226195227
0.2821454226195227
0.2823050522787134
0.2823050522787134
0.2823050522787134
0.2823050522787134
0.2823050522787134
0.28238486710830873
0.2824646819379041
0.2824646819379041
0.2824646819379041
0.2824646819379041
0.2825444967674994
0.2825444967674994
0.2825444967674994
0.2825444967674994
0.2825444967674994
0.2825444967674994
0.2825444967674994
0.2825444967674994
0.2826243115970947
0.28270412642669007
0.28270412642669007
0.28270412642669007
0.28270412642669007
0.28270412642669007
0.28270412642669007
0.28270412642669007
0.28270412642669007
0.28270412642669007
0.28270412642669007
0.28270412642669007
0.28270412642669007
0.28270412642669007
0.28270412642669007
0.28270412642669007
0.28270412642669007
0.28270412642669007
0.28270412642669007
0.28270412642669007
0.28270412642669007
0.28270412642669007
0.28270412642669007
0.2827839412562854
0.28286375608588077
0.28286375608588077
0.28286375608588077
0.28286375608588077
0.28286375608588077
0.28286375608588077
0.28286375608588077
0.2829435709154761
0.28310320057466676
0.28310320057466676
0.28310320057466676
0.2831830154042621
0.2831830154042621
0.28326283023385745
0.28326283023385745
0.28326283023385745
0.28326283023385745
0.28326283023385745
0.28326283023385745
0.2833426450634528
0.2833426450634528
0.28342245989304815
0.28342245989304815
0.28342245989304815
0.28342245989304815
0.28342245989304815
0.28342245989304815
0.28342245989304815
0.28342245989304815
0.28350227472264344
0.28350227472264344
0.28350227472264344
0.2835820895522388
0.28366190438183414
0.28366190438183414
0.2837417192114295
0.2837417192114295
0.28382153404102484
0.2839013488706202
0.2839013488706202
0.2839013488706202
0.2842206081890015
0.2842206081890015
0.2843802378481922
0.2843802378481922
0.2843802378481922
0.2843802378481922
0.2843802378481922
0.2843802378481922
0.2844600526777875
0.28453986750738286
0.28453986750738286
0.28453986750738286
0.2846196823369782
0.2846196823369782
0.28469949716657356
0.2847793119961689
0.2847793119961689
0.2847793119961689
0.28485912682576425
0.28485912682576425
0.28493894165535955
0.28493894165535955
0.28493894165535955
0.28493894165535955
0.28493894165535955
0.28493894165535955
0.2850187564849549
0.2850187564849549
0.2850187564849549
0.2850187564849549
0.2850187564849549
0.2850187564849549
0.2850187564849549
0.2850187564849549
0.2850187564849549
0.2850187564849549
0.2850187564849549
0.28509857131455024
0.28509857131455024
0.28509857131455024
0.28509857131455024
0.28509857131455024
0.2851783861441456
0.2851783861441456
0.2851783861441456
0.2851783861441456
0.2851783861441456
0.2851783861441456
0.28525820097374094
0.28525820097374094
0.28525820097374094
0.28525820097374094
0.28525820097374094
0.28525820097374094
0.28525820097374094
0.28525820097374094
0.28525820097374094
0.28525820097374094
0.2854178306329316
0.28549764546252693
0.2855774602921223
0.2856572751217176
0.2856572751217176
0.2856572751217176
0.2856572751217176
0.2856572751217176
0.2856572751217176
0.285737089951313
0.285737089951313
0.285737089951313
0.285737089951313
0.28581690478090827
0.28581690478090827
0.28581690478090827
0.28581690478090827
0.28581690478090827
0.2858967196105036
0.2858967196105036
0.2858967196105036
0.2858967196105036
0.2858967196105036
0.2858967196105036
0.2858967196105036
0.2858967196105036
0.2858967196105036
0.2858967196105036
0.28597653444009896
0.28597653444009896
0.2860563492696943
0.28613616409928966
0.28613616409928966
0.28613616409928966
0.28613616409928966
0.28613616409928966
0.28613616409928966
0.2862957937584803
0.2862957937584803
0.28637560858807565
0.28637560858807565
0.28637560858807565
0.28637560858807565
0.28637560858807565
0.28637560858807565
0.286455423417671
0.28669486790645704
0.28669486790645704
0.28677468273605233
0.28677468273605233
0.28677468273605233
0.28677468273605233
0.2868544975656477
0.28693431239524303
0.2870939420544337
0.2870939420544337
0.2870939420544337
0.2870939420544337
0.2870939420544337
0.2870939420544337
0.2870939420544337
0.2870939420544337
0.2870939420544337
0.2870939420544337
0.2871737568840291
0.2871737568840291
0.28725357171362437
0.28725357171362437
0.28725357171362437
0.28725357171362437
0.28725357171362437
0.28725357171362437
0.28725357171362437
0.28725357171362437
0.28725357171362437
0.28725357171362437
0.28725357171362437
0.28725357171362437
0.2873333865432197
0.28741320137281506
0.28741320137281506
0.28741320137281506
0.28741320137281506
0.28741320137281506
0.28741320137281506
0.2874930162024104
0.28757283103200576
0.28757283103200576
0.28757283103200576
0.28757283103200576
0.28757283103200576
0.28757283103200576
0.2876526458616011
0.2877324606911964
0.2877324606911964
0.2877324606911964
0.2877324606911964
0.2877324606911964
0.2877324606911964
0.2877324606911964
0.28781227552079175
0.28781227552079175
0.28781227552079175
0.28781227552079175
0.2878920903503871
0.2878920903503871
0.2878920903503871
0.2878920903503871
0.2878920903503871
0.2878920903503871
0.2878920903503871
0.2878920903503871
0.2878920903503871
0.2878920903503871
0.2878920903503871
0.2878920903503871
0.28797190517998245
0.28797190517998245
0.28797190517998245
0.28797190517998245
0.28797190517998245
0.28797190517998245
0.28797190517998245
0.2880517200095778
0.2880517200095778
0.2880517200095778
0.2880517200095778
0.2880517200095778
0.2880517200095778
0.2880517200095778
0.28813153483917314
0.28813153483917314
0.28813153483917314
0.28813153483917314
0.28813153483917314
0.28813153483917314
0.28813153483917314
0.28813153483917314
0.28813153483917314
0.28813153483917314
0.28813153483917314
0.28821134966876844
0.2882911644983638
0.2882911644983638
0.28837097932795913
0.2884507941575545
0.2884507941575545
0.2884507941575545
0.2884507941575545
0.28853060898714983
0.28853060898714983
0.28853060898714983
0.28853060898714983
0.2886104238167452
0.2886104238167452
0.2886104238167452
0.2886104238167452
0.28869023864634047
0.28869023864634047
0.28869023864634047
0.28869023864634047
0.28869023864634047
0.28869023864634047
0.28869023864634047
0.2887700534759358
0.2887700534759358
0.2887700534759358
0.2887700534759358
0.2887700534759358
0.2887700534759358
0.2887700534759358
0.2887700534759358
0.2887700534759358
0.2887700534759358
0.2887700534759358
0.2887700534759358
0.2887700534759358
0.2887700534759358
0.2887700534759358
0.2887700534759358
0.2887700534759358
0.28884986830553117
0.28884986830553117
0.28884986830553117
0.28884986830553117
0.28884986830553117
0.28884986830553117
0.28884986830553117
0.28884986830553117
0.28884986830553117
0.28884986830553117
0.28884986830553117
0.2889296831351265
0.2889296831351265
0.2889296831351265
0.28900949796472186
0.28900949796472186
0.28900949796472186
0.28900949796472186
0.28900949796472186
0.28900949796472186
0.28900949796472186
0.28900949796472186
0.2890893127943172
0.2890893127943172
0.2890893127943172
0.2890893127943172
0.2890893127943172
0.2890893127943172
0.2890893127943172
0.2890893127943172
0.2890893127943172
0.2891691276239125
0.28924894245350785
0.28924894245350785
0.28924894245350785
0.28924894245350785
0.28924894245350785
0.28940857211269855
0.28940857211269855
0.28956820177188924
0.28964801660148454
0.28964801660148454
0.28964801660148454
0.28964801660148454
0.2897278314310799
0.2897278314310799
0.2897278314310799
0.2897278314310799
0.2897278314310799
0.2897278314310799
0.2897278314310799
0.2897278314310799
0.2897278314310799
0.2897278314310799
0.2897278314310799
0.2897278314310799
0.2897278314310799
0.2897278314310799
0.2897278314310799
0.2897278314310799
0.2897278314310799
0.2897278314310799
0.2897278314310799
0.2897278314310799
0.2897278314310799
0.28980764626067523
0.28980764626067523
0.2898874610902706
0.2898874610902706
0.2898874610902706
0.2898874610902706
0.2898874610902706
0.2898874610902706
0.28996727591986593
0.28996727591986593
0.28996727591986593
0.28996727591986593
0.28996727591986593
0.28996727591986593
0.28996727591986593
0.2900470907494612
0.29012690557905657
0.29012690557905657
0.29012690557905657
0.29012690557905657
0.29012690557905657
0.29012690557905657
0.29012690557905657
0.29012690557905657
0.29012690557905657
0.29012690557905657
0.29012690557905657
0.2902067204086519
0.2902067204086519
0.2902067204086519
0.2902067204086519
0.2902067204086519
0.2902067204086519
0.2902067204086519
0.2902067204086519
0.2902067204086519
0.29028653523824727
0.2903663500678426
0.2903663500678426
0.2903663500678426
0.2903663500678426
0.2903663500678426
0.2903663500678426
0.2903663500678426
0.2903663500678426
0.2903663500678426
0.2903663500678426
0.2903663500678426
0.2903663500678426
0.2903663500678426
0.2903663500678426
0.2903663500678426
0.2903663500678426
0.2903663500678426
0.29044616489743796
0.29044616489743796
0.29044616489743796
0.29044616489743796
0.29052597972703326
0.2906057945566286
0.2906057945566286
0.2906057945566286
0.2906057945566286
0.2907654242158193
0.2907654242158193
0.2907654242158193
0.2907654242158193
0.2907654242158193
0.2907654242158193
0.2907654242158193
0.2907654242158193
0.2907654242158193
0.2907654242158193
0.2907654242158193
0.2907654242158193
0.2907654242158193
0.2907654242158193
0.2907654242158193
0.2907654242158193
0.2907654242158193
0.29084523904541465
0.29092505387501
0.29092505387501
0.29092505387501
0.29092505387501
0.29092505387501
0.29092505387501
0.29092505387501
0.29092505387501
0.29092505387501
0.29092505387501
0.29092505387501
0.29092505387501
0.29092505387501
0.29092505387501
0.29092505387501
0.29092505387501
0.29092505387501
0.29092505387501
0.29092505387501
0.29092505387501
0.29092505387501
0.29092505387501
0.29092505387501
0.29092505387501
0.29092505387501
0.29092505387501
0.29092505387501
0.2910048687046053
0.2910048687046053
0.2910048687046053
0.2910048687046053
0.2910048687046053
0.2910048687046053
0.29108468353420064
0.291164498363796
0.291164498363796
0.291164498363796
0.291164498363796
0.291164498363796
0.291164498363796
0.291164498363796
0.291164498363796
0.291164498363796
0.29124431319339134
0.29124431319339134
0.29124431319339134
0.29124431319339134
0.2913241280229867
0.2913241280229867
0.2913241280229867
0.2913241280229867
0.2913241280229867
0.2913241280229867
0.2913241280229867
0.2913241280229867
0.2913241280229867
0.2913241280229867
0.2913241280229867
0.2913241280229867
0.2913241280229867
0.2913241280229867
0.2913241280229867
0.2913241280229867
