0.1194827999042222
0.16298188203368186
0.17862558863436825
0.1922739244951712
0.2015324447282305
0.2107909649612898
0.22715300502833427
0.23353819139596138
0.237928007023705
0.24287652645861602
0.24662782344959694
0.24870300901907574
0.2506983797589592
0.2524543060100567
0.25452949157953547
0.2645861601085482
0.2657035677228829
0.267140234655599
0.2688961609066965
0.26969430920264986
0.2707319019873893
0.271849309601724
0.2727272727272727
0.27384468034160747
0.2744831989783702
0.2752813472743236
0.2757602362518956
0.27647856971825363
0.2775959773325884
0.2781546811397558
0.2915635725117727
0.2920424614893447
0.2924415356373214
0.29315986910367947
0.2937983877404422
0.29435709154760953
0.2949157953547769
0.29523505467315825
0.2953148695027536
0.295634128821135
0.2960332029691117
0.2965120919466837
0.29723042541304173
0.29739005507223243
0.2976294995610184
0.2979487588793998
0.29850746268656714
0.29882672200494853
0.29954505547130655
0.29970468513049725
0.29994412961928324
0.30026338893766463
0.30058264825604597
0.300822092744832
0.30114135206321335
0.30154042621119004
0.3017798706999761
0.3020991300183574
0.3024982041663341
0.30313672280309684
0.30321653763269213
0.30321653763269213
0.3034559821214782
0.30369542661026416
0.30369542661026416
0.3040945007582409
0.3043339452470269
0.3044935749062176
0.30457338973581294
0.3048926490541943
0.3049724638837896
0.3052119083725756
0.30529172320217096
0.3053715380317663
0.30545135286136166
0.3056109825205523
0.30569079735014765
0.3059302418389337
0.3063293159869104
0.306488945646101
0.30656876047569637
0.30672839013488706
0.30688801979407776
0.30688801979407776
0.3070476494532684
0.3072072791124591
0.30752653843084043
0.30768616809003113
0.30784579774922183
0.3080852422380078
0.3082448718971985
0.30856413121557985
0.3088035757043659
0.30928246468193793
0.30928246468193793
0.30944209434112857
0.30944209434112857
0.30944209434112857
0.30944209434112857
0.30944209434112857
0.3096815388299146
0.30976135365950996
0.30976135365950996
0.30984116848910526
0.3100806129778913
0.31024024263708194
0.31039987229627264
0.310479687125868
0.31055950195546334
0.310719131614654
0.3108787612738447
0.31095857610344
0.3111182057626307
0.31127783542182136
0.31127783542182136
0.3115172799106074
0.3115172799106074
0.31159709474020275
0.31167690956979804
0.3119163540585841
0.3122356133769654
0.31247505786575147
0.3126346875249421
0.31271450235453746
0.3127943171841328
0.3129539468433235
0.3129539468433235
0.31303376167291885
0.31303376167291885
0.31311357650251415
0.3131933913321095
0.3131933913321095
0.31343283582089554
0.31343283582089554
0.31343283582089554
0.3135126506504909
0.3135126506504909
0.3135126506504909
0.3137520951392769
0.3137520951392769
0.3138319099688722
0.3138319099688722
0.3139117247984676
0.3139117247984676
0.3139915396280629
0.3139915396280629
0.3140713544576582
0.3142309841168489
0.3142309841168489
0.31431079894644426
0.3143906137760396
0.3143906137760396
0.3143906137760396
0.3144704286056349
0.31455024343523025
0.31455024343523025
0.3146300582648256
0.31470987309442094
0.3147896879240163
0.3147896879240163
0.3147896879240163
0.31486950275361164
0.31486950275361164
0.31486950275361164
0.31494931758320693
0.31494931758320693
0.31494931758320693
0.31510894724239763
0.31510894724239763
0.315188762071993
0.315188762071993
0.315188762071993
0.315188762071993
0.3152685769015883
0.3153483917311837
0.31542820656077897
0.31542820656077897
0.3155080213903743
0.3155080213903743
0.31558783621996966
0.315667651049565
0.315667651049565
0.31574746587916036
0.31574746587916036
0.31574746587916036
0.3158272807087557
0.3158272807087557
0.3158272807087557
0.3158272807087557
0.315907095538351
0.315907095538351
0.315907095538351
0.315907095538351
0.315907095538351
0.315907095538351
0.315907095538351
0.315907095538351
0.31598691036794635
0.31614654002713705
0.3162263548567324
0.3162263548567324
0.31630616968632774
0.31630616968632774
0.31630616968632774
0.31630616968632774
0.31630616968632774
0.31638598451592304
0.31638598451592304
0.31638598451592304
0.31638598451592304
0.31638598451592304
0.31654561417511373
0.31654561417511373
0.31654561417511373
0.3166254290047091
0.3166254290047091
0.31670524383430443
0.3167850586638998
0.31686487349349507
0.31686487349349507
0.31686487349349507
0.31686487349349507
0.3169446883230904
0.31702450315268577
0.31702450315268577
0.31702450315268577
0.31702450315268577
0.31702450315268577
0.3171043179822811
0.3171043179822811
0.3171043179822811
0.3171043179822811
0.3171043179822811
0.31718413281187646
0.31718413281187646
0.31718413281187646
0.31718413281187646
0.31742357730066245
0.31742357730066245
0.31742357730066245
0.3175033921302578
0.3175033921302578
0.3175033921302578
0.3175033921302578
0.3175033921302578
0.3175033921302578
0.3175033921302578
0.31758320695985315
0.3176630217894485
0.3176630217894485
0.3176630217894485
0.31782265144863914
0.31782265144863914
0.31782265144863914
0.31782265144863914
0.31782265144863914
0.31782265144863914
0.3179024662782345
0.3179024662782345
0.3179024662782345
0.3179024662782345
0.3179024662782345
0.3179024662782345
0.3179024662782345
0.31798228110782983
0.31798228110782983
0.3180620959374252
0.3180620959374252
0.3180620959374252
0.3180620959374252
0.3180620959374252
0.3180620959374252
0.3180620959374252
0.31814191076702053
0.31814191076702053
0.31814191076702053
0.31814191076702053
0.31814191076702053
0.31814191076702053
0.31814191076702053
0.31814191076702053
0.31814191076702053
0.31814191076702053
0.31814191076702053
0.31814191076702053
0.31814191076702053
0.31814191076702053
0.31814191076702053
0.31814191076702053
0.31814191076702053
0.3182217255966159
0.3182217255966159
0.31830154042621117
0.31830154042621117
0.31830154042621117
0.31830154042621117
0.31830154042621117
0.31830154042621117
0.31830154042621117
0.31830154042621117
0.31830154042621117
0.31830154042621117
0.31830154042621117
0.3183813552558065
0.3183813552558065
0.3183813552558065
0.3183813552558065
0.3183813552558065
0.3183813552558065
0.3183813552558065
0.3183813552558065
0.3183813552558065
0.31846117008540187
0.31846117008540187
0.3185409849149972
0.3185409849149972
0.3185409849149972
0.3185409849149972
0.3185409849149972
0.3185409849149972
0.31862079974459256
0.31870061457418786
0.31886024423337855
0.3189400590629739
0.3189400590629739
0.3189400590629739
0.3189400590629739
0.3189400590629739
0.31901987389256925
0.3190996887221646
0.3190996887221646
0.3190996887221646
0.3191795035517599
0.3191795035517599
0.3191795035517599
0.3191795035517599
0.31925931838135524
0.31925931838135524
0.3193391332109506
0.3193391332109506
0.3193391332109506
0.3193391332109506
0.31941894804054594
0.31941894804054594
0.31941894804054594
0.31941894804054594
0.31941894804054594
0.31941894804054594
0.3194987628701413
0.31957857769973663
0.3196583925293319
0.3196583925293319
0.3196583925293319
0.3196583925293319
0.3196583925293319
0.3197382073589273
0.3197382073589273
0.3197382073589273
0.3197382073589273
0.3198180221885226
0.3198180221885226
0.3199776518477133
0.3199776518477133
0.3199776518477133
0.3199776518477133
0.3199776518477133
0.3199776518477133
0.32005746667730867
0.32013728150690396
0.32013728150690396
0.32013728150690396
0.32013728150690396
0.32013728150690396
0.32013728150690396
0.32013728150690396
0.32013728150690396
0.32013728150690396
0.32013728150690396
0.32013728150690396
0.32013728150690396
0.32013728150690396
0.32013728150690396
0.32013728150690396
0.32013728150690396
0.32013728150690396
0.32013728150690396
0.32013728150690396
0.32013728150690396
0.32013728150690396
0.32013728150690396
0.3202170963364993
0.3202170963364993
0.3202170963364993
0.3202170963364993
0.32037672599569
0.32037672599569
0.32037672599569
0.32045654082528535
0.32045654082528535
0.32045654082528535
0.32045654082528535
0.32045654082528535
0.3205363556548807
0.3205363556548807
0.3205363556548807
0.320616170484476
0.32069598531407134
0.32069598531407134
0.3207758001436667
0.3207758001436667
0.3207758001436667
0.3207758001436667
0.3207758001436667
0.3207758001436667
0.3207758001436667
0.32085561497326204
0.32085561497326204
0.32085561497326204
0.32085561497326204
0.32085561497326204
0.32085561497326204
0.32085561497326204
0.32085561497326204
0.3209354298028574
0.3209354298028574
0.3209354298028574
0.3209354298028574
0.3209354298028574
0.3209354298028574
0.3209354298028574
0.3209354298028574
0.3209354298028574
0.3209354298028574
0.3209354298028574
0.3209354298028574
0.32101524463245273
0.32101524463245273
0.32101524463245273
0.32101524463245273
0.321095059462048
0.321095059462048
0.321095059462048
0.321095059462048
0.321095059462048
0.321095059462048
0.321095059462048
0.321095059462048
0.321095059462048
0.321095059462048
0.3211748742916434
0.3211748742916434
0.3211748742916434
0.3211748742916434
0.3211748742916434
0.3211748742916434
0.3211748742916434
0.3211748742916434
0.3211748742916434
0.3211748742916434
0.3211748742916434
0.3211748742916434
0.3211748742916434
0.3212546891212387
0.3212546891212387
0.3212546891212387
0.3212546891212387
0.3212546891212387
0.32133450395083407
0.32133450395083407
0.32133450395083407
0.32133450395083407
0.32133450395083407
0.32133450395083407
0.32133450395083407
0.32133450395083407
0.32133450395083407
0.32133450395083407
0.32133450395083407
0.3214143187804294
0.3214143187804294
0.3214143187804294
0.3214143187804294
0.3214143187804294
0.3214143187804294
0.3214143187804294
0.3214143187804294
0.3214143187804294
0.3214143187804294
0.3214143187804294
0.3214143187804294
0.3214143187804294
0.3214143187804294
0.3214143187804294
0.32149413361002477
0.32149413361002477
0.32157394843962006
0.32157394843962006
0.32157394843962006
0.32157394843962006
0.32157394843962006
0.32157394843962006
0.32157394843962006
0.32157394843962006
0.32157394843962006
0.32157394843962006
0.32157394843962006
0.3216537632692154
0.3216537632692154
0.3216537632692154
0.3216537632692154
0.3216537632692154
0.3216537632692154
0.32173357809881076
0.32173357809881076
0.32173357809881076
0.32173357809881076
0.3218133929284061
0.3218133929284061
0.3218133929284061
0.3218133929284061
0.3218133929284061
0.3218133929284061
0.3218133929284061
0.32189320775800145
0.32189320775800145
0.32189320775800145
0.32189320775800145
0.32189320775800145
0.32189320775800145
0.32189320775800145
0.32189320775800145
0.32189320775800145
0.32189320775800145
0.32189320775800145
0.32189320775800145
0.32189320775800145
0.32189320775800145
0.32189320775800145
0.32189320775800145
0.3219730225875968
0.3220528374171921
0.3220528374171921
0.3220528374171921
0.3220528374171921
0.3220528374171921
0.3220528374171921
0.3220528374171921
0.3220528374171921
0.32213265224678744
0.32213265224678744
0.32213265224678744
0.32213265224678744
0.32213265224678744
0.3222124670763828
0.3222124670763828
0.32229228190597814
0.32229228190597814
0.32229228190597814
0.32229228190597814
0.32229228190597814
0.32229228190597814
0.32229228190597814
0.32229228190597814
0.32229228190597814
0.32229228190597814
0.32229228190597814
0.32229228190597814
0.32229228190597814
0.32229228190597814
0.32229228190597814
0.32229228190597814
0.32229228190597814
0.32229228190597814
0.32229228190597814
0.32229228190597814
0.32229228190597814
0.32229228190597814
0.32229228190597814
0.32229228190597814
0.3223720967355735
0.3223720967355735
0.3223720967355735
0.3224519115651688
0.3224519115651688
0.3224519115651688
0.3224519115651688
0.32253172639476413
0.32253172639476413
0.32253172639476413
0.32253172639476413
0.32253172639476413
0.3226115412243595
0.3226115412243595
0.3226115412243595
0.3226115412243595
0.3226115412243595
0.3226115412243595
0.3226115412243595
0.3226115412243595
0.3226115412243595
0.3226115412243595
0.3226115412243595
0.3226115412243595
0.3226115412243595
0.3226115412243595
0.3226115412243595
0.3226115412243595
0.3226115412243595
0.3226115412243595
0.3226115412243595
0.3226115412243595
0.3226115412243595
0.3226115412243595
0.3226115412243595
0.3226115412243595
0.3226913560539548
0.3226913560539548
0.3226913560539548
0.3227711708835502
0.3227711708835502
0.3227711708835502
0.3227711708835502
0.3227711708835502
0.3227711708835502
0.3227711708835502
0.3228509857131455
0.3228509857131455
0.3228509857131455
0.3228509857131455
0.3228509857131455
0.3228509857131455
0.3228509857131455
0.3228509857131455
0.32301061537233616
0.32301061537233616
0.32301061537233616
0.32301061537233616
0.32301061537233616
0.32301061537233616
0.32301061537233616
0.32301061537233616
0.32301061537233616
0.3230904302019315
0.3230904302019315
0.3230904302019315
0.3230904302019315
0.3230904302019315
0.3230904302019315
0.3230904302019315
0.3230904302019315
0.32317024503152686
0.32317024503152686
0.32317024503152686
0.32317024503152686
0.32317024503152686
0.32317024503152686
0.32317024503152686
0.3232500598611222
0.3232500598611222
0.3232500598611222
0.3232500598611222
0.3232500598611222
0.3232500598611222
0.3232500598611222
0.3232500598611222
0.3232500598611222
0.3232500598611222
0.3232500598611222
0.3232500598611222
0.3232500598611222
0.3232500598611222
0.32332987469071756
0.32332987469071756
0.32332987469071756
0.32332987469071756
0.32332987469071756
0.32332987469071756
0.32332987469071756
0.32332987469071756
0.32332987469071756
0.32332987469071756
0.32332987469071756
0.32340968952031285
0.32340968952031285
0.32340968952031285
0.32340968952031285
0.32340968952031285
0.32340968952031285
0.32340968952031285
0.32340968952031285
0.32340968952031285
0.32340968952031285
0.32340968952031285
0.32340968952031285
0.32340968952031285
0.32340968952031285
0.32340968952031285
0.32340968952031285
0.32340968952031285
0.32340968952031285
0.32340968952031285
0.32340968952031285
0.3234895043499082
0.3234895043499082
0.3234895043499082
0.3234895043499082
0.3234895043499082
0.3234895043499082
0.32356931917950355
0.32356931917950355
0.32356931917950355
0.32356931917950355
0.32356931917950355
0.32356931917950355
0.32356931917950355
0.32356931917950355
0.32356931917950355
0.32356931917950355
0.32356931917950355
0.3236491340090989
0.3236491340090989
0.3236491340090989
0.3236491340090989
0.32372894883869424
0.32372894883869424
0.32372894883869424
0.32372894883869424
0.32372894883869424
0.32372894883869424
0.32372894883869424
0.3238087636682896
0.3238087636682896
0.3238087636682896
0.3238087636682896
0.3238087636682896
0.3238087636682896
0.3238087636682896
0.3238087636682896
0.3238885784978849
0.32396839332748023
0.32396839332748023
0.32396839332748023
0.32396839332748023
0.32396839332748023
0.32396839332748023
0.32396839332748023
0.32396839332748023
0.32396839332748023
0.32396839332748023
0.3240482081570756
0.3240482081570756
0.3240482081570756
0.3240482081570756
0.3240482081570756
0.3240482081570756
0.3240482081570756
0.3240482081570756
0.3240482081570756
0.3240482081570756
0.3240482081570756
0.3240482081570756
0.3240482081570756
0.3240482081570756
0.3240482081570756
0.3240482081570756
0.3241280229866709
0.3241280229866709
0.3241280229866709
0.3241280229866709
0.3242876526458616
0.3243674674754569
0.32444728230505226
0.32444728230505226
0.32444728230505226
0.32444728230505226
0.32444728230505226
0.32444728230505226
0.32444728230505226
0.32444728230505226
0.32444728230505226
0.3245270971346476
0.3245270971346476
0.3245270971346476
0.3245270971346476
0.3245270971346476
0.3245270971346476
0.3245270971346476
0.3245270971346476
0.32460691196424296
0.32460691196424296
0.3246867267938383
0.3246867267938383
0.3246867267938383
0.32476654162343366
0.32476654162343366
0.32484635645302895
0.32484635645302895
0.3249261712826243
0.3249261712826243
0.3249261712826243
0.3249261712826243
0.3249261712826243
0.3249261712826243
0.3249261712826243
0.32500598611221965
0.32516561577141034
0.32516561577141034
0.32516561577141034
0.32516561577141034
0.32516561577141034
0.3252454306010057
0.3252454306010057
0.3252454306010057
0.3252454306010057
0.3252454306010057
0.325325245430601
0.325325245430601
0.325325245430601
0.325325245430601
0.325325245430601
0.325325245430601
0.325325245430601
0.325325245430601
0.325325245430601
0.325325245430601
0.32540506026019633
0.32540506026019633
0.32540506026019633
0.32540506026019633
0.32540506026019633
0.32540506026019633
0.3254848750897917
0.3254848750897917
0.3254848750897917
0.3254848750897917
0.3254848750897917
0.3254848750897917
0.3254848750897917
0.3254848750897917
0.3254848750897917
0.3254848750897917
0.3254848750897917
0.3254848750897917
0.3254848750897917
0.3254848750897917
0.3254848750897917
0.3254848750897917
0.3254848750897917
0.3254848750897917
0.3254848750897917
0.3254848750897917
0.3254848750897917
0.3254848750897917
0.3254848750897917
0.3254848750897917
0.3254848750897917
0.3254848750897917
0.3254848750897917
0.3254848750897917
0.3254848750897917
0.3254848750897917
0.3254848750897917
0.3254848750897917
0.3254848750897917
0.32556468991938703
0.32556468991938703
0.32556468991938703
0.32556468991938703
0.32556468991938703
0.32556468991938703
0.32556468991938703
0.32556468991938703
0.32556468991938703
0.32556468991938703
0.3256445047489824
0.3256445047489824
0.3256445047489824
0.3256445047489824
0.3256445047489824
0.3256445047489824
0.3256445047489824
0.3256445047489824
0.3256445047489824
0.3256445047489824
0.3256445047489824
0.3256445047489824
0.3256445047489824
0.3256445047489824
0.3256445047489824
0.3256445047489824
0.3256445047489824
0.3256445047489824
0.3256445047489824
0.3256445047489824
0.3256445047489824
0.3256445047489824
0.3256445047489824
0.3256445047489824
0.3256445047489824
0.3256445047489824
0.3256445047489824
0.3257243195785777
0.325804134408173
0.325804134408173
0.325804134408173
0.325804134408173
0.325804134408173
0.325804134408173
0.325804134408173
0.325804134408173
0.325804134408173
0.32588394923776837
0.32588394923776837
0.32588394923776837
0.32588394923776837
0.32588394923776837
0.32588394923776837
0.32588394923776837
0.32588394923776837
0.32588394923776837
0.32588394923776837
0.32588394923776837
0.32588394923776837
0.32588394923776837
0.32588394923776837
0.32588394923776837
0.32588394923776837
0.32588394923776837
0.32588394923776837
0.32588394923776837
0.32588394923776837
0.32588394923776837
0.32588394923776837
0.32588394923776837
0.32588394923776837
0.32588394923776837
0.32588394923776837
0.32588394923776837
0.32588394923776837
0.32588394923776837
0.32588394923776837
0.32588394923776837
0.32588394923776837
0.32588394923776837
0.32588394923776837
0.32588394923776837
0.32588394923776837
0.32588394923776837
0.32588394923776837
0.32588394923776837
0.32588394923776837
0.32588394923776837
0.32588394923776837
0.3259637640673637
0.3259637640673637
0.3259637640673637
0.3259637640673637
0.3259637640673637
0.3259637640673637
0.32604357889695906
0.32604357889695906
0.3261233937265544
0.3261233937265544
0.3261233937265544
0.3261233937265544
0.3261233937265544
0.3261233937265544
0.3261233937265544
0.3261233937265544
0.3261233937265544
0.3261233937265544
0.3261233937265544
0.3261233937265544
0.3261233937265544
0.3261233937265544
0.3261233937265544
0.3261233937265544
0.3261233937265544
0.3261233937265544
0.3261233937265544
0.3261233937265544
0.3261233937265544
0.3261233937265544
0.3261233937265544
0.3261233937265544
0.3261233937265544
0.3261233937265544
0.3261233937265544
0.3261233937265544
0.3261233937265544
0.3261233937265544
0.3261233937265544
0.3261233937265544
0.3261233937265544
0.3261233937265544
0.3261233937265544
0.3261233937265544
0.3261233937265544
0.3261233937265544
0.3261233937265544
