0.14757761992178148
0.28015005187963926
0.3135924654800862
0.3290765424215819
0.3388139516322133
0.34472024902226833
0.35030728709394204
0.35477691755128105
0.3582089552238806
0.36100247425971743
0.363716178465959
0.3660308085242238
0.3682656237528933
0.37050043898156276
0.3718572910846835
0.37393247665416235
0.3751296990980924
0.37624710671242717
0.37744432915635723
0.378561736770692
0.3794396998962407
0.3805571075105755
0.3815947002953149
0.38223321893207757
0.383270811716817
0.38446803416074704
0.3855854417750818
0.38622396041184454
0.38710192353739326
0.3874211828557746
0.38813951632213267
0.388458775640514
0.38933673876606273
0.3898954425732301
0.3904541463803975
0.3910128501875649
0.3911724798467555
0.39141192433554156
0.3919706281427089
0.3924495171202809
0.3926091467794716
0.39284859126825766
0.3937265543938064
0.3942054433713784
0.3944448878601644
0.3947641471785458
0.39508340649692714
0.3956421103040945
0.39612099928166655
0.3965998882592386
0.3967595179184292
0.3968393327480246
0.3974778513847873
0.39779711070316864
0.3980365551919547
0.39811637002155
0.3984356293399314
0.3987548886583127
0.39923377763588475
0.3995530369542661
0.3997126666134568
0.3998722962726475
0.4000319259318381
0.40027137042062416
0.40067044456860085
0.40067044456860085
0.4007502593981962
0.40083007422779154
0.40083007422779154
0.40083007422779154
0.4009897038869822
0.4011493335461729
0.40138877803495887
0.4016282225237449
0.40170803735334026
0.4018676670125309
0.4021869263309123
0.40234655599010294
0.402586000478889
0.4027456301380797
0.4029052597972703
0.40314470428605637
0.403304333945247
0.40338414877484235
0.4034639636044377
0.40354377843403305
0.4036235932636284
0.40378322292281904
0.4038630377524144
0.40410248224120043
0.40410248224120043
0.4042621119003911
0.40442174155958177
0.4045015563891771
0.4045015563891771
0.4047410008779631
0.4047410008779631
0.40482081570755846
0.40498044536674915
0.4050602601963445
0.4051400750259398
0.4052997046851305
0.40537951951472584
0.40553914917391654
0.4056987788331072
0.4057785936627025
0.4059382233218932
0.4061776678106792
0.40625748264027456
0.40641711229946526
0.40641711229946526
0.4065767419586559
0.40665655678825124
0.40705563093622793
0.4071354457658233
0.4073748902546093
0.4076143347433953
0.408013408891372
0.40809322372096735
0.40849229786894403
0.40865192752813473
0.4088115571873254
0.4088913720169207
0.4090510016761114
0.4092106313353021
0.4094500758240881
0.40968952031287414
0.40992896480166013
0.4101684092904462
0.4102482241200415
0.4102482241200415
0.41056748343842286
0.41080692792720885
0.4108867427568042
0.4112060020751856
0.4114454465639716
0.41168489105275763
0.41200415037113897
0.4120839652007343
0.4123234096895203
0.412483039348711
0.41264266900790164
0.412722483837497
0.4128821134966877
0.4131215579854737
0.413201372815069
0.413201372815069
0.41328118764466437
0.41344081730385507
0.4136004469630457
0.41368026179264106
0.4137600766222364
0.41383989145183175
0.41383989145183175
0.41399952111102245
0.41399952111102245
0.4141591507702131
0.4141591507702131
0.41423896559980844
0.4143187804294038
0.41439859525899914
0.4144784100885945
0.4145582249181898
0.4145582249181898
0.4146380397477851
0.4147178545773805
0.41487748423657117
0.41487748423657117
0.4149572990661665
0.4151967435549525
0.4151967435549525
0.41527655838454786
0.41527655838454786
0.41551600287333385
0.41551600287333385
0.4155958177029292
0.4157554473621199
0.4157554473621199
0.4157554473621199
0.41583526219171524
0.4159150770213106
0.4159948918509059
0.4161545215100966
0.4161545215100966
0.4161545215100966
0.4162343363396919
0.41631415116928727
0.41631415116928727
0.41639396599888256
0.4164737808284779
0.41655359565807326
0.4166334104876686
0.4166334104876686
0.4168728549764546
0.41695266980604995
0.4170324846356453
0.41711229946524064
0.41735174395402663
0.417431558783622
0.41751137361321733
0.417671003272408
0.41783063293159867
0.41783063293159867
0.417910447761194
0.417910447761194
0.41814989224998006
0.4182297070795754
0.4183095219091707
0.4183095219091707
0.41838933673876605
0.4186287812275521
0.4186287812275521
0.4188682257163381
0.4190278553755288
0.41926729986431477
0.41942692952350547
0.4195067443531008
0.4196663740122915
0.4196663740122915
0.41982600367148215
0.4199058185010775
0.4200654481602682
0.4200654481602682
0.4200654481602682
0.42038470747864953
0.4206241519674355
0.4206241519674355
0.42070396679703087
0.42086359645622157
0.42102322611541226
0.42102322611541226
0.42110304094500756
0.4211828557746029
0.42126267060419825
0.4213424854337936
0.4213424854337936
0.42142230026338895
0.42142230026338895
0.42142230026338895
0.42142230026338895
0.42166174475217494
0.42182137441136563
0.42182137441136563
0.421901189240961
0.421901189240961
0.422140633729747
0.4222204485593423
0.4222204485593423
0.4222204485593423
0.42230026338893767
0.42230026338893767
0.422380078218533
0.422380078218533
0.42245989304812837
0.42253970787772366
0.422619522707319
0.422619522707319
0.42269933753691435
0.4227791523665097
0.4227791523665097
0.4229387820257004
0.4230185968552957
0.42309841168489104
0.42309841168489104
0.42325804134408174
0.4234974858328677
0.4235773006624631
0.4236571154920584
0.4236571154920584
0.4236571154920584
0.4236571154920584
0.42373693032165377
0.42373693032165377
0.42373693032165377
0.42373693032165377
0.42397637481043976
0.4240561896400351
0.4240561896400351
0.42413600446963046
0.4242158192992258
0.4242158192992258
0.42429563412882115
0.4243754489584165
0.4243754489584165
0.42453507861760714
0.42453507861760714
0.42453507861760714
0.42453507861760714
0.4246148934472025
0.4246148934472025
0.42469470827679784
0.42469470827679784
0.42469470827679784
0.4247745231063932
0.4247745231063932
0.4247745231063932
0.4248543379359885
0.4250139675951792
0.4250937824247745
0.4252534120839652
0.4252534120839652
0.4252534120839652
0.4252534120839652
0.4252534120839652
0.4253332269135605
0.4254928565727512
0.4254928565727512
0.42557267140234656
0.42557267140234656
0.42557267140234656
0.4256524862319419
0.42573230106153725
0.42573230106153725
0.42581211589113255
0.4258919307207279
0.4260515603799186
0.4260515603799186
0.4262111900391093
0.4262111900391093
0.4262111900391093
0.4262111900391093
0.4262910048687046
0.42637081969829993
0.4264506345278953
0.4265304493574906
0.426610264187086
0.4267698938462766
0.42684970867587196
0.4269295235054673
0.4269295235054673
0.42700933833506266
0.42700933833506266
0.42700933833506266
0.427089153164658
0.42716896799425336
0.42716896799425336
0.42716896799425336
0.427328597653444
0.427328597653444
0.427328597653444
0.427328597653444
0.427328597653444
0.427328597653444
0.427328597653444
0.427328597653444
0.42740841248303935
0.42740841248303935
0.4274882273126347
0.4274882273126347
0.4274882273126347
0.4276478569718254
0.4276478569718254
0.4276478569718254
0.4277276718014207
0.4277276718014207
0.4277276718014207
0.42780748663101603
0.4278873014606114
0.4278873014606114
0.4278873014606114
0.4278873014606114
0.4278873014606114
0.4278873014606114
0.4278873014606114
0.4278873014606114
0.4278873014606114
0.4278873014606114
0.4278873014606114
0.4278873014606114
0.4278873014606114
0.4278873014606114
0.4278873014606114
0.42796711629020673
0.42796711629020673
0.42796711629020673
0.4280469311198021
0.4282065607789927
0.42828637560858807
0.4283661904381834
0.4283661904381834
0.4283661904381834
0.4283661904381834
0.4283661904381834
0.4283661904381834
0.4283661904381834
0.42844600526777876
0.42844600526777876
0.4286056349269694
0.4286056349269694
0.42868544975656475
0.42868544975656475
0.4287652645861601
0.4287652645861601
0.42884507941575545
0.4289248942453508
0.4289248942453508
0.4289248942453508
0.4289248942453508
0.42908452390454144
0.42908452390454144
0.4291643387341368
0.4291643387341368
0.4291643387341368
0.42924415356373213
0.4293239683933275
0.4293239683933275
0.4293239683933275
0.42940378322292283
0.42956341288211347
0.4296432277117088
0.4296432277117088
0.4296432277117088
0.42972304254130417
0.42972304254130417
0.42972304254130417
0.42972304254130417
0.42972304254130417
0.4298028573708995
0.42988267220049486
0.42988267220049486
0.4299624870300902
0.4300423018596855
0.4300423018596855
0.43012211668928085
0.43012211668928085
0.43012211668928085
0.43012211668928085
0.43012211668928085
0.43012211668928085
0.43012211668928085
0.43012211668928085
0.43012211668928085
0.43012211668928085
0.43012211668928085
0.4302019315188762
0.4302019315188762
0.4303615611780669
0.4303615611780669
0.4303615611780669
0.4303615611780669
0.4303615611780669
0.43044137600766225
0.43044137600766225
0.43044137600766225
0.43044137600766225
0.43052119083725754
0.43052119083725754
0.43052119083725754
0.43052119083725754
0.43068082049644824
0.43068082049644824
0.4307606353260436
0.4307606353260436
0.4307606353260436
0.4307606353260436
0.4307606353260436
0.4307606353260436
0.4307606353260436
0.43084045015563893
0.43084045015563893
0.4310000798148296
0.4310000798148296
0.43115970947402027
0.4312395243036156
0.4312395243036156
0.43131933913321097
0.43131933913321097
0.43131933913321097
0.43131933913321097
0.43131933913321097
0.43131933913321097
0.43131933913321097
0.4313991539628063
0.4313991539628063
0.4313991539628063
0.4314789687924016
0.4314789687924016
0.43171841328118765
0.43171841328118765
0.43171841328118765
0.43171841328118765
0.43171841328118765
0.43171841328118765
0.431798228110783
0.43187804294037835
0.43187804294037835
0.43195785776997364
0.43195785776997364
0.43195785776997364
0.432037672599569
0.432037672599569
0.432037672599569
0.43211748742916434
0.43211748742916434
0.43211748742916434
0.43211748742916434
0.43211748742916434
0.43211748742916434
0.43211748742916434
0.43211748742916434
0.4321973022587597
0.4321973022587597
0.4321973022587597
0.43227711708835503
0.43227711708835503
0.43227711708835503
0.43227711708835503
0.4323569319179504
0.4323569319179504
0.4324367467475457
0.4324367467475457
0.432516561577141
0.432516561577141
0.43259637640673637
0.43259637640673637
0.43259637640673637
0.4326761912363317
0.4326761912363317
0.4326761912363317
0.43275600606592707
0.43275600606592707
0.43275600606592707
0.43275600606592707
0.43275600606592707
0.43275600606592707
0.43283582089552236
0.43283582089552236
0.4329156357251177
0.43299545055471306
0.43299545055471306
0.43299545055471306
0.43299545055471306
0.4330752653843084
0.4330752653843084
0.4330752653843084
0.4330752653843084
0.4330752653843084
0.4330752653843084
0.4330752653843084
0.4330752653843084
0.4330752653843084
0.4330752653843084
0.43315508021390375
0.43315508021390375
0.43315508021390375
0.43339452470268974
0.43339452470268974
0.43339452470268974
0.4334743395322851
0.43355415436188044
0.43355415436188044
0.43355415436188044
0.4336339691914758
0.43371378402107114
0.43371378402107114
0.43379359885066643
0.43379359885066643
0.43379359885066643
0.43379359885066643
0.43379359885066643
0.43379359885066643
0.4338734136802618
0.4339532285098571
0.4340330433394525
0.4340330433394525
0.4340330433394525
0.4340330433394525
0.4340330433394525
0.4341128581690478
0.43419267299864317
0.43419267299864317
0.43419267299864317
0.43419267299864317
0.43419267299864317
0.43419267299864317
0.43419267299864317
0.4343523026578338
0.4343523026578338
0.4343523026578338
0.4343523026578338
0.4343523026578338
0.43443211748742916
0.43443211748742916
0.43443211748742916
0.43443211748742916
0.43443211748742916
0.43443211748742916
0.43443211748742916
0.4345119323170245
0.4345119323170245
0.4345119323170245
0.4345119323170245
0.4345119323170245
0.4345119323170245
0.4345119323170245
0.4345119323170245
0.43459174714661986
0.4346715619762152
0.4347513768058105
0.4347513768058105
0.4347513768058105
0.43483119163540584
0.43483119163540584
0.43483119163540584
0.4349110064650012
0.4349110064650012
0.4349110064650012
0.4349110064650012
0.4349110064650012
0.43499082129459654
0.43499082129459654
0.43515045095378724
0.43515045095378724
0.43515045095378724
0.43515045095378724
0.43515045095378724
0.43523026578338253
0.43523026578338253
0.43523026578338253
0.43523026578338253
0.43523026578338253
0.4353100806129779
0.4353100806129779
0.4353100806129779
0.4353898954425732
0.4353898954425732
0.4353898954425732
0.4354697102721686
0.4354697102721686
0.4354697102721686
0.4355495251017639
0.43562933993135927
0.43570915476095456
0.43570915476095456
0.43570915476095456
0.43570915476095456
0.43570915476095456
0.43570915476095456
0.43570915476095456
0.43570915476095456
0.43570915476095456
0.43570915476095456
0.4357889695905499
0.4357889695905499
0.4357889695905499
0.4357889695905499
0.4357889695905499
0.4357889695905499
0.4357889695905499
0.43586878442014526
0.43586878442014526
0.4359485992497406
0.4359485992497406
0.4359485992497406
0.43602841407933596
0.43602841407933596
0.43602841407933596
0.43602841407933596
0.43602841407933596
0.4361082289089313
0.4361880437385266
0.4361880437385266
0.4361880437385266
0.4361880437385266
0.43626785856812195
0.43626785856812195
0.43626785856812195
0.43642748822731264
0.43642748822731264
0.43642748822731264
0.436507303056908
0.436507303056908
0.436507303056908
0.436507303056908
0.436507303056908
0.436507303056908
0.436507303056908
0.436507303056908
0.436507303056908
0.436507303056908
0.43658711788650334
0.43658711788650334
0.43658711788650334
0.43658711788650334
0.43666693271609863
0.43666693271609863
0.43666693271609863
0.43666693271609863
0.43666693271609863
0.436746747545694
0.436746747545694
0.436746747545694
0.43682656237528933
0.43682656237528933
0.43682656237528933
0.43682656237528933
0.4369063772048847
0.4369063772048847
0.4369063772048847
0.4369063772048847
0.4369063772048847
0.4369063772048847
0.4369063772048847
0.4369063772048847
0.4369063772048847
0.4369063772048847
0.4369063772048847
0.4369063772048847
0.4369063772048847
0.4369063772048847
0.4369063772048847
0.4369063772048847
0.43698619203448
0.43698619203448
0.4370660068640753
0.4370660068640753
0.4370660068640753
0.437225636523266
0.437225636523266
0.437225636523266
0.437225636523266
0.437225636523266
0.437225636523266
0.437225636523266
0.43730545135286136
0.43730545135286136
0.43730545135286136
0.43730545135286136
0.43730545135286136
0.43730545135286136
0.43730545135286136
0.4373852661824567
0.43746508101205206
0.43754489584164735
0.43754489584164735
0.43754489584164735
0.43754489584164735
0.43754489584164735
0.43754489584164735
0.43754489584164735
0.43754489584164735
0.43754489584164735
0.43754489584164735
0.43754489584164735
0.4376247106712427
0.4376247106712427
0.4376247106712427
0.4376247106712427
0.4376247106712427
0.4376247106712427
0.4376247106712427
0.4376247106712427
0.4376247106712427
0.4376247106712427
0.4376247106712427
0.4376247106712427
0.4376247106712427
0.4376247106712427
0.4376247106712427
0.4376247106712427
0.4376247106712427
0.4376247106712427
0.4376247106712427
0.4376247106712427
0.4376247106712427
0.4376247106712427
0.4376247106712427
0.4376247106712427
0.43786415516002875
0.43786415516002875
0.43786415516002875
0.43786415516002875
0.4380237848192194
0.4380237848192194
0.4380237848192194
0.43810359964881473
0.43810359964881473
0.43810359964881473
0.43810359964881473
0.43810359964881473
0.43810359964881473
0.43810359964881473
0.43810359964881473
0.43810359964881473
0.43810359964881473
0.43810359964881473
0.43810359964881473
0.43810359964881473
0.43810359964881473
0.43810359964881473
0.43810359964881473
0.43810359964881473
0.4381834144784101
0.4381834144784101
0.4381834144784101
0.4381834144784101
0.4381834144784101
0.4381834144784101
0.4381834144784101
0.4381834144784101
0.4381834144784101
0.4381834144784101
0.4381834144784101
0.4383430441376008
0.4383430441376008
0.4384228589671961
0.4384228589671961
0.4384228589671961
0.4384228589671961
0.4384228589671961
0.4384228589671961
0.4384228589671961
0.4384228589671961
0.4384228589671961
0.4384228589671961
0.4384228589671961
0.4384228589671961
0.4384228589671961
0.4384228589671961
0.4385026737967914
0.4385026737967914
0.4385026737967914
0.4385026737967914
0.4385026737967914
0.4386623034559821
0.4386623034559821
0.4386623034559821
0.4386623034559821
0.43874211828557746
0.43874211828557746
0.43874211828557746
0.43874211828557746
0.43874211828557746
0.43874211828557746
0.4388219331151728
0.4388219331151728
0.4388219331151728
0.4388219331151728
0.4388219331151728
0.4388219331151728
0.43890174794476816
0.43890174794476816
0.43898156277436345
0.43898156277436345
0.43898156277436345
0.43898156277436345
0.43898156277436345
0.43898156277436345
0.43898156277436345
0.43898156277436345
0.43898156277436345
0.43898156277436345
0.43898156277436345
0.43898156277436345
0.43898156277436345
0.43898156277436345
0.4390613776039588
0.4390613776039588
0.4390613776039588
0.4390613776039588
0.4390613776039588
0.4390613776039588
0.4390613776039588
0.4390613776039588
0.4390613776039588
0.43914119243355415
0.43914119243355415
0.43914119243355415
0.43914119243355415
0.43914119243355415
0.43914119243355415
0.43914119243355415
0.4392210072631495
0.4392210072631495
0.4392210072631495
0.4392210072631495
0.4392210072631495
0.4392210072631495
0.4392210072631495
0.4392210072631495
0.4392210072631495
0.4392210072631495
0.4392210072631495
0.4392210072631495
0.4392210072631495
0.4392210072631495
0.4392210072631495
0.4392210072631495
0.4392210072631495
0.4392210072631495
0.4392210072631495
0.4392210072631495
0.4392210072631495
0.43930082209274485
0.43930082209274485
0.43930082209274485
0.43930082209274485
0.43930082209274485
0.43930082209274485
0.43930082209274485
0.43930082209274485
0.43930082209274485
0.43930082209274485
0.43930082209274485
0.43930082209274485
0.43930082209274485
0.43930082209274485
0.4393806369223402
0.4393806369223402
0.4393806369223402
0.4393806369223402
0.4393806369223402
0.4393806369223402
0.4393806369223402
0.4393806369223402
0.4393806369223402
0.4393806369223402
0.4393806369223402
0.4393806369223402
0.4393806369223402
0.4393806369223402
0.4393806369223402
0.4393806369223402
0.4393806369223402
0.4394604517519355
0.43954026658153084
0.43954026658153084
0.43969989624072153
0.43969989624072153
0.43969989624072153
0.43969989624072153
0.43969989624072153
0.43969989624072153
0.43969989624072153
0.43969989624072153
0.43969989624072153
0.43969989624072153
0.43969989624072153
0.43969989624072153
0.4397797110703169
0.4397797110703169
0.4397797110703169
0.4397797110703169
0.4397797110703169
0.4397797110703169
0.4397797110703169
0.4397797110703169
0.4397797110703169
0.4397797110703169
0.4397797110703169
0.4397797110703169
0.4397797110703169
0.4399393407295075
0.4399393407295075
0.4399393407295075
0.4399393407295075
0.4399393407295075
0.4399393407295075
0.4399393407295075
0.4399393407295075
0.4399393407295075
0.4399393407295075
0.4399393407295075
0.4399393407295075
0.4399393407295075
0.4399393407295075
0.4399393407295075
0.4399393407295075
0.44001915555910287
0.44001915555910287
0.44001915555910287
0.44001915555910287
0.44001915555910287
0.44001915555910287
0.44001915555910287
0.4400989703886982
0.4400989703886982
0.4400989703886982
0.4400989703886982
0.4400989703886982
0.4400989703886982
0.4400989703886982
0.4400989703886982
0.4400989703886982
0.44017878521829357
0.44017878521829357
0.44017878521829357
0.44017878521829357
0.4402586000478889
0.4402586000478889
0.44033841487748426
0.44033841487748426
0.44033841487748426
0.44033841487748426
0.44033841487748426
0.44033841487748426
0.44033841487748426
0.44033841487748426
0.44033841487748426
0.44041822970707956
0.44041822970707956
