0.1523665096975018
0.19203448000638518
0.24032245191156518
0.24790486072312234
0.2564450474898236
0.272328198579296
0.2753611621039189
0.27647856971825363
0.2829435709154761
0.28509857131455024
0.29371857291084685
0.29882672200494853
0.30457338973581294
0.30984116848910526
0.3120759837177748
0.3139915396280629
0.31598691036794635
0.3171043179822811
0.31941894804054594
0.3205363556548807
0.3224519115651688
0.32372894883869424
0.3257243195785777
0.32700135685210313
0.3279591348072472
0.32915635725117726
0.3304333945247027
0.3316306169686328
0.33242876526458615
0.3333865432197302
0.3339452470268976
0.3346635804932557
0.3355415436188044
0.3362598770851624
0.33673876606273445
0.33713784021071114
0.33777635884747387
0.3384148774842366
0.33921302578018997
0.33985154441695264
0.3400909889057387
0.3405698778833107
0.3407295075425014
0.3411285816904781
0.34160747066805014
0.3421661744752175
0.34264506345278956
0.3428046931119802
0.34328358208955223
0.3435230265783383
0.3438422858967196
0.344400989703887
0.34472024902226833
0.3449596935110544
0.3458376566366031
0.3460771011253891
0.3462367307845798
0.3463963604437705
0.3469550642509378
0.34743395322850984
0.34775321254689123
0.3479926570356772
0.3485513608428446
0.3487109905020353
0.3492696943092026
0.349588953627584
0.34974858328677466
0.34974858328677466
0.3499880277755607
0.35030728709394204
0.3503871019235374
0.3509458057307048
0.35118525021949076
0.3514246947082768
0.35158432436746745
0.35174395402665815
0.353819139596137
0.3558145103360204
0.3563732141431878
0.3568521031207598
0.35709154760954587
0.3574108069279272
0.35804932556468994
0.3584483997126666
0.3588474738606433
0.35908691834942935
0.35924654800862
0.3596456221565967
0.3596456221565967
0.3598052518157874
0.3601245111341687
0.3602841407933594
0.3605235852821454
0.36060340011174075
0.3606832149413361
0.36100247425971743
0.36116210391890813
0.36164099289648016
0.36180062255567086
0.36243914119243353
0.3635565488067683
0.3637959932955543
0.3642748822731263
0.3655519195466518
0.3660308085242238
0.3665895123313912
0.36674914199058184
0.36706840130896323
0.3671482161385585
0.36738766062734457
0.3675472902865352
0.3675472902865352
0.3677069199457259
0.36794636443451195
0.3681059940937026
0.36818580892329794
0.3682656237528933
0.36834543858248864
0.36834543858248864
0.36834543858248864
0.368425253412084
0.3685050682416793
0.3685848830712746
0.36866469790087
0.3687445127304653
0.36882432756006067
0.3689839572192513
0.36906377204884666
0.369143586878442
0.3693032165376327
0.3695426610264187
0.3697022906856094
0.3699417351743954
0.37002155000399073
0.3701811796631814
0.3704206241519674
0.3705802538111581
0.37066006864075346
0.37081969829994416
0.3711389576183255
0.3712985872775162
0.37145821693670683
0.3716178465958975
0.37177747625508817
0.37273525421023224
0.37497006943890177
0.3791204405778594
0.3831111820576263
0.3866230345598212
0.388458775640514
0.3888578497884907
0.38917710910687203
0.3892569239364674
0.3894963684252534
0.3897358129140394
0.3898954425732301
0.3902945167212068
0.3904541463803975
0.39061377603958813
0.3910128501875649
0.39109266501716017
0.3913321095059462
0.39165136882432755
0.3921302578018996
0.3922898874610903
0.39236970229068563
0.3924495171202809
0.3924495171202809
0.3927687764386623
0.3930082209274483
0.3930082209274483
0.3930082209274483
0.393167850586639
0.39324766541623435
0.39324766541623435
0.3933274802458297
0.39348710990502034
0.39364673956421103
0.3937265543938064
0.39380636922340173
0.3940458137121877
0.3942054433713784
0.3942054433713784
0.39428525820097376
0.3946045175193551
0.3946045175193551
0.39468433234895045
0.39468433234895045
0.39468433234895045
0.39468433234895045
0.39468433234895045
0.39468433234895045
0.3947641471785458
0.3947641471785458
0.3948439620081411
0.39492377683773644
0.39492377683773644
0.39508340649692714
0.39524303615611783
0.3953228509857131
0.3953228509857131
0.3954026658153085
0.3954026658153085
0.3954026658153085
0.3954026658153085
0.3954824806449038
0.39556229547449917
0.39556229547449917
0.39556229547449917
0.3956421103040945
0.39572192513368987
0.39580173996328516
0.39580173996328516
0.39580173996328516
0.39580173996328516
0.39596136962247586
0.39596136962247586
0.3962806289408572
0.3964402586000479
0.39652007342964324
0.39652007342964324
0.39652007342964324
0.3966797030888339
0.3969191475776199
0.3970787772368106
0.3973182217255966
0.3973182217255966
0.39755766621438265
0.3977172958735733
0.39779711070316864
0.39779711070316864
0.397876925532764
0.39795674036235934
0.39795674036235934
0.3980365551919547
0.39811637002155
0.39819618485114533
0.3982759996807407
0.398355814510336
0.3985154441695267
0.3985154441695267
0.3985154441695267
0.3985154441695267
0.398595258999122
0.3987548886583127
0.3987548886583127
0.39899433314709876
0.39907414797669405
0.39907414797669405
0.39907414797669405
0.39907414797669405
0.39907414797669405
0.3991539628062894
0.3991539628062894
0.3991539628062894
0.3991539628062894
0.39923377763588475
0.39923377763588475
0.3994732221246708
0.3994732221246708
0.39963285178386143
0.3997126666134568
0.3997126666134568
0.39979248144305213
0.39979248144305213
0.39979248144305213
0.39979248144305213
0.39979248144305213
0.39979248144305213
0.39979248144305213
0.3998722962726475
0.3998722962726475
0.3999521111022428
0.3999521111022428
0.3999521111022428
0.4000319259318381
0.4000319259318381
0.40011174076143347
0.40011174076143347
0.4001915555910288
0.4004310000798148
0.40051081490941015
0.40083007422779154
0.40090988905738684
0.40106951871657753
0.4013089632053636
0.4013089632053636
0.4013089632053636
0.4014685928645542
0.40154840769414957
0.40154840769414957
0.4016282225237449
0.4016282225237449
0.40170803735334026
0.40170803735334026
0.40170803735334026
0.40170803735334026
0.40170803735334026
0.4017878521829356
0.4017878521829356
0.40194748184212625
0.4020272966717216
0.4021869263309123
0.40226674116050765
0.40226674116050765
0.40226674116050765
0.40234655599010294
0.40234655599010294
0.4024263708196983
0.4024263708196983
0.40266581530848433
0.4027456301380797
0.4027456301380797
0.402825444967675
0.4029052597972703
0.40298507462686567
0.40314470428605637
0.40314470428605637
0.4032245191156517
0.4034639636044377
0.4034639636044377
0.4034639636044377
0.40354377843403305
0.40354377843403305
0.4036235932636284
0.40378322292281904
0.40378322292281904
0.40394285258200974
0.40394285258200974
0.40394285258200974
0.40394285258200974
0.40410248224120043
0.40410248224120043
0.40410248224120043
0.40410248224120043
0.40410248224120043
0.40410248224120043
0.40410248224120043
0.40410248224120043
0.40410248224120043
0.40410248224120043
0.4041822970707957
0.4041822970707957
0.4041822970707957
0.4041822970707957
0.4041822970707957
0.4042621119003911
0.4043419267299864
0.40442174155958177
0.4045015563891771
0.40466118604836776
0.4047410008779631
0.40482081570755846
0.40482081570755846
0.40482081570755846
0.4049006305371538
0.4049006305371538
0.40498044536674915
0.4050602601963445
0.4050602601963445
0.4050602601963445
0.4051400750259398
0.4051400750259398
0.4051400750259398
0.40521988985553514
0.40521988985553514
0.40521988985553514
0.40521988985553514
0.4052997046851305
0.40537951951472584
0.4054593343443212
0.40561896400351183
0.40561896400351183
0.40561896400351183
0.40561896400351183
0.40561896400351183
0.4056987788331072
0.4057785936627025
0.4057785936627025
0.4057785936627025
0.4057785936627025
0.4057785936627025
0.4058584084922979
0.4058584084922979
0.4058584084922979
0.40601803815148857
0.40601803815148857
0.40601803815148857
0.40609785298108386
0.40609785298108386
0.4061776678106792
0.4061776678106792
0.4061776678106792
0.4061776678106792
0.40625748264027456
0.4064969271290606
0.4064969271290606
0.4064969271290606
0.40665655678825124
0.4067363716178466
0.40681618644744194
0.4068960012770373
0.4068960012770373
0.4068960012770373
0.4072152605954186
0.4073748902546093
0.4073748902546093
0.4073748902546093
0.40745470508420467
0.40745470508420467
0.40753451991379996
0.40753451991379996
0.4076143347433953
0.4076143347433953
0.40769414957299066
0.407773964402586
0.407773964402586
0.407773964402586
0.407773964402586
0.407773964402586
0.407773964402586
0.40785377923218136
0.40785377923218136
0.40785377923218136
0.4079335940617767
0.408013408891372
0.40809322372096735
0.40809322372096735
0.40809322372096735
0.40809322372096735
0.4081730385505627
0.40825285338015804
0.40825285338015804
0.4083326682097534
0.40849229786894403
0.4085721126985394
0.4085721126985394
0.4085721126985394
0.4085721126985394
0.4085721126985394
0.4087317423577301
0.4087317423577301
0.4087317423577301
0.4088115571873254
0.4088115571873254
0.4088115571873254
0.4088115571873254
0.4088913720169207
0.4088913720169207
0.40897118684651607
0.40897118684651607
0.40897118684651607
0.4090510016761114
0.4090510016761114
0.40913081650570676
0.4092106313353021
0.4092106313353021
0.4092106313353021
0.4092106313353021
0.40929044616489746
0.40952989065368345
0.40952989065368345
0.40952989065368345
0.40952989065368345
0.40952989065368345
0.40952989065368345
0.40968952031287414
0.4098491499720648
0.4098491499720648
0.4098491499720648
0.40992896480166013
0.40992896480166013
0.40992896480166013
0.40992896480166013
0.40992896480166013
0.40992896480166013
0.40992896480166013
0.40992896480166013
0.40992896480166013
0.40992896480166013
0.4100087796312555
0.4100087796312555
0.4100087796312555
0.41008859446085083
0.4101684092904462
0.4101684092904462
0.4101684092904462
0.4101684092904462
0.4101684092904462
0.4101684092904462
0.4102482241200415
0.4102482241200415
0.4102482241200415
0.4102482241200415
0.4102482241200415
0.4103280389496368
0.4103280389496368
0.4103280389496368
0.4103280389496368
0.4103280389496368
0.4103280389496368
0.4103280389496368
0.4103280389496368
0.4103280389496368
0.4103280389496368
0.4103280389496368
0.4103280389496368
0.41040785377923217
0.41040785377923217
0.41040785377923217
0.4104876686088275
0.4104876686088275
0.4104876686088275
0.41056748343842286
0.41056748343842286
0.41056748343842286
0.4106472982680182
0.4106472982680182
0.4106472982680182
0.4106472982680182
0.41072711309761356
0.41072711309761356
0.41072711309761356
0.41072711309761356
0.41072711309761356
0.41080692792720885
0.4108867427568042
0.41096655758639955
0.41096655758639955
0.41096655758639955
0.41096655758639955
0.41096655758639955
0.4110463724159949
0.4110463724159949
0.4110463724159949
0.41112618724559025
0.41112618724559025
0.41112618724559025
0.41112618724559025
0.41112618724559025
0.4112060020751856
0.4112060020751856
0.4112858169047809
0.41136563173437624
0.4114454465639716
0.41152526139356693
0.41152526139356693
0.41152526139356693
0.41152526139356693
0.4116050762231623
0.4116050762231623
0.4116050762231623
0.4116050762231623
0.4116050762231623
0.4116050762231623
0.4116050762231623
0.4116050762231623
0.4116050762231623
0.4116050762231623
0.4116050762231623
0.4116050762231623
0.4116050762231623
0.4116050762231623
0.4116050762231623
0.4116050762231623
0.4116050762231623
0.41168489105275763
0.41168489105275763
0.41168489105275763
0.4117647058823529
0.4117647058823529
0.4117647058823529
0.4117647058823529
0.41184452071194827
0.41184452071194827
0.41184452071194827
0.41184452071194827
0.4119243355415436
0.4119243355415436
0.4119243355415436
0.4120839652007343
0.4120839652007343
0.41216378003032966
0.41216378003032966
0.41216378003032966
0.41216378003032966
0.4123234096895203
0.4123234096895203
0.4123234096895203
0.4123234096895203
0.41240322451911565
0.41240322451911565
0.41240322451911565
0.41240322451911565
0.412483039348711
0.412483039348711
0.412483039348711
0.412483039348711
0.412483039348711
0.41256285417830635
0.41256285417830635
0.41256285417830635
0.41264266900790164
0.41264266900790164
0.412722483837497
0.412722483837497
0.41280229866709234
0.41280229866709234
0.41280229866709234
0.41280229866709234
0.41280229866709234
0.41296192832628303
0.41296192832628303
0.4130417431558784
0.4131215579854737
0.4131215579854737
0.4131215579854737
0.4131215579854737
0.4131215579854737
0.4131215579854737
0.4131215579854737
0.413201372815069
0.413201372815069
0.41328118764466437
0.41328118764466437
0.41328118764466437
0.4133610024742597
0.41344081730385507
0.41344081730385507
0.4135206321334504
0.4135206321334504
0.4135206321334504
0.4135206321334504
0.4135206321334504
0.4136004469630457
0.4137600766222364
0.4137600766222364
0.4137600766222364
0.4137600766222364
0.41383989145183175
0.41383989145183175
0.4139197062814271
0.4139197062814271
0.41399952111102245
0.41399952111102245
0.41399952111102245
0.41399952111102245
0.41399952111102245
0.41399952111102245
0.41399952111102245
0.41399952111102245
0.41399952111102245
0.41399952111102245
0.41407933594061774
0.4141591507702131
0.4141591507702131
0.4141591507702131
0.4141591507702131
0.4141591507702131
0.4141591507702131
0.4141591507702131
0.41423896559980844
0.4143187804294038
0.4143187804294038
0.4143187804294038
0.4143187804294038
0.41439859525899914
0.41439859525899914
0.41439859525899914
0.41439859525899914
0.4144784100885945
0.4144784100885945
0.4144784100885945
0.4144784100885945
0.4144784100885945
0.4144784100885945
0.4144784100885945
0.4145582249181898
0.4145582249181898
0.4145582249181898
0.4145582249181898
0.4146380397477851
0.4146380397477851
0.4146380397477851
0.4146380397477851
0.4146380397477851
0.4146380397477851
0.4146380397477851
0.4146380397477851
0.4146380397477851
0.4146380397477851
0.4147178545773805
0.4147976694069758
0.41487748423657117
0.41487748423657117
0.41487748423657117
0.41487748423657117
0.4149572990661665
0.4150371138957618
0.4151967435549525
0.4151967435549525
0.4151967435549525
0.4151967435549525
0.4151967435549525
0.41543618804373855
0.41551600287333385
0.41551600287333385
0.4155958177029292
0.4155958177029292
0.4155958177029292
0.41567563253252454
0.41567563253252454
0.41567563253252454
0.41567563253252454
0.41567563253252454
0.41567563253252454
0.41567563253252454
0.41567563253252454
0.4157554473621199
0.4159150770213106
0.4159150770213106
0.4159150770213106
0.4159948918509059
0.4160747066805012
0.4162343363396919
0.4162343363396919
0.41631415116928727
0.41631415116928727
0.41631415116928727
0.41631415116928727
0.41639396599888256
0.41639396599888256
0.41639396599888256
0.41639396599888256
0.41639396599888256
0.41639396599888256
0.41639396599888256
0.41639396599888256
0.41639396599888256
0.4164737808284779
0.4164737808284779
0.4164737808284779
0.4164737808284779
0.4164737808284779
0.4164737808284779
0.4164737808284779
0.4166334104876686
0.4166334104876686
0.4166334104876686
0.4166334104876686
0.4166334104876686
0.41671322531726396
0.41695266980604995
0.41695266980604995
0.41695266980604995
0.4170324846356453
0.41711229946524064
0.41711229946524064
0.41727192912443134
0.41727192912443134
0.41727192912443134
0.41727192912443134
0.41727192912443134
0.41727192912443134
0.41735174395402663
0.41735174395402663
0.41735174395402663
0.41735174395402663
0.41735174395402663
0.41735174395402663
0.417431558783622
0.417431558783622
0.417431558783622
0.417431558783622
0.417431558783622
0.417431558783622
0.417431558783622
0.417431558783622
0.417431558783622
0.417431558783622
0.417431558783622
0.417431558783622
0.417431558783622
0.417431558783622
0.417431558783622
0.417431558783622
0.417431558783622
0.41751137361321733
0.4175911884428127
0.4175911884428127
0.4175911884428127
0.4175911884428127
0.4175911884428127
0.4175911884428127
0.4175911884428127
0.4175911884428127
0.4175911884428127
0.4175911884428127
0.4175911884428127
0.417671003272408
0.417671003272408
0.417671003272408
0.4177508181020034
0.4177508181020034
0.4177508181020034
0.417910447761194
0.417910447761194
0.417910447761194
0.417910447761194
0.417910447761194
0.417910447761194
0.417910447761194
0.417910447761194
0.41799026259078936
0.41799026259078936
0.41799026259078936
0.41799026259078936
0.41799026259078936
0.41799026259078936
0.41799026259078936
0.41799026259078936
0.41799026259078936
0.41799026259078936
0.4180700774203847
0.41814989224998006
0.41814989224998006
0.41814989224998006
0.41814989224998006
0.41814989224998006
0.4183095219091707
0.4183095219091707
0.4183095219091707
0.4184691515683614
0.4184691515683614
0.4184691515683614
0.4184691515683614
0.4184691515683614
0.4184691515683614
0.4184691515683614
0.4184691515683614
0.4184691515683614
0.4184691515683614
0.4184691515683614
0.4184691515683614
0.41854896639795675
0.41854896639795675
0.41854896639795675
0.41854896639795675
0.41854896639795675
0.41854896639795675
0.41854896639795675
0.41854896639795675
0.4186287812275521
0.4186287812275521
0.41870859605714744
0.41878841088674273
0.41878841088674273
0.4188682257163381
0.4188682257163381
0.4188682257163381
0.4190278553755288
0.4190278553755288
0.4191076702051241
0.4193471146939101
0.41942692952350547
0.41958655918269616
0.4199058185010775
0.41998563333067285
0.41998563333067285
0.41998563333067285
0.41998563333067285
0.41998563333067285
0.41998563333067285
0.4200654481602682
0.42014526298986354
0.42014526298986354
0.42014526298986354
0.42014526298986354
0.42022507781945884
0.42022507781945884
0.42022507781945884
0.42022507781945884
0.42022507781945884
0.42038470747864953
0.42038470747864953
0.42038470747864953
0.42038470747864953
0.42038470747864953
0.4206241519674355
0.42070396679703087
0.42070396679703087
0.4207837816266262
0.4207837816266262
0.4207837816266262
0.4207837816266262
0.4207837816266262
0.4207837816266262
0.4207837816266262
0.4207837816266262
0.4207837816266262
0.4207837816266262
0.42102322611541226
0.42110304094500756
0.42110304094500756
0.4211828557746029
0.4213424854337936
0.4213424854337936
0.4213424854337936
0.4213424854337936
0.4213424854337936
0.42142230026338895
0.4215021150929843
0.42166174475217494
0.4217415595817703
0.4217415595817703
0.4217415595817703
0.42182137441136563
0.421901189240961
0.421901189240961
0.421901189240961
0.421901189240961
0.4220608189001516
0.4220608189001516
0.4220608189001516
0.4220608189001516
0.4220608189001516
0.4220608189001516
0.422140633729747
0.422140633729747
0.422140633729747
0.422140633729747
0.422140633729747
0.422140633729747
0.422140633729747
0.422140633729747
0.422140633729747
0.422140633729747
0.422140633729747
0.422140633729747
0.422140633729747
0.422140633729747
0.422140633729747
0.422140633729747
0.422140633729747
0.422140633729747
0.422140633729747
0.422140633729747
0.422140633729747
0.422140633729747
0.422140633729747
0.422140633729747
0.422140633729747
0.422140633729747
0.422140633729747
0.422140633729747
0.422140633729747
0.422140633729747
0.422140633729747
0.4222204485593423
0.4222204485593423
0.4222204485593423
0.4222204485593423
0.4222204485593423
0.4222204485593423
0.4222204485593423
0.4222204485593423
0.4222204485593423
0.42230026338893767
0.42230026338893767
0.42230026338893767
0.42230026338893767
0.42230026338893767
0.422380078218533
0.422380078218533
0.422380078218533
0.42245989304812837
0.42245989304812837
0.42253970787772366
0.42253970787772366
0.42269933753691435
0.42269933753691435
0.4227791523665097
0.4227791523665097
0.4227791523665097
0.4227791523665097
0.4227791523665097
0.42285896719610505
0.42285896719610505
0.42285896719610505
0.4229387820257004
0.4229387820257004
0.4230185968552957
0.42309841168489104
0.42309841168489104
0.42309841168489104
0.42309841168489104
0.42309841168489104
0.42309841168489104
0.42309841168489104
0.42309841168489104
