0.05036315747465879
0.05379519514725836
0.0656077899273685
0.06688482720089392
0.06856093862239604
0.07350945805730705
0.07374890254609306
0.07710112538909729
0.07718094021869264
0.07853779232181339
0.07853779232181339
0.08133131135765025
0.08340649692712906
0.08420464522308245
0.08643946045175194
0.08803575704365871
0.08899353499880278
0.08931279431718413
0.08955223880597014
0.08979168329475616
0.08995131295394684
0.0902705722723282
0.09178705403463963
0.09234575784180701
0.09354298028573708
0.09362279511533243
0.09489983238885785
0.09609705483278794
0.09705483278793199
0.09761353659509937
0.09905020352781546
0.10024742597174555
0.10024742597174555
0.1003272408013409
0.10104557426769893
0.10192353739324767
0.10296113017798707
0.10359964881474978
0.10479687125867987
0.1048766860882752
0.1055152047250379
0.10567483438422859
0.10583446404341927
0.10727113097613536
0.10790964961289808
0.10790964961289808
0.10830872376087478
0.10838853859047011
0.10862798307925613
0.10902705722723283
0.10910687205682816
0.10910687205682816
0.10950594620480485
0.10990502035278155
0.10998483518237688
0.11086279830792561
0.11110224279671163
0.11110224279671163
0.1112618724559023
0.11134168728549765
0.11142150211509298
0.11237928007023705
0.1126985393886184
0.11317742836619044
0.11325724319578578
0.11349668768457179
0.11381594700295315
0.11389576183254849
0.11389576183254849
0.1145342804693112
0.11461409529890654
0.11461409529890654
0.11461409529890654
0.11469391012850187
0.11485353978769255
0.11485353978769255
0.11493335461728789
0.11589113257243196
0.11644983637959933
0.11644983637959933
0.11684891052757602
0.11716816984595738
0.11716816984595738
0.11716816984595738
0.11716816984595738
0.11756724399393408
0.11788650331231543
0.11788650331231543
0.11828557746029213
0.11828557746029213
0.11852502194907814
0.11852502194907814
0.11940298507462686
0.11940298507462686
0.11940298507462686
0.1198818740521989
0.1198818740521989
0.1198818740521989
0.1198818740521989
0.12099928166653365
0.12099928166653365
0.12139835581451033
0.12139835581451033
0.12139835581451033
0.12139835581451033
0.12147817064410567
0.12163780030329635
0.12163780030329635
0.12171761513289168
0.12171761513289168
0.12171761513289168
0.12179742996248703
0.12227631894005907
0.12267539308803575
0.12267539308803575
0.12267539308803575
0.12267539308803575
0.12267539308803575
0.12283502274722644
0.12283502274722644
0.12291483757682177
0.12291483757682177
0.12291483757682177
0.12291483757682177
0.12315428206560779
0.12363317104317982
0.12363317104317982
0.12371298587277516
0.1237928007023705
0.1237928007023705
0.1237928007023705
0.1237928007023705
0.1237928007023705
0.12403224519115652
0.12403224519115652
0.12427168967994254
0.12427168967994254
0.12427168967994254
0.12427168967994254
0.1244313193391332
0.12459094899832389
0.12467076382791922
0.12467076382791922
0.12467076382791922
0.12475057865751457
0.12499002314630059
0.1252294676350866
0.1252294676350866
0.12546891212387262
0.12554872695346794
0.1256285417830633
0.12618724559023067
0.12618724559023067
0.126267060419826
0.126267060419826
0.126267060419826
0.126506504908612
0.126506504908612
0.1266661345678027
0.1270652087157794
0.12722483837497006
0.1273046532045654
0.12762391252294678
0.12762391252294678
0.12762391252294678
0.12762391252294678
0.12762391252294678
0.12762391252294678
0.1278633570117328
0.1278633570117328
0.1279431718413281
0.1279431718413281
0.12802298667092346
0.1281028015005188
0.12826243115970948
0.12826243115970948
0.12842206081890015
0.12866150530768616
0.12898076462606753
0.12898076462606753
0.1291403942852582
0.1291403942852582
0.1291403942852582
0.1291403942852582
0.1291403942852582
0.1291403942852582
0.12953946843323488
0.12953946843323488
0.12969909809242558
0.12985872775161625
0.1299385425812116
0.13009817224040227
0.13009817224040227
0.13009817224040227
0.13009817224040227
0.13009817224040227
0.13081650570676032
0.13089632053635566
0.13089632053635566
0.13089632053635566
0.13089632053635566
0.13089632053635566
0.13097613536595099
0.13113576502514168
0.13113576502514168
0.13113576502514168
0.13113576502514168
0.13113576502514168
0.13129539468433235
0.13129539468433235
0.13129539468433235
0.13145502434352302
0.13145502434352302
0.13153483917311837
0.13161465400271372
0.13161465400271372
0.13161465400271372
0.13209354298028575
0.13225317263947642
0.13225317263947642
0.13233298746907177
0.13233298746907177
0.13257243195785778
0.1326522467874531
0.13281187644664377
0.13281187644664377
0.1330513209354298
0.13313113576502514
0.13313113576502514
0.13313113576502514
0.1332109505946205
0.1332907654242158
0.1332907654242158
0.13361002474259717
0.13368983957219252
0.13376965440178784
0.13392928406097854
0.13392928406097854
0.13392928406097854
0.13392928406097854
0.13392928406097854
0.13416872854976455
0.13424854337935987
0.1344879878681459
0.1347274323569319
0.1347274323569319
0.1355255806528853
0.1355255806528853
0.13560539548248066
0.13560539548248066
0.13560539548248066
0.13560539548248066
0.13560539548248066
0.13560539548248066
0.13584483997126667
0.13584483997126667
0.13584483997126667
0.135924654800862
0.135924654800862
0.1360842844600527
0.136164099289648
0.1363237289488387
0.13664298826722004
0.1369622475856014
0.1369622475856014
0.1369622475856014
0.1369622475856014
0.13712187724479208
0.13712187724479208
0.13712187724479208
0.13712187724479208
0.13712187724479208
0.13712187724479208
0.13712187724479208
0.13712187724479208
0.13728150690398275
0.13728150690398275
0.1373613217335781
0.1373613217335781
0.1373613217335781
0.13744113656317344
0.13744113656317344
0.13752095139276876
0.13752095139276876
0.1376007662223641
0.1376007662223641
0.13768058105195946
0.13776039588155478
0.13776039588155478
0.13784021071115013
0.13792002554074548
0.13792002554074548
0.13792002554074548
0.1379998403703408
0.1379998403703408
0.13831909968872216
0.13831909968872216
0.13831909968872216
0.1383989145183175
0.13847872934791283
0.13847872934791283
0.13855854417750818
0.13855854417750818
0.13855854417750818
0.13871817383669885
0.13871817383669885
0.13871817383669885
0.13871817383669885
0.13871817383669885
0.1387979886662942
0.1387979886662942
0.13887780349588955
0.13903743315508021
0.13903743315508021
0.13903743315508021
0.13903743315508021
0.13911724798467556
0.13919706281427088
0.13919706281427088
0.13967595179184292
0.13967595179184292
0.1398355814510336
0.1398355814510336
0.1398355814510336
0.1398355814510336
0.13999521111022428
0.13999521111022428
0.14007502593981963
0.14007502593981963
0.14007502593981963
0.14007502593981963
0.14007502593981963
0.14015484076941495
0.14015484076941495
0.14015484076941495
0.14031447042860565
0.14031447042860565
0.14031447042860565
0.14039428525820097
0.14039428525820097
0.14055391491739166
0.14055391491739166
0.14055391491739166
0.14055391491739166
0.14063372974698699
0.14063372974698699
0.14063372974698699
0.14063372974698699
0.14071354457658233
0.14071354457658233
0.14071354457658233
0.14071354457658233
0.14071354457658233
0.14071354457658233
0.14071354457658233
0.14071354457658233
0.14079335940617768
0.14079335940617768
0.14079335940617768
0.14103280389496367
0.14103280389496367
0.14111261872455902
0.14111261872455902
0.14111261872455902
0.14111261872455902
0.14111261872455902
0.14119243355415437
0.14135206321334504
0.14135206321334504
0.14135206321334504
0.14143187804294038
0.14143187804294038
0.1415116928725357
0.1420703966797031
0.14223002633889376
0.14223002633889376
0.14223002633889376
0.14223002633889376
0.14223002633889376
0.14223002633889376
0.14223002633889376
0.14223002633889376
0.14223002633889376
0.1423098411684891
0.1423098411684891
0.1423098411684891
0.1423098411684891
0.1423098411684891
0.1423098411684891
0.1423098411684891
0.1423098411684891
0.1423098411684891
0.1423098411684891
0.1423098411684891
0.1423098411684891
0.1423098411684891
0.1423098411684891
0.1423098411684891
0.1423098411684891
0.1423098411684891
0.1423098411684891
0.1423098411684891
0.1423098411684891
0.1423098411684891
0.1423098411684891
0.1423098411684891
0.1423098411684891
0.14254928565727512
0.14254928565727512
0.14254928565727512
0.14254928565727512
0.14254928565727512
0.14254928565727512
0.14262910048687047
0.14262910048687047
0.14262910048687047
0.14262910048687047
0.14262910048687047
0.14262910048687047
0.14262910048687047
0.14262910048687047
0.14278873014606114
0.14278873014606114
0.14278873014606114
0.14278873014606114
0.14278873014606114
0.14278873014606114
0.1429483598052518
0.1429483598052518
0.1429483598052518
0.1429483598052518
0.14318780429403782
0.14326761912363317
0.14334743395322852
0.14342724878282384
0.14358687844201454
0.14358687844201454
0.14358687844201454
0.14358687844201454
0.14358687844201454
0.14358687844201454
0.14358687844201454
0.14358687844201454
0.14358687844201454
0.14358687844201454
0.14358687844201454
0.14358687844201454
0.14358687844201454
0.14358687844201454
0.14358687844201454
0.14358687844201454
0.14358687844201454
0.14366669327160986
0.1437465081012052
0.1437465081012052
0.14390613776039587
0.14390613776039587
0.14390613776039587
0.14390613776039587
0.14390613776039587
0.14406576741958657
0.1441455822491819
0.14422539707877724
0.1443052119083726
0.1443052119083726
0.1443052119083726
0.1443850267379679
0.1445446563971586
0.14462447122675393
0.14462447122675393
0.14462447122675393
0.14462447122675393
0.14462447122675393
0.14462447122675393
0.14470428605634927
0.14470428605634927
0.14470428605634927
0.14470428605634927
0.14470428605634927
0.14470428605634927
0.14478410088594462
0.14478410088594462
0.1449437305451353
0.1449437305451353
0.1449437305451353
0.1450235453747306
0.14510336020432596
0.14510336020432596
0.14510336020432596
0.1451831750339213
0.1451831750339213
0.14526298986351663
0.14526298986351663
0.14526298986351663
0.14526298986351663
0.14534280469311198
0.14534280469311198
0.14534280469311198
0.14550243435230265
0.14550243435230265
0.145582249181898
0.145582249181898
0.145582249181898
0.145582249181898
0.145582249181898
0.145582249181898
0.145582249181898
0.14566206401149334
0.14574187884108866
0.14574187884108866
0.14574187884108866
0.14574187884108866
0.14574187884108866
0.14574187884108866
0.14574187884108866
0.14574187884108866
0.14574187884108866
0.145821693670684
0.14590150850027936
0.14590150850027936
0.14598132332987468
0.14598132332987468
0.14598132332987468
0.14598132332987468
0.14598132332987468
0.14598132332987468
0.14598132332987468
0.14598132332987468
0.14606113815947003
0.14606113815947003
0.14606113815947003
0.14614095298906538
0.14614095298906538
0.14614095298906538
0.14614095298906538
0.14614095298906538
0.14614095298906538
0.14614095298906538
0.14614095298906538
0.14614095298906538
0.14614095298906538
0.14614095298906538
0.14614095298906538
0.14614095298906538
0.14614095298906538
0.14614095298906538
0.14614095298906538
0.14614095298906538
0.1462207678186607
0.1462207678186607
0.1462207678186607
0.1463803974778514
0.1463803974778514
0.1463803974778514
0.1463803974778514
0.1463803974778514
0.1464602123074467
0.1464602123074467
0.1464602123074467
0.1464602123074467
0.14654002713704206
0.14654002713704206
0.1466198419666374
0.14677947162582808
0.14677947162582808
0.14677947162582808
0.14677947162582808
0.1470189161146141
0.14709873094420944
0.14709873094420944
0.14709873094420944
0.14709873094420944
0.14709873094420944
0.14709873094420944
0.14717854577380476
0.14717854577380476
0.14717854577380476
0.14717854577380476
0.1472583606034001
0.1472583606034001
0.1472583606034001
0.1472583606034001
0.1472583606034001
0.14733817543299546
0.14733817543299546
0.14733817543299546
0.14749780509218613
0.14749780509218613
0.14749780509218613
0.14749780509218613
0.14749780509218613
0.14749780509218613
0.14749780509218613
0.14749780509218613
0.14757761992178148
0.14757761992178148
0.14757761992178148
0.14757761992178148
0.1476574347513768
0.1476574347513768
0.1476574347513768
0.14773724958097215
0.14773724958097215
0.14773724958097215
0.14773724958097215
0.14773724958097215
0.14773724958097215
0.14773724958097215
0.14773724958097215
0.14773724958097215
0.14773724958097215
0.1478170644105675
0.1478170644105675
0.1478170644105675
0.1478170644105675
0.1478170644105675
0.1478170644105675
0.14789687924016282
0.14797669406975816
0.14797669406975816
0.14797669406975816
0.1480565088993535
0.1480565088993535
0.14821613855854418
0.14821613855854418
0.14821613855854418
0.14829595338813953
0.14829595338813953
0.14829595338813953
0.14829595338813953
0.14829595338813953
0.14837576821773485
0.14861521270652087
0.14877484236571156
0.14885465719530688
0.14893447202490223
0.14893447202490223
0.14893447202490223
0.14893447202490223
0.14893447202490223
0.14893447202490223
0.14893447202490223
0.14893447202490223
0.14901428685449755
0.14901428685449755
0.14901428685449755
0.1490941016840929
0.14925373134328357
0.14925373134328357
0.14925373134328357
0.14925373134328357
0.14925373134328357
0.14941336100247427
0.14957299066166493
0.14957299066166493
0.14957299066166493
0.14965280549126028
0.14965280549126028
0.14965280549126028
0.1497326203208556
0.1497326203208556
0.14981243515045095
0.1498922499800463
0.1498922499800463
0.1498922499800463
0.14997206480964162
0.14997206480964162
0.15005187963923697
0.15005187963923697
0.15005187963923697
0.15013169446883232
0.15013169446883232
0.15021150929842764
0.15021150929842764
0.15021150929842764
0.15021150929842764
0.15021150929842764
0.15029132412802299
0.15029132412802299
0.15029132412802299
0.15037113895761833
0.15045095378721365
0.15045095378721365
0.15045095378721365
0.15045095378721365
0.15045095378721365
0.15061058344640435
0.15061058344640435
0.15061058344640435
0.15069039827599967
0.15069039827599967
0.15077021310559502
0.15077021310559502
0.15077021310559502
0.15077021310559502
0.15085002793519037
0.15085002793519037
0.15085002793519037
0.15085002793519037
0.15085002793519037
0.15085002793519037
0.15085002793519037
0.15085002793519037
0.15085002793519037
0.15085002793519037
0.15085002793519037
0.15085002793519037
0.15085002793519037
0.15085002793519037
0.15085002793519037
0.15085002793519037
0.1509298427647857
0.1509298427647857
0.15100965759438104
0.15108947242397638
0.15108947242397638
0.15108947242397638
0.15108947242397638
0.15108947242397638
0.15108947242397638
0.15108947242397638
0.15108947242397638
0.15108947242397638
0.15108947242397638
0.15108947242397638
0.15108947242397638
0.1511692872535717
0.1511692872535717
0.15124910208316705
0.15124910208316705
0.15124910208316705
0.15124910208316705
0.1513289169127624
0.15140873174235772
0.15140873174235772
0.15140873174235772
0.15140873174235772
0.15140873174235772
0.15140873174235772
0.15140873174235772
0.15140873174235772
0.15140873174235772
0.15148854657195307
0.15148854657195307
0.15148854657195307
0.15148854657195307
0.15148854657195307
0.15148854657195307
0.15148854657195307
0.15148854657195307
0.15148854657195307
0.15156836140154842
0.15156836140154842
0.15164817623114374
0.15164817623114374
0.15164817623114374
0.15164817623114374
0.15164817623114374
0.15164817623114374
0.1517279910607391
0.1517279910607391
0.1517279910607391
0.1517279910607391
0.1517279910607391
0.15180780589033444
0.15188762071992976
0.15188762071992976
0.15188762071992976
0.15188762071992976
0.15188762071992976
0.15188762071992976
0.15188762071992976
0.15188762071992976
0.1519674355495251
0.1519674355495251
0.1519674355495251
0.15204725037912045
0.15204725037912045
0.15204725037912045
0.15204725037912045
0.15204725037912045
0.15204725037912045
0.15204725037912045
0.15204725037912045
0.15212706520871577
0.15212706520871577
0.15220688003831112
0.15220688003831112
0.15220688003831112
0.15220688003831112
0.15220688003831112
0.15220688003831112
0.15220688003831112
0.15220688003831112
0.15220688003831112
0.15220688003831112
0.15220688003831112
0.15220688003831112
0.15228669486790647
0.15228669486790647
0.15228669486790647
0.15228669486790647
0.1523665096975018
0.1523665096975018
0.1523665096975018
0.1523665096975018
0.1523665096975018
0.1525261393566925
0.1526059541862878
0.15268576901588315
0.15268576901588315
0.15268576901588315
0.15268576901588315
0.15268576901588315
0.15268576901588315
0.15268576901588315
0.15268576901588315
0.15268576901588315
0.15268576901588315
0.15268576901588315
0.15268576901588315
0.15268576901588315
0.15268576901588315
0.15268576901588315
0.15268576901588315
0.15268576901588315
0.15268576901588315
0.15268576901588315
0.1527655838454785
0.1527655838454785
0.1527655838454785
0.1527655838454785
0.1527655838454785
0.15284539867507382
0.15284539867507382
0.15284539867507382
0.15284539867507382
0.15292521350466917
0.15292521350466917
0.15292521350466917
0.15292521350466917
0.15292521350466917
0.15292521350466917
0.15292521350466917
0.15292521350466917
0.15300502833426452
0.15300502833426452
0.15300502833426452
0.15300502833426452
0.15300502833426452
0.15300502833426452
0.15308484316385984
0.15308484316385984
0.15308484316385984
0.15308484316385984
0.15308484316385984
0.15308484316385984
0.15308484316385984
0.15308484316385984
0.15308484316385984
0.15308484316385984
0.1531646579934552
0.1531646579934552
0.1532444728230505
0.1532444728230505
0.1532444728230505
0.1532444728230505
0.1532444728230505
0.1532444728230505
0.1532444728230505
0.1532444728230505
0.1532444728230505
0.1532444728230505
0.1532444728230505
0.1532444728230505
0.1532444728230505
0.15332428765264586
0.15332428765264586
0.15332428765264586
0.15332428765264586
0.1534041024822412
0.1534041024822412
0.1534041024822412
0.1534041024822412
0.1534041024822412
0.1534041024822412
0.1534041024822412
0.1534041024822412
0.15348391731183653
0.15348391731183653
0.15348391731183653
0.15348391731183653
0.15348391731183653
0.15348391731183653
0.15348391731183653
0.15348391731183653
0.15348391731183653
0.15348391731183653
0.15348391731183653
0.15348391731183653
0.15348391731183653
0.15348391731183653
0.15348391731183653
0.15348391731183653
0.15348391731183653
0.15348391731183653
0.15356373214143187
0.15364354697102722
0.15364354697102722
0.15372336180062254
0.15372336180062254
0.15372336180062254
0.15372336180062254
0.1538031766302179
0.1538031766302179
0.1538031766302179
0.1538031766302179
0.1538031766302179
0.1538031766302179
0.1538031766302179
0.1538031766302179
0.1538031766302179
0.1538031766302179
0.15388299145981324
0.1540426211190039
0.1540426211190039
0.1540426211190039
0.1540426211190039
0.1540426211190039
0.1540426211190039
0.1540426211190039
0.1540426211190039
0.15412243594859926
0.15428206560778993
0.15428206560778993
0.15428206560778993
0.15428206560778993
0.15428206560778993
0.15428206560778993
0.15436188043738527
0.1544416952669806
0.1544416952669806
0.1544416952669806
0.1546013249261713
0.1546013249261713
0.15476095458536196
0.15476095458536196
0.15476095458536196
0.15476095458536196
0.15476095458536196
0.15476095458536196
0.15476095458536196
0.15476095458536196
0.15476095458536196
0.15476095458536196
0.15476095458536196
0.15476095458536196
0.15476095458536196
0.1548407694149573
0.15492058424455263
0.15492058424455263
0.15500039907414798
0.15500039907414798
0.15500039907414798
0.15500039907414798
0.15500039907414798
0.15500039907414798
0.15500039907414798
0.15500039907414798
0.15500039907414798
0.15500039907414798
0.155239843562934
0.155239843562934
0.155239843562934
0.155239843562934
0.155239843562934
0.155239843562934
0.155239843562934
0.15531965839252934
0.15531965839252934
0.15531965839252934
0.15547928805172
0.15555910288131536
0.15555910288131536
0.15563891771091068
0.15563891771091068
0.15563891771091068
0.15563891771091068
0.15563891771091068
0.15579854737010138
0.15579854737010138
0.15579854737010138
0.15579854737010138
0.15579854737010138
0.15579854737010138
0.15579854737010138
0.15579854737010138
0.15579854737010138
0.15579854737010138
0.15579854737010138
0.15579854737010138
