0.1381594700295315
0.2660228270412643
0.291643387341368
0.30130098172240405
0.306488945646101
0.3121557985473701
0.3158272807087557
0.3187804294037832
0.3211748742916434
0.32301061537233616
0.32500598611221965
0.32660228270412645
0.3277995051480565
0.32891691276239127
0.3299545055471307
0.330513209354298
0.33179024662782347
0.33242876526458615
0.3333865432197302
0.33386543219730225
0.33474339532285097
0.33546172878920905
0.33586080293718573
0.3361002474259717
0.3366589512331391
0.3372176550403065
0.3378561736770692
0.3380956181658552
0.33857450714342724
0.3389735812914039
0.33985154441695264
0.3400909889057387
0.34017080373533404
0.3407295075425014
0.34120839652007345
0.3416872854976455
0.3417671003272408
0.3419267299864315
0.3421661744752175
0.34232580413440816
0.34272487828238485
0.34328358208955223
0.3436826562375289
0.3438422858967196
0.3442413600446963
0.34456061936307764
0.3449596935110544
0.345119323170245
0.34519913799984037
0.34519913799984037
0.3454385824886264
0.34591747146619845
0.3463963604437705
0.3467156197621518
0.3472743235693192
0.3473541383989145
0.3475137680581052
0.34775321254689123
0.34807247186527257
0.3483917311836539
0.3483917311836539
0.34863117567243995
0.3487109905020353
0.3489504349908213
0.349110064650012
0.3494293239683933
0.349588953627584
0.34966876845717937
0.34974858328677466
0.35006784260515605
0.35046691675313274
0.35046691675313274
0.35062654641232344
0.3509458057307048
0.3509458057307048
0.3509458057307048
0.3511054353898954
0.35150450953787216
0.35158432436746745
0.35158432436746745
0.3518237688562535
0.3519833985154442
0.3520632133450395
0.35214302817463483
0.3523824726634209
0.3528613616409929
0.35302099130018355
0.3532604357889696
0.35334025061856494
0.3534998802777556
0.35373932476654163
0.353819139596137
0.353819139596137
0.3539787692553276
0.3539787692553276
0.3539787692553276
0.3539787692553276
0.354298028573709
0.35437784340330436
0.35461728789209035
0.35461728789209035
0.3546971027216857
0.3546971027216857
0.35477691755128105
0.3549365472104717
0.3550961768696624
0.3550961768696624
0.3550961768696624
0.3552558065288531
0.3552558065288531
0.3552558065288531
0.3553356213584484
0.3554154361880437
0.35549525101763907
0.35549525101763907
0.35549525101763907
0.3555750658472344
0.3557346955064251
0.3558145103360204
0.35589432516561575
0.35621358448399715
0.3563732141431878
0.3563732141431878
0.3563732141431878
0.3563732141431878
0.35645302897278314
0.3565328438023785
0.35661265863197383
0.35661265863197383
0.3566924734615692
0.3566924734615692
0.3567722882911645
0.3568521031207598
0.35693191795035517
0.3570117327799505
0.3571713624391412
0.3572511772687365
0.35733099209833186
0.3574108069279272
0.3574108069279272
0.3574108069279272
0.35749062175752255
0.3575704365871179
0.3575704365871179
0.3575704365871179
0.35765025141671325
0.35765025141671325
0.35765025141671325
0.35765025141671325
0.35765025141671325
0.35765025141671325
0.35773006624630854
0.3578098810759039
0.3579695107350946
0.3579695107350946
0.3579695107350946
0.3579695107350946
0.35804932556468994
0.3581291403942853
0.3582089552238806
0.3582887700534759
0.3583685848830713
0.3583685848830713
0.3583685848830713
0.3583685848830713
0.35852821454226197
0.3586878442014526
0.35876765903104796
0.35892728869023866
0.35892728869023866
0.35916673317902464
0.35916673317902464
0.35924654800862
0.35932636283821534
0.35932636283821534
0.3594061776678107
0.3594061776678107
0.3594061776678107
0.3594061776678107
0.3594061776678107
0.35948599249740604
0.35948599249740604
0.3596456221565967
0.359725436986192
0.35996488147497807
0.35996488147497807
0.35996488147497807
0.36004469630457336
0.3601245111341687
0.3602841407933594
0.36036395562295476
0.3605235852821454
0.3606832149413361
0.36076302977093144
0.3608428446005268
0.36092265943012214
0.36092265943012214
0.36092265943012214
0.3610822890893128
0.3610822890893128
0.3610822890893128
0.3610822890893128
0.36116210391890813
0.3614015484076942
0.36148136323728947
0.3615611780668848
0.3615611780668848
0.36164099289648016
0.36164099289648016
0.3617208077260755
0.3617208077260755
0.3617208077260755
0.3617208077260755
0.3617208077260755
0.36180062255567086
0.3618804373852662
0.3618804373852662
0.36204006704445685
0.36219969670364754
0.36219969670364754
0.36235932636283824
0.36235932636283824
0.36235932636283824
0.36243914119243353
0.36243914119243353
0.3625189560220289
0.36259877085162423
0.36259877085162423
0.3627584005108149
0.3627584005108149
0.3628382153404103
0.36291803017000557
0.3629978449996009
0.3629978449996009
0.3629978449996009
0.36307765982919626
0.36307765982919626
0.36307765982919626
0.36307765982919626
0.3631574746587916
0.3631574746587916
0.3631574746587916
0.3631574746587916
0.36323728948838696
0.36331710431798225
0.3633969191475776
0.36347673397717295
0.3635565488067683
0.36363636363636365
0.36363636363636365
0.36363636363636365
0.36363636363636365
0.363716178465959
0.363716178465959
0.3637959932955543
0.3637959932955543
0.3637959932955543
0.36387580812514964
0.36387580812514964
0.36403543778434033
0.36403543778434033
0.36419506744353103
0.36419506744353103
0.36419506744353103
0.3642748822731263
0.36435469710272167
0.36435469710272167
0.36435469710272167
0.36435469710272167
0.36435469710272167
0.3645941415915077
0.3645941415915077
0.3645941415915077
0.36475377125069836
0.36475377125069836
0.3648335860802937
0.3649932157394844
0.3649932157394844
0.3649932157394844
0.3649932157394844
0.3649932157394844
0.36507303056907975
0.36507303056907975
0.36507303056907975
0.36507303056907975
0.36507303056907975
0.36507303056907975
0.36507303056907975
0.3651528453986751
0.3651528453986751
0.3652326602282704
0.3652326602282704
0.3652326602282704
0.3652326602282704
0.36531247505786574
0.3653922898874611
0.3653922898874611
0.3653922898874611
0.3653922898874611
0.3653922898874611
0.3653922898874611
0.3653922898874611
0.3653922898874611
0.3653922898874611
0.3653922898874611
0.3653922898874611
0.3655519195466518
0.3655519195466518
0.3655519195466518
0.36611062335381916
0.36611062335381916
0.36611062335381916
0.36611062335381916
0.36611062335381916
0.36619043818341446
0.36619043818341446
0.36619043818341446
0.36619043818341446
0.3664298826722005
0.3664298826722005
0.3664298826722005
0.3664298826722005
0.36650969750179585
0.3665895123313912
0.3666693271609865
0.3666693271609865
0.36674914199058184
0.3668289568201772
0.3668289568201772
0.36690877164977254
0.36706840130896323
0.3673078457977492
0.3673078457977492
0.36738766062734457
0.3674674754569399
0.3674674754569399
0.3675472902865352
0.36762710511613056
0.36762710511613056
0.36762710511613056
0.36762710511613056
0.36762710511613056
0.36762710511613056
0.36762710511613056
0.36762710511613056
0.36762710511613056
0.3677069199457259
0.3677069199457259
0.3677069199457259
0.3677069199457259
0.3677069199457259
0.36778673477532126
0.36778673477532126
0.36778673477532126
0.36778673477532126
0.36778673477532126
0.36778673477532126
0.36778673477532126
0.36778673477532126
0.36794636443451195
0.36794636443451195
0.36794636443451195
0.36794636443451195
0.36794636443451195
0.36802617926410724
0.36802617926410724
0.36802617926410724
0.36802617926410724
0.3681059940937026
0.3681059940937026
0.3681059940937026
0.36818580892329794
0.36818580892329794
0.36818580892329794
0.3682656237528933
0.3682656237528933
0.36834543858248864
0.36834543858248864
0.36834543858248864
0.36834543858248864
0.36834543858248864
0.36834543858248864
0.36834543858248864
0.36834543858248864
0.36834543858248864
0.36834543858248864
0.36834543858248864
0.36834543858248864
0.36834543858248864
0.36834543858248864
0.36834543858248864
0.3685050682416793
0.3685050682416793
0.3685050682416793
0.3685050682416793
0.3685848830712746
0.36866469790087
0.36866469790087
0.3687445127304653
0.3687445127304653
0.3687445127304653
0.36882432756006067
0.368904142389656
0.368904142389656
0.3689839572192513
0.3689839572192513
0.36906377204884666
0.36906377204884666
0.36906377204884666
0.36906377204884666
0.36906377204884666
0.36906377204884666
0.369143586878442
0.369143586878442
0.369143586878442
0.369143586878442
0.369143586878442
0.36922340170803736
0.36922340170803736
0.36922340170803736
0.36922340170803736
0.36922340170803736
0.36922340170803736
0.3693032165376327
0.36938303136722805
0.36938303136722805
0.36938303136722805
0.36946284619682335
0.36946284619682335
0.3695426610264187
0.3695426610264187
0.3695426610264187
0.3695426610264187
0.3695426610264187
0.3695426610264187
0.3695426610264187
0.3695426610264187
0.36962247585601404
0.3697022906856094
0.3697022906856094
0.3697022906856094
0.3697022906856094
0.3697022906856094
0.3697022906856094
0.3697022906856094
0.36978210551520474
0.36978210551520474
0.36978210551520474
0.3698619203448001
0.3698619203448001
0.3698619203448001
0.3698619203448001
0.3698619203448001
0.3698619203448001
0.3699417351743954
0.3699417351743954
0.3699417351743954
0.3699417351743954
0.3699417351743954
0.3699417351743954
0.3699417351743954
0.3702609944927768
0.3702609944927768
0.3702609944927768
0.3702609944927768
0.3702609944927768
0.3703408093223721
0.3703408093223721
0.3703408093223721
0.3703408093223721
0.3704206241519674
0.3704206241519674
0.3704206241519674
0.3704206241519674
0.3704206241519674
0.3704206241519674
0.37050043898156276
0.37050043898156276
0.37050043898156276
0.37050043898156276
0.37050043898156276
0.3705802538111581
0.3705802538111581
0.3705802538111581
0.3705802538111581
0.3705802538111581
0.3705802538111581
0.3705802538111581
0.3705802538111581
0.3705802538111581
0.3705802538111581
0.37066006864075346
0.37066006864075346
0.37066006864075346
0.37066006864075346
0.37081969829994416
0.37081969829994416
0.37081969829994416
0.37081969829994416
0.37081969829994416
0.37081969829994416
0.37081969829994416
0.37081969829994416
0.37089951312953945
0.3709793279591348
0.3709793279591348
0.3709793279591348
0.3711389576183255
0.3711389576183255
0.3711389576183255
0.3711389576183255
0.3711389576183255
0.3711389576183255
0.3711389576183255
0.3711389576183255
0.3711389576183255
0.3711389576183255
0.3711389576183255
0.3711389576183255
0.37121877244792084
0.37121877244792084
0.37121877244792084
0.37121877244792084
0.3712985872775162
0.3712985872775162
0.3712985872775162
0.3713784021071115
0.3713784021071115
0.37145821693670683
0.37145821693670683
0.3715380317663022
0.3715380317663022
0.3715380317663022
0.3715380317663022
0.3715380317663022
0.3715380317663022
0.3715380317663022
0.3715380317663022
0.3715380317663022
0.3715380317663022
0.3715380317663022
0.3715380317663022
0.3715380317663022
0.3716178465958975
0.3716976614254929
0.3716976614254929
0.3716976614254929
0.3716976614254929
0.37177747625508817
0.37177747625508817
0.37177747625508817
0.37177747625508817
0.37177747625508817
0.37177747625508817
0.37177747625508817
0.3718572910846835
0.3718572910846835
0.3718572910846835
0.37193710591427886
0.3720169207438742
0.37209673557346956
0.37209673557346956
0.37209673557346956
0.3721765504030649
0.3722563652326602
0.3722563652326602
0.3722563652326602
0.3722563652326602
0.3722563652326602
0.37233618006225555
0.3724159948918509
0.3724159948918509
0.37249580972144625
0.37249580972144625
0.37249580972144625
0.3725756245510416
0.3725756245510416
0.3725756245510416
0.3725756245510416
0.3725756245510416
0.3725756245510416
0.3725756245510416
0.37265543938063694
0.37265543938063694
0.37273525421023224
0.37273525421023224
0.37273525421023224
0.37273525421023224
0.37273525421023224
0.37273525421023224
0.37273525421023224
0.37273525421023224
0.37273525421023224
0.37273525421023224
0.37273525421023224
0.37273525421023224
0.37273525421023224
0.3728150690398276
0.37289488386942293
0.37289488386942293
0.37289488386942293
0.37289488386942293
0.37289488386942293
0.37289488386942293
0.37289488386942293
0.37289488386942293
0.37289488386942293
0.37289488386942293
0.37289488386942293
0.37289488386942293
0.37289488386942293
0.37289488386942293
0.37289488386942293
0.37289488386942293
0.37289488386942293
0.37305451352861363
0.37305451352861363
0.37305451352861363
0.37305451352861363
0.37305451352861363
0.37305451352861363
0.37305451352861363
0.37305451352861363
0.37305451352861363
0.37305451352861363
0.37305451352861363
0.37305451352861363
0.37305451352861363
0.37305451352861363
0.373134328358209
0.37321414318780427
0.37321414318780427
0.37321414318780427
0.37321414318780427
0.37321414318780427
0.37321414318780427
0.37321414318780427
0.3732939580173996
0.3732939580173996
0.3732939580173996
0.3734535876765903
0.3734535876765903
0.3734535876765903
0.3734535876765903
0.3734535876765903
0.3734535876765903
0.3734535876765903
0.3734535876765903
0.3734535876765903
0.3734535876765903
0.3734535876765903
0.37353340250618566
0.37353340250618566
0.37353340250618566
0.37353340250618566
0.37353340250618566
0.37353340250618566
0.37353340250618566
0.37353340250618566
0.37353340250618566
0.37353340250618566
0.37353340250618566
0.37353340250618566
0.37353340250618566
0.37353340250618566
0.37353340250618566
0.373613217335781
0.373613217335781
0.373613217335781
0.37377284699497165
0.37377284699497165
0.37377284699497165
0.37393247665416235
0.37393247665416235
0.3740122914837577
0.3740122914837577
0.37417192114294834
0.37417192114294834
0.3742517359725437
0.3742517359725437
0.3742517359725437
0.3742517359725437
0.3742517359725437
0.3742517359725437
0.3742517359725437
0.3742517359725437
0.3742517359725437
0.3742517359725437
0.3742517359725437
0.3742517359725437
0.3742517359725437
0.37433155080213903
0.37433155080213903
0.3744113656317344
0.3744113656317344
0.37449118046132973
0.37449118046132973
0.37449118046132973
0.37449118046132973
0.37449118046132973
0.37449118046132973
0.37449118046132973
0.37449118046132973
0.37449118046132973
0.37449118046132973
0.37449118046132973
0.37449118046132973
0.37449118046132973
0.37449118046132973
0.3745709952909251
0.3745709952909251
0.3745709952909251
0.3745709952909251
0.37465081012052037
0.37465081012052037
0.3747306249501157
0.37481043977971107
0.3748902546093064
0.3748902546093064
0.3748902546093064
0.3748902546093064
0.3748902546093064
0.3748902546093064
0.3748902546093064
0.3748902546093064
0.3748902546093064
0.3748902546093064
0.3748902546093064
0.3748902546093064
0.3748902546093064
0.3748902546093064
0.3748902546093064
0.3748902546093064
0.3748902546093064
0.3748902546093064
0.3748902546093064
0.3748902546093064
0.37497006943890177
0.37497006943890177
0.37497006943890177
0.37497006943890177
0.37497006943890177
0.37497006943890177
0.37497006943890177
0.37497006943890177
0.37497006943890177
0.37497006943890177
0.37497006943890177
0.37497006943890177
0.37497006943890177
0.3750498842684971
0.3750498842684971
0.3751296990980924
0.37520951392768775
0.37520951392768775
0.3752893287572831
0.3752893287572831
0.3752893287572831
0.3752893287572831
0.3752893287572831
0.3752893287572831
0.3752893287572831
0.3752893287572831
0.3752893287572831
0.3752893287572831
0.3752893287572831
0.3752893287572831
0.3752893287572831
0.3752893287572831
0.3752893287572831
0.37536914358687845
0.37536914358687845
0.37536914358687845
0.37536914358687845
0.37536914358687845
0.37536914358687845
0.37536914358687845
0.37536914358687845
0.37536914358687845
0.37536914358687845
0.3754489584164738
0.3754489584164738
0.3754489584164738
0.3754489584164738
0.3754489584164738
0.3754489584164738
0.3754489584164738
0.3754489584164738
0.3754489584164738
0.3754489584164738
0.3754489584164738
0.3754489584164738
0.3754489584164738
0.3754489584164738
0.3754489584164738
0.3754489584164738
0.3754489584164738
0.3754489584164738
0.3754489584164738
0.3754489584164738
0.3754489584164738
0.3754489584164738
0.3754489584164738
0.3754489584164738
0.3754489584164738
0.3754489584164738
0.3754489584164738
0.3755287732460691
0.3755287732460691
0.3755287732460691
0.37560858807566444
0.37560858807566444
0.37560858807566444
0.37560858807566444
0.37560858807566444
0.37560858807566444
0.37560858807566444
0.37560858807566444
0.37560858807566444
0.37560858807566444
0.37560858807566444
0.37560858807566444
0.37560858807566444
0.37560858807566444
0.37560858807566444
0.37560858807566444
0.37560858807566444
0.37576821773485514
0.37576821773485514
0.37576821773485514
0.37576821773485514
0.37576821773485514
0.37576821773485514
0.3758480325644505
0.3758480325644505
0.3758480325644505
0.3758480325644505
0.3758480325644505
0.3758480325644505
0.3758480325644505
0.3758480325644505
0.3758480325644505
0.37592784739404583
0.3760076622236411
0.3760076622236411
0.3760076622236411
0.3760076622236411
0.3760076622236411
0.3760076622236411
0.3760874770532365
0.3760874770532365
0.3760874770532365
0.3760874770532365
0.3760874770532365
0.3760874770532365
0.3761672918828318
0.3761672918828318
0.3761672918828318
0.3761672918828318
0.3761672918828318
0.3761672918828318
0.3761672918828318
0.3761672918828318
0.3761672918828318
0.3761672918828318
0.3761672918828318
0.3761672918828318
0.3761672918828318
0.3761672918828318
0.3761672918828318
0.3761672918828318
0.3761672918828318
0.3761672918828318
0.3761672918828318
0.3761672918828318
0.3761672918828318
0.3761672918828318
0.3761672918828318
0.3761672918828318
0.3761672918828318
0.3761672918828318
0.3761672918828318
0.3761672918828318
0.3761672918828318
0.37624710671242717
0.37624710671242717
0.37624710671242717
0.37624710671242717
0.37624710671242717
0.3763269215420225
0.3763269215420225
0.3763269215420225
0.3763269215420225
0.3763269215420225
0.3763269215420225
0.3763269215420225
0.3763269215420225
0.3763269215420225
0.3763269215420225
0.3763269215420225
0.3763269215420225
0.3763269215420225
0.3763269215420225
0.3763269215420225
0.37640673637161787
0.37640673637161787
0.37648655120121316
0.37648655120121316
0.37648655120121316
0.37648655120121316
0.37648655120121316
0.37648655120121316
0.37648655120121316
0.37648655120121316
0.37648655120121316
0.37648655120121316
0.37648655120121316
0.37648655120121316
0.37648655120121316
0.3765663660308085
0.3767259956899992
0.37680581051959455
0.37680581051959455
0.37680581051959455
0.37680581051959455
0.37680581051959455
0.37680581051959455
0.37680581051959455
0.37680581051959455
0.3768856253491899
0.3768856253491899
0.3768856253491899
0.3768856253491899
0.3769654401787852
0.3769654401787852
0.3769654401787852
0.3769654401787852
0.3769654401787852
0.3769654401787852
0.3769654401787852
0.37704525500838054
0.37704525500838054
0.37704525500838054
0.37704525500838054
0.37704525500838054
0.37704525500838054
0.37704525500838054
0.3771250698379759
0.3771250698379759
0.3771250698379759
0.3771250698379759
0.3771250698379759
0.3771250698379759
0.3771250698379759
0.3771250698379759
0.3771250698379759
0.3771250698379759
0.3771250698379759
0.3771250698379759
0.37720488466757124
0.37720488466757124
0.37720488466757124
0.37720488466757124
0.3772846994971666
0.37736451432676194
0.37736451432676194
0.37736451432676194
0.37736451432676194
0.37736451432676194
0.37736451432676194
0.37736451432676194
0.37736451432676194
0.37736451432676194
0.37736451432676194
0.37736451432676194
0.37736451432676194
0.37736451432676194
0.37736451432676194
0.3776837736451433
0.3776837736451433
0.3776837736451433
0.3776837736451433
0.3777635884747386
0.3777635884747386
0.3777635884747386
0.3777635884747386
0.3777635884747386
0.3777635884747386
0.37784340330433397
0.37784340330433397
0.37784340330433397
0.37792321813392926
0.37792321813392926
0.3780030329635246
0.3780030329635246
0.3780030329635246
0.3780030329635246
0.3780030329635246
0.3780030329635246
0.3780030329635246
0.3780030329635246
