0.2784739404581371
0.3265224678745311
0.33985154441695264
0.3479926570356772
0.3531008061297789
0.3565328438023785
0.3586878442014526
0.36180062255567086
0.3648335860802937
0.36738766062734457
0.3701013648335861
0.37265543938063694
0.3744113656317344
0.3763269215420225
0.3780030329635246
0.3792002554074547
0.3807167371697661
0.38191395961369623
0.38295155239843565
0.38422858967196105
0.3851863676271051
0.3863037752414399
0.38734136802617924
0.3879000718333466
0.3886982201293
0.3894165535956581
0.3904541463803975
0.39109266501716017
0.39165136882432755
0.3922898874610903
0.3927687764386623
0.39324766541623435
0.39380636922340173
0.39468433234895045
0.3947641471785458
0.3953228509857131
0.39580173996328516
0.39612099928166655
0.3964402586000479
0.3969989624072153
0.3971585920664059
0.39779711070316864
0.39811637002155
0.3984356293399314
0.3989145183175034
0.3994732221246708
0.40011174076143347
0.4001915555910288
0.4003511852502195
0.4005906297390055
0.40090988905738684
0.4013089632053636
0.40138877803495887
0.40154840769414957
0.40154840769414957
0.4017878521829356
0.40194748184212625
0.40226674116050765
0.4024263708196983
0.4024263708196983
0.4027456301380797
0.40298507462686567
0.4032245191156517
0.4034639636044377
0.4034639636044377
0.40370340809322375
0.4038630377524144
0.4041822970707957
0.4043419267299864
0.4045015563891771
0.40482081570755846
0.40498044536674915
0.40537951951472584
0.40553914917391654
0.40601803815148857
0.40609785298108386
0.4063372974698699
0.4063372974698699
0.40641711229946526
0.40665655678825124
0.4068960012770373
0.40705563093622793
0.4072152605954186
0.4072152605954186
0.4073748902546093
0.4073748902546093
0.40745470508420467
0.40769414957299066
0.407773964402586
0.4079335940617767
0.4079335940617767
0.408013408891372
0.40825285338015804
0.40849229786894403
0.4085721126985394
0.4085721126985394
0.4085721126985394
0.40865192752813473
0.4088115571873254
0.4090510016761114
0.40929044616489746
0.40937026099449275
0.4094500758240881
0.4094500758240881
0.40952989065368345
0.4096097054832788
0.40968952031287414
0.4098491499720648
0.40992896480166013
0.4103280389496368
0.41040785377923217
0.4104876686088275
0.41056748343842286
0.41072711309761356
0.41072711309761356
0.4108867427568042
0.41112618724559025
0.4114454465639716
0.41152526139356693
0.4116050762231623
0.4116050762231623
0.4116050762231623
0.41168489105275763
0.4117647058823529
0.4117647058823529
0.41184452071194827
0.4119243355415436
0.41200415037113897
0.4123234096895203
0.412483039348711
0.41256285417830635
0.41264266900790164
0.41264266900790164
0.4128821134966877
0.4128821134966877
0.4130417431558784
0.4131215579854737
0.413201372815069
0.413201372815069
0.413201372815069
0.41328118764466437
0.4133610024742597
0.4133610024742597
0.41344081730385507
0.4136004469630457
0.4136004469630457
0.4137600766222364
0.4139197062814271
0.4139197062814271
0.4139197062814271
0.4139197062814271
0.41407933594061774
0.41407933594061774
0.4141591507702131
0.41423896559980844
0.41423896559980844
0.41439859525899914
0.41439859525899914
0.41439859525899914
0.4146380397477851
0.4147976694069758
0.4149572990661665
0.4150371138957618
0.4150371138957618
0.4151967435549525
0.41527655838454786
0.4153563732141432
0.4153563732141432
0.41543618804373855
0.41543618804373855
0.41543618804373855
0.4155958177029292
0.41583526219171524
0.4159150770213106
0.4159150770213106
0.4159150770213106
0.4159150770213106
0.4159150770213106
0.4159150770213106
0.4159150770213106
0.4160747066805012
0.4160747066805012
0.4160747066805012
0.4160747066805012
0.4162343363396919
0.41631415116928727
0.41631415116928727
0.41631415116928727
0.4164737808284779
0.4164737808284779
0.4164737808284779
0.4166334104876686
0.41671322531726396
0.41671322531726396
0.4167930401468593
0.4167930401468593
0.4167930401468593
0.4168728549764546
0.41695266980604995
0.4170324846356453
0.41711229946524064
0.417192114294836
0.41727192912443134
0.41735174395402663
0.41735174395402663
0.41751137361321733
0.41751137361321733
0.4175911884428127
0.417671003272408
0.417671003272408
0.417671003272408
0.417671003272408
0.417671003272408
0.4177508181020034
0.4177508181020034
0.4177508181020034
0.4177508181020034
0.41783063293159867
0.41783063293159867
0.417910447761194
0.417910447761194
0.41814989224998006
0.4182297070795754
0.4182297070795754
0.4182297070795754
0.4182297070795754
0.4183095219091707
0.4183095219091707
0.41870859605714744
0.41870859605714744
0.41878841088674273
0.4188682257163381
0.4188682257163381
0.41894804054593343
0.4191076702051241
0.41926729986431477
0.41926729986431477
0.4193471146939101
0.4193471146939101
0.41942692952350547
0.41942692952350547
0.41942692952350547
0.41942692952350547
0.4195067443531008
0.4196663740122915
0.41982600367148215
0.41982600367148215
0.4199058185010775
0.41998563333067285
0.4200654481602682
0.4200654481602682
0.4200654481602682
0.4200654481602682
0.42014526298986354
0.42022507781945884
0.42022507781945884
0.42022507781945884
0.42022507781945884
0.42038470747864953
0.42038470747864953
0.4204645223082449
0.4204645223082449
0.4204645223082449
0.4204645223082449
0.4204645223082449
0.4204645223082449
0.42054433713784023
0.42054433713784023
0.4206241519674355
0.4206241519674355
0.4207837816266262
0.42086359645622157
0.42086359645622157
0.42086359645622157
0.42086359645622157
0.42102322611541226
0.42102322611541226
0.42110304094500756
0.4211828557746029
0.4213424854337936
0.4213424854337936
0.42142230026338895
0.42142230026338895
0.42142230026338895
0.42142230026338895
0.4215021150929843
0.4215819299225796
0.4215819299225796
0.4215819299225796
0.42166174475217494
0.42166174475217494
0.4217415595817703
0.421901189240961
0.421901189240961
0.421901189240961
0.42198100407055633
0.42198100407055633
0.42198100407055633
0.42198100407055633
0.4220608189001516
0.4220608189001516
0.422140633729747
0.422140633729747
0.422140633729747
0.4222204485593423
0.4222204485593423
0.4222204485593423
0.42230026338893767
0.42230026338893767
0.422380078218533
0.422380078218533
0.42245989304812837
0.42245989304812837
0.42245989304812837
0.42245989304812837
0.42253970787772366
0.422619522707319
0.422619522707319
0.422619522707319
0.4227791523665097
0.42285896719610505
0.42285896719610505
0.4229387820257004
0.4230185968552957
0.4230185968552957
0.4230185968552957
0.4230185968552957
0.4230185968552957
0.42309841168489104
0.42309841168489104
0.42309841168489104
0.42309841168489104
0.4231782265144864
0.4231782265144864
0.4231782265144864
0.4231782265144864
0.4231782265144864
0.4231782265144864
0.42325804134408174
0.42325804134408174
0.42341767100327243
0.42341767100327243
0.42341767100327243
0.4234974858328677
0.4234974858328677
0.4234974858328677
0.4235773006624631
0.4235773006624631
0.4235773006624631
0.4235773006624631
0.4236571154920584
0.4236571154920584
0.4236571154920584
0.4236571154920584
0.4236571154920584
0.42389655998084447
0.42397637481043976
0.42397637481043976
0.42397637481043976
0.4240561896400351
0.4240561896400351
0.4240561896400351
0.42413600446963046
0.42413600446963046
0.42413600446963046
0.42413600446963046
0.42413600446963046
0.42413600446963046
0.42413600446963046
0.4242158192992258
0.4242158192992258
0.4242158192992258
0.4242158192992258
0.4242158192992258
0.42429563412882115
0.42429563412882115
0.42429563412882115
0.42429563412882115
0.42429563412882115
0.4243754489584165
0.4243754489584165
0.4243754489584165
0.4243754489584165
0.42453507861760714
0.42453507861760714
0.4246148934472025
0.42469470827679784
0.42469470827679784
0.42469470827679784
0.4247745231063932
0.4247745231063932
0.4247745231063932
0.4248543379359885
0.4248543379359885
0.42493415276558383
0.42493415276558383
0.42493415276558383
0.42493415276558383
0.42493415276558383
0.42493415276558383
0.42493415276558383
0.42493415276558383
0.42493415276558383
0.4250139675951792
0.4250139675951792
0.4250139675951792
0.4250139675951792
0.4250139675951792
0.4250139675951792
0.4250937824247745
0.4250937824247745
0.4251735972543699
0.4252534120839652
0.4252534120839652
0.4252534120839652
0.4252534120839652
0.4252534120839652
0.4252534120839652
0.4252534120839652
0.4253332269135605
0.4253332269135605
0.42541304174315586
0.42541304174315586
0.42541304174315586
0.4254928565727512
0.4254928565727512
0.4254928565727512
0.4256524862319419
0.42573230106153725
0.42573230106153725
0.42573230106153725
0.42573230106153725
0.42573230106153725
0.42581211589113255
0.42581211589113255
0.42581211589113255
0.42581211589113255
0.42581211589113255
0.4258919307207279
0.4258919307207279
0.4258919307207279
0.42597174555032324
0.42597174555032324
0.42597174555032324
0.4260515603799186
0.4260515603799186
0.42613137520951394
0.42613137520951394
0.4262111900391093
0.42637081969829993
0.42637081969829993
0.42637081969829993
0.42637081969829993
0.42637081969829993
0.42637081969829993
0.4264506345278953
0.4264506345278953
0.4264506345278953
0.4265304493574906
0.426610264187086
0.4266900790166813
0.4267698938462766
0.42684970867587196
0.42684970867587196
0.42684970867587196
0.42684970867587196
0.42684970867587196
0.4269295235054673
0.4269295235054673
0.42700933833506266
0.42700933833506266
0.427089153164658
0.42716896799425336
0.42716896799425336
0.42716896799425336
0.42716896799425336
0.42716896799425336
0.42724878282384865
0.42724878282384865
0.42724878282384865
0.42724878282384865
0.42724878282384865
0.42740841248303935
0.42740841248303935
0.42740841248303935
0.42756804214223004
0.42756804214223004
0.4276478569718254
0.4276478569718254
0.4276478569718254
0.4277276718014207
0.4277276718014207
0.4277276718014207
0.4277276718014207
0.4277276718014207
0.4277276718014207
0.4277276718014207
0.42780748663101603
0.42780748663101603
0.42780748663101603
0.42780748663101603
0.4278873014606114
0.4278873014606114
0.4278873014606114
0.4278873014606114
0.4278873014606114
0.4278873014606114
0.4278873014606114
0.42796711629020673
0.42796711629020673
0.42796711629020673
0.42796711629020673
0.4280469311198021
0.4280469311198021
0.4280469311198021
0.4281267459493974
0.4282065607789927
0.4282065607789927
0.4282065607789927
0.4282065607789927
0.4282065607789927
0.4282065607789927
0.4282065607789927
0.4282065607789927
0.4282065607789927
0.4282065607789927
0.4283661904381834
0.42844600526777876
0.4286056349269694
0.42868544975656475
0.42868544975656475
0.42868544975656475
0.42868544975656475
0.42868544975656475
0.42868544975656475
0.42868544975656475
0.42868544975656475
0.42868544975656475
0.42868544975656475
0.42868544975656475
0.42868544975656475
0.42868544975656475
0.42868544975656475
0.42868544975656475
0.42868544975656475
0.4287652645861601
0.4287652645861601
0.4289248942453508
0.4289248942453508
0.42900470907494614
0.42900470907494614
0.42900470907494614
0.42900470907494614
0.42900470907494614
0.42900470907494614
0.42900470907494614
0.42900470907494614
0.42908452390454144
0.42908452390454144
0.42908452390454144
0.42908452390454144
0.42908452390454144
0.42908452390454144
0.42908452390454144
0.42908452390454144
0.42908452390454144
0.42908452390454144
0.4291643387341368
0.4291643387341368
0.4291643387341368
0.4291643387341368
0.4291643387341368
0.4291643387341368
0.4291643387341368
0.4291643387341368
0.4291643387341368
0.42924415356373213
0.42924415356373213
0.42924415356373213
0.42924415356373213
0.42924415356373213
0.42924415356373213
0.42924415356373213
0.42924415356373213
0.42924415356373213
0.42924415356373213
0.4293239683933275
0.4294835980525182
0.4294835980525182
0.4294835980525182
0.4294835980525182
0.4294835980525182
0.4294835980525182
0.4294835980525182
0.4294835980525182
0.4294835980525182
0.4294835980525182
0.42956341288211347
0.42956341288211347
0.4296432277117088
0.4296432277117088
0.4296432277117088
0.4296432277117088
0.42972304254130417
0.42972304254130417
0.42972304254130417
0.42972304254130417
0.42972304254130417
0.42972304254130417
0.42972304254130417
0.42972304254130417
0.42972304254130417
0.42972304254130417
0.42972304254130417
0.42972304254130417
0.42972304254130417
0.42972304254130417
0.4298028573708995
0.4298028573708995
0.4298028573708995
0.42988267220049486
0.4299624870300902
0.4299624870300902
0.4299624870300902
0.4299624870300902
0.4299624870300902
0.4299624870300902
0.4299624870300902
0.4299624870300902
0.4299624870300902
0.4299624870300902
0.4299624870300902
0.4299624870300902
0.4299624870300902
0.4300423018596855
0.43012211668928085
0.4302019315188762
0.4302019315188762
0.43028174634847155
0.43028174634847155
0.4303615611780669
0.4303615611780669
0.4303615611780669
0.4303615611780669
0.4303615611780669
0.43044137600766225
0.43044137600766225
0.43044137600766225
0.43044137600766225
0.43044137600766225
0.43044137600766225
0.43044137600766225
0.43044137600766225
0.43044137600766225
0.43044137600766225
0.43052119083725754
0.43052119083725754
0.43052119083725754
0.43052119083725754
0.43052119083725754
0.43052119083725754
0.43052119083725754
0.43068082049644824
0.43068082049644824
0.43068082049644824
0.4307606353260436
0.43084045015563893
0.43084045015563893
0.4309202649852343
0.4310000798148296
0.4310000798148296
0.4310798946444249
0.43115970947402027
0.43115970947402027
0.4312395243036156
0.4312395243036156
0.43131933913321097
0.43131933913321097
0.43131933913321097
0.4313991539628063
0.4313991539628063
0.4313991539628063
0.4313991539628063
0.4313991539628063
0.4314789687924016
0.4314789687924016
0.4314789687924016
0.4314789687924016
0.4314789687924016
0.4314789687924016
0.4314789687924016
0.43155878362199696
0.43155878362199696
0.43155878362199696
0.43155878362199696
0.43155878362199696
0.43155878362199696
0.43155878362199696
0.4316385984515923
0.4316385984515923
0.43171841328118765
0.43171841328118765
0.43171841328118765
0.431798228110783
0.431798228110783
0.431798228110783
0.431798228110783
0.43187804294037835
0.43195785776997364
0.4321973022587597
0.4321973022587597
0.4321973022587597
0.4321973022587597
0.4321973022587597
0.4321973022587597
0.43227711708835503
0.43227711708835503
0.43227711708835503
0.4324367467475457
0.4324367467475457
0.4324367467475457
0.4324367467475457
0.432516561577141
0.432516561577141
0.432516561577141
0.432516561577141
0.432516561577141
0.432516561577141
0.43259637640673637
0.43259637640673637
0.43259637640673637
0.43259637640673637
0.43259637640673637
0.43259637640673637
0.43259637640673637
0.43259637640673637
0.43259637640673637
0.43259637640673637
0.43259637640673637
0.4326761912363317
0.4326761912363317
0.4326761912363317
0.4326761912363317
0.4326761912363317
0.4326761912363317
0.43275600606592707
0.43283582089552236
0.43283582089552236
0.43283582089552236
0.43283582089552236
0.4329156357251177
0.4329156357251177
0.4329156357251177
0.4329156357251177
0.4329156357251177
0.4329156357251177
0.4329156357251177
0.4329156357251177
0.4329156357251177
0.4329156357251177
0.4330752653843084
0.4330752653843084
0.4330752653843084
0.4330752653843084
0.43315508021390375
0.43315508021390375
0.43315508021390375
0.4332348950434991
0.4332348950434991
0.4333147098730944
0.4333147098730944
0.4333147098730944
0.4333147098730944
0.43339452470268974
0.43339452470268974
0.4334743395322851
0.4334743395322851
0.4334743395322851
0.4334743395322851
0.4334743395322851
0.4334743395322851
0.4334743395322851
0.4334743395322851
0.43355415436188044
0.43355415436188044
0.43355415436188044
0.4336339691914758
0.4336339691914758
0.4336339691914758
0.4336339691914758
0.4336339691914758
0.4336339691914758
0.43371378402107114
0.43379359885066643
0.43379359885066643
0.43379359885066643
0.43379359885066643
0.43379359885066643
0.43379359885066643
0.43379359885066643
0.43379359885066643
0.43379359885066643
0.43379359885066643
0.43379359885066643
0.4338734136802618
0.4339532285098571
0.4339532285098571
0.4339532285098571
0.4339532285098571
0.4339532285098571
0.4339532285098571
0.4341128581690478
0.4341128581690478
0.4341128581690478
0.4341128581690478
0.4341128581690478
0.4341128581690478
0.4341128581690478
0.4341128581690478
0.4341128581690478
0.4341128581690478
0.4341128581690478
0.4341128581690478
0.4341128581690478
0.43419267299864317
0.43419267299864317
0.43419267299864317
0.43419267299864317
0.4343523026578338
0.4343523026578338
0.4343523026578338
0.4343523026578338
0.43443211748742916
0.43443211748742916
0.43443211748742916
0.43443211748742916
0.43443211748742916
0.43443211748742916
0.43443211748742916
0.43443211748742916
0.43443211748742916
0.43443211748742916
0.43443211748742916
0.43443211748742916
0.43443211748742916
0.43443211748742916
0.43443211748742916
0.4345119323170245
0.4345119323170245
0.4345119323170245
0.4345119323170245
0.4345119323170245
0.4345119323170245
0.43459174714661986
0.43459174714661986
0.43459174714661986
0.43459174714661986
0.43459174714661986
0.43459174714661986
0.4346715619762152
0.4346715619762152
0.4346715619762152
0.4346715619762152
0.4346715619762152
0.4346715619762152
0.4346715619762152
0.4346715619762152
0.4347513768058105
0.4347513768058105
0.43483119163540584
0.4349110064650012
0.4349110064650012
0.43499082129459654
0.4350706361241919
0.43515045095378724
0.43515045095378724
0.43515045095378724
0.43515045095378724
0.43515045095378724
0.43523026578338253
0.43523026578338253
0.4353100806129779
0.4353100806129779
0.4353898954425732
0.4353898954425732
0.4353898954425732
0.4353898954425732
0.4353898954425732
0.4353898954425732
0.4353898954425732
0.4353898954425732
0.4353898954425732
0.4353898954425732
0.4353898954425732
0.4353898954425732
0.4354697102721686
0.4354697102721686
0.4355495251017639
0.43562933993135927
0.43562933993135927
0.43562933993135927
0.43562933993135927
0.43562933993135927
0.43562933993135927
0.43562933993135927
0.43562933993135927
0.43562933993135927
0.43562933993135927
0.43570915476095456
0.4357889695905499
0.43586878442014526
0.43586878442014526
0.43586878442014526
0.4359485992497406
0.4359485992497406
0.4359485992497406
0.4359485992497406
0.4359485992497406
0.4359485992497406
0.43602841407933596
0.43602841407933596
0.43602841407933596
0.43602841407933596
0.4361082289089313
0.4361082289089313
0.4361082289089313
0.4361082289089313
0.4361082289089313
0.4361082289089313
0.4361082289089313
0.4361082289089313
0.4361082289089313
0.4361082289089313
0.4361082289089313
0.4361082289089313
0.4361082289089313
0.4361082289089313
0.4361082289089313
0.4361082289089313
0.4361082289089313
0.4361082289089313
0.4361082289089313
0.4361082289089313
0.4361082289089313
0.4361082289089313
0.4361082289089313
0.4361082289089313
0.4361880437385266
0.4361880437385266
0.4361880437385266
0.4361880437385266
0.43626785856812195
0.43626785856812195
0.43626785856812195
0.43626785856812195
0.43626785856812195
0.43626785856812195
0.43626785856812195
0.43626785856812195
0.43626785856812195
0.43626785856812195
0.43626785856812195
0.43626785856812195
0.43626785856812195
0.4363476733977173
0.4363476733977173
0.4363476733977173
0.4363476733977173
0.43642748822731264
0.43642748822731264
0.43642748822731264
0.43642748822731264
0.43642748822731264
0.43642748822731264
0.43642748822731264
0.43642748822731264
0.43642748822731264
0.43642748822731264
0.43642748822731264
0.43642748822731264
0.43642748822731264
0.43642748822731264
0.43642748822731264
0.436507303056908
0.43666693271609863
0.43666693271609863
0.436746747545694
0.436746747545694
0.436746747545694
0.436746747545694
0.436746747545694
0.436746747545694
0.436746747545694
0.436746747545694
0.436746747545694
0.436746747545694
0.436746747545694
0.436746747545694
0.436746747545694
0.436746747545694
0.436746747545694
