0.2745630138079655
0.3238087636682896
0.34719450873972385
0.35892728869023866
0.36619043818341446
0.3715380317663022
0.37393247665416235
0.3771250698379759
0.37991858887381275
0.3819937744432916
0.38478729347912843
0.3867826642190119
0.38933673876606273
0.3917311836539229
0.39324766541623435
0.39452470268975975
0.39652007342964324
0.39819618485114533
0.3994732221246708
0.4005906297390055
0.40138877803495887
0.4027456301380797
0.40354377843403305
0.40482081570755846
0.4063372974698699
0.4067363716178466
0.4072152605954186
0.40785377923218136
0.4085721126985394
0.40897118684651607
0.40992896480166013
0.41056748343842286
0.4116050762231623
0.4119243355415436
0.4123234096895203
0.4130417431558784
0.41368026179264106
0.41399952111102245
0.4143187804294038
0.41511692872535716
0.41583526219171524
0.41639396599888256
0.4170324846356453
0.41735174395402663
0.41751137361321733
0.417910447761194
0.4186287812275521
0.41894804054593343
0.41942692952350547
0.41982600367148215
0.42014526298986354
0.42070396679703087
0.42126267060419825
0.42182137441136563
0.4222204485593423
0.42269933753691435
0.42285896719610505
0.4233378561736771
0.4234974858328677
0.4236571154920584
0.4240561896400351
0.4244552637880118
0.42469470827679784
0.4250139675951792
0.4250937824247745
0.4252534120839652
0.4254928565727512
0.42573230106153725
0.42613137520951394
0.4262910048687046
0.4262910048687046
0.4266900790166813
0.4267698938462766
0.42684970867587196
0.427328597653444
0.4274882273126347
0.4278873014606114
0.4281267459493974
0.4286056349269694
0.42900470907494614
0.4293239683933275
0.42956341288211347
0.42956341288211347
0.43012211668928085
0.4303615611780669
0.43052119083725754
0.43068082049644824
0.4310000798148296
0.43115970947402027
0.43155878362199696
0.43187804294037835
0.43195785776997364
0.4321973022587597
0.43227711708835503
0.4323569319179504
0.4326761912363317
0.43283582089552236
0.43299545055471306
0.4330752653843084
0.4330752653843084
0.43315508021390375
0.4334743395322851
0.4339532285098571
0.4340330433394525
0.4341128581690478
0.43427248782823846
0.4345119323170245
0.4346715619762152
0.43483119163540584
0.43483119163540584
0.4349110064650012
0.43499082129459654
0.43562933993135927
0.4357889695905499
0.4361880437385266
0.436507303056908
0.436746747545694
0.43682656237528933
0.43698619203448
0.4370660068640753
0.43730545135286136
0.43730545135286136
0.43730545135286136
0.4373852661824567
0.43754489584164735
0.43754489584164735
0.43770452550083805
0.43770452550083805
0.4379439699896241
0.4381834144784101
0.4381834144784101
0.4384228589671961
0.43858248862638677
0.4386623034559821
0.43874211828557746
0.4388219331151728
0.43914119243355415
0.43914119243355415
0.4392210072631495
0.4393806369223402
0.4394604517519355
0.43954026658153084
0.4396200814111262
0.43969989624072153
0.4397797110703169
0.43985952589991223
0.44017878521829357
0.44033841487748426
0.44041822970707956
0.44057785936627025
0.4406576741958656
0.4408971186846516
0.44097693351424694
0.44097693351424694
0.44097693351424694
0.4410567483438423
0.44113656317343763
0.4413760076622236
0.4413760076622236
0.441695266980605
0.44185489663979566
0.4420943411285817
0.4423337856173677
0.4424934152765584
0.4426530449357491
0.4426530449357491
0.4428126745949397
0.4428924894245351
0.4428924894245351
0.4429723042541304
0.4429723042541304
0.4431319339133211
0.44345119323170246
0.44361082289089315
0.44361082289089315
0.4437704525500838
0.4437704525500838
0.4439300822092745
0.44400989703886984
0.44400989703886984
0.4440897118684652
0.4441695266980605
0.4442493415276558
0.4443291563572512
0.4444089711868465
0.4444089711868465
0.4444887860164419
0.4444887860164419
0.4445686008460372
0.44472823050522786
0.4450474898236092
0.44512730465320455
0.4453667491419906
0.4453667491419906
0.44544656397158594
0.44544656397158594
0.44544656397158594
0.44544656397158594
0.4456061936307766
0.44568600846037193
0.4457658232899673
0.4458456381195626
0.445925452949158
0.445925452949158
0.445925452949158
0.44600526777875327
0.44600526777875327
0.4460850826083486
0.44616489743794396
0.44616489743794396
0.44632452709713466
0.44640434192673
0.44640434192673
0.44656397158592065
0.44656397158592065
0.446643786415516
0.44688323090430204
0.44688323090430204
0.4470428605634927
0.44712267539308803
0.44728230505227873
0.44728230505227873
0.44728230505227873
0.44728230505227873
0.4473621198818741
0.44744193471146937
0.4475217495410647
0.4475217495410647
0.4476813792002554
0.4476813792002554
0.4479208236890414
0.4479208236890414
0.44800063851863675
0.44800063851863675
0.44800063851863675
0.4480804533482321
0.4480804533482321
0.4480804533482321
0.4480804533482321
0.4480804533482321
0.4480804533482321
0.44816026817782745
0.44831989783701814
0.44831989783701814
0.44831989783701814
0.44839971266661344
0.44839971266661344
0.44839971266661344
0.4484795274962088
0.44855934232580413
0.44871897198499483
0.44871897198499483
0.44871897198499483
0.4487987868145902
0.4489584164737808
0.44903823130337617
0.44903823130337617
0.44903823130337617
0.4491180461329715
0.4491180461329715
0.4493574906217575
0.44943730545135285
0.44943730545135285
0.4495171202809482
0.4495171202809482
0.4495171202809482
0.44959693511054355
0.4497565647697342
0.44983637959932954
0.44999600925852024
0.44999600925852024
0.4500758240881156
0.4500758240881156
0.4500758240881156
0.4500758240881156
0.4502354537473062
0.4503950834064969
0.45047489823609227
0.4505547130656876
0.4505547130656876
0.4505547130656876
0.45063452789528297
0.45063452789528297
0.45063452789528297
0.45071434272487826
0.4507941575544736
0.4507941575544736
0.4507941575544736
0.4509537872136643
0.45103360204325965
0.451113416872855
0.451113416872855
0.4511932317024503
0.45127304653204564
0.45143267619123634
0.4515124910208317
0.45159230585042703
0.45159230585042703
0.4517519355096177
0.4517519355096177
0.4517519355096177
0.451831750339213
0.451831750339213
0.451831750339213
0.451831750339213
0.45191156516880837
0.45191156516880837
0.4519913799984037
0.45207119482799907
0.4522308244871897
0.4522308244871897
0.4522308244871897
0.4522308244871897
0.4522308244871897
0.45231063931678506
0.45231063931678506
0.45231063931678506
0.4523904541463804
0.45247026897597575
0.45247026897597575
0.45247026897597575
0.4525500838055711
0.4525500838055711
0.4525500838055711
0.4526298986351664
0.4526298986351664
0.45270971346476174
0.45270971346476174
0.45270971346476174
0.4527895282943571
0.4527895282943571
0.45286934312395244
0.45302897278314314
0.45302897278314314
0.4531886024423338
0.4532684172719291
0.4533482321015245
0.4533482321015245
0.4534280469311198
0.4535078617607151
0.4535078617607151
0.4535078617607151
0.4535078617607151
0.4535078617607151
0.45358767659031046
0.45358767659031046
0.45358767659031046
0.4536674914199058
0.45374730624950116
0.45374730624950116
0.45390693590869186
0.45398675073828715
0.45398675073828715
0.45398675073828715
0.45398675073828715
0.45398675073828715
0.45398675073828715
0.4542261952270732
0.4542261952270732
0.4542261952270732
0.45430601005666854
0.45430601005666854
0.45430601005666854
0.4544656397158592
0.45454545454545453
0.4547050842046452
0.4547050842046452
0.4547848990342406
0.4547848990342406
0.4548647138638359
0.4549445286934312
0.45502434352302656
0.45502434352302656
0.45502434352302656
0.45518397318221726
0.45518397318221726
0.45518397318221726
0.45534360284140796
0.45534360284140796
0.45534360284140796
0.45534360284140796
0.45542341767100325
0.45542341767100325
0.4555032325005986
0.45558304733019395
0.45558304733019395
0.4556628621597893
0.45582249181898
0.45582249181898
0.45582249181898
0.45582249181898
0.45582249181898
0.45582249181898
0.4559023066485753
0.4559023066485753
0.456061936307766
0.456061936307766
0.45614175113736133
0.4562215659669567
0.4562215659669567
0.456301380796552
0.4563811956261473
0.4563811956261473
0.4563811956261473
0.4563811956261473
0.456540825285338
0.456540825285338
0.45662064011493336
0.4567004549445287
0.45686008460371935
0.4569398994333147
0.4569398994333147
0.4569398994333147
0.4569398994333147
0.4569398994333147
0.45701971426291005
0.4570995290925054
0.4570995290925054
0.45717934392210074
0.45717934392210074
0.45717934392210074
0.45717934392210074
0.45717934392210074
0.45717934392210074
0.45717934392210074
0.4573389735812914
0.4573389735812914
0.45741878841088673
0.45741878841088673
0.45741878841088673
0.45741878841088673
0.4574986032404821
0.4576582328996728
0.4576582328996728
0.4576582328996728
0.4576582328996728
0.4576582328996728
0.4576582328996728
0.4576582328996728
0.4576582328996728
0.45773804772926807
0.45773804772926807
0.4578178625588634
0.4578178625588634
0.4578178625588634
0.4578178625588634
0.4578178625588634
0.4579774922180541
0.4579774922180541
0.45805730704764946
0.45805730704764946
0.45805730704764946
0.4581371218772448
0.4581371218772448
0.4582169367068401
0.45829675153643545
0.45829675153643545
0.45829675153643545
0.45829675153643545
0.4583765663660308
0.45845638119562615
0.4585361960252215
0.4585361960252215
0.4585361960252215
0.45861601085481685
0.45861601085481685
0.45861601085481685
0.45861601085481685
0.45861601085481685
0.45861601085481685
0.4587756405140075
0.4589352701731982
0.4590948998323889
0.4590948998323889
0.4591747146619842
0.4592545294915795
0.4592545294915795
0.4592545294915795
0.4592545294915795
0.4592545294915795
0.45933434432117487
0.45933434432117487
0.45933434432117487
0.45933434432117487
0.4594141591507702
0.4594141591507702
0.4594141591507702
0.4594141591507702
0.4594141591507702
0.4594141591507702
0.4594141591507702
0.45949397398036557
0.4595737888099609
0.4595737888099609
0.4598132332987469
0.4598132332987469
0.4598132332987469
0.4598132332987469
0.4598132332987469
0.45989304812834225
0.45989304812834225
0.4599728629579376
0.4599728629579376
0.46005267778753295
0.46005267778753295
0.46005267778753295
0.46005267778753295
0.46013249261712824
0.46013249261712824
0.46013249261712824
0.46013249261712824
0.46013249261712824
0.46013249261712824
0.4602123074467236
0.46029212227631894
0.46029212227631894
0.46029212227631894
0.46029212227631894
0.46029212227631894
0.46029212227631894
0.46029212227631894
0.4603719371059143
0.4603719371059143
0.4603719371059143
0.4603719371059143
0.46045175193550963
0.46045175193550963
0.460531566765105
0.4606113815947003
0.4606113815947003
0.4606113815947003
0.4606113815947003
0.4606113815947003
0.4606911964242956
0.4606911964242956
0.46077101125389097
0.4608508260834863
0.4608508260834863
0.4608508260834863
0.46093064091308167
0.461010455742677
0.4610902705722723
0.46117008540186766
0.46132971506105835
0.46132971506105835
0.46132971506105835
0.46132971506105835
0.46132971506105835
0.4614095298906537
0.4614095298906537
0.4614095298906537
0.4614095298906537
0.4614095298906537
0.461489344720249
0.461489344720249
0.461489344720249
0.46156915954984434
0.46156915954984434
0.46156915954984434
0.46156915954984434
0.46156915954984434
0.46156915954984434
0.46156915954984434
0.46156915954984434
0.46156915954984434
0.46156915954984434
0.4616489743794397
0.4616489743794397
0.4616489743794397
0.4616489743794397
0.4616489743794397
0.4616489743794397
0.46172878920903504
0.46172878920903504
0.4618086040386304
0.4618086040386304
0.46188841886822574
0.46188841886822574
0.46188841886822574
0.46188841886822574
0.46188841886822574
0.46188841886822574
0.46188841886822574
0.46188841886822574
0.46196823369782103
0.46196823369782103
0.46196823369782103
0.4620480485274164
0.4621278633570117
0.4621278633570117
0.4621278633570117
0.4621278633570117
0.4621278633570117
0.4622076781866071
0.4622874930162024
0.4622874930162024
0.46236730784579777
0.46236730784579777
0.46236730784579777
0.46236730784579777
0.46236730784579777
0.46244712267539306
0.46244712267539306
0.46244712267539306
0.46244712267539306
0.46244712267539306
0.46244712267539306
0.46244712267539306
0.46244712267539306
0.46244712267539306
0.46244712267539306
0.46244712267539306
0.4625269375049884
0.4625269375049884
0.46260675233458376
0.46260675233458376
0.46276638199377446
0.46276638199377446
0.46276638199377446
0.46276638199377446
0.4628461968233698
0.4629260116529651
0.46300582648256045
0.46300582648256045
0.4630856413121558
0.4630856413121558
0.4630856413121558
0.4630856413121558
0.4630856413121558
0.4630856413121558
0.46316545614175114
0.4632452709713465
0.46332508580094184
0.46332508580094184
0.46340490063053713
0.46340490063053713
0.46340490063053713
0.46340490063053713
0.4636443451193232
0.4637241599489185
0.4637241599489185
0.46380397477851387
0.46380397477851387
0.46380397477851387
0.46380397477851387
0.46388378960810916
0.46388378960810916
0.4639636044377045
0.4639636044377045
0.4641232340968952
0.4641232340968952
0.4641232340968952
0.4641232340968952
0.4641232340968952
0.4641232340968952
0.4641232340968952
0.46420304892649056
0.46420304892649056
0.4643626785856812
0.46444249341527655
0.46444249341527655
0.4645223082448719
0.4645223082448719
0.4645223082448719
0.4646819379040626
0.46476175273365794
0.46476175273365794
0.46476175273365794
0.46476175273365794
0.46484156756325323
0.46484156756325323
0.46484156756325323
0.46484156756325323
0.46484156756325323
0.46484156756325323
0.46484156756325323
0.4649213823928486
0.4649213823928486
0.4649213823928486
0.46500119722244393
0.46500119722244393
0.4650810120520393
0.4651608268816346
0.4651608268816346
0.4651608268816346
0.4651608268816346
0.46524064171123
0.46524064171123
0.4654002713704206
0.4654002713704206
0.46548008620001596
0.4655599010296113
0.46563971585920666
0.46563971585920666
0.46563971585920666
0.46563971585920666
0.4657993455183973
0.4657993455183973
0.4657993455183973
0.4657993455183973
0.46587916034799265
0.46587916034799265
0.465958975177588
0.46603879000718335
0.46603879000718335
0.46603879000718335
0.46603879000718335
0.46603879000718335
0.46603879000718335
0.46603879000718335
0.4661186048367787
0.466198419666374
0.466198419666374
0.466198419666374
0.466198419666374
0.466198419666374
0.46627823449596933
0.4663580493255647
0.4663580493255647
0.4663580493255647
0.4663580493255647
0.4663580493255647
0.46643786415516003
0.4665176789847554
0.4665176789847554
0.4665176789847554
0.4665176789847554
0.4665176789847554
0.4665176789847554
0.4665176789847554
0.46659749381435073
0.46659749381435073
0.46659749381435073
0.46659749381435073
0.46659749381435073
0.466677308643946
0.46675712347354137
0.46675712347354137
0.4668369383031367
0.4668369383031367
0.4668369383031367
0.4668369383031367
0.4668369383031367
0.4668369383031367
0.4668369383031367
0.4668369383031367
0.46691675313273207
0.46691675313273207
0.46691675313273207
0.4669965679623274
0.4669965679623274
0.4669965679623274
0.4669965679623274
0.4669965679623274
0.4669965679623274
0.4669965679623274
0.4669965679623274
0.46707638279192276
0.46715619762151805
0.46715619762151805
0.46715619762151805
0.46715619762151805
0.46715619762151805
0.46715619762151805
0.46715619762151805
0.4672360124511134
0.4672360124511134
0.46731582728070875
0.46747545693989945
0.46747545693989945
0.4675552717694948
0.4675552717694948
0.4675552717694948
0.4675552717694948
0.4676350865990901
0.4676350865990901
0.4676350865990901
0.46771490142868544
0.46771490142868544
0.4677947162582808
0.46803416074706683
0.46803416074706683
0.46803416074706683
0.46803416074706683
0.46803416074706683
0.4681139755766621
0.4681139755766621
0.4681139755766621
0.4681139755766621
0.4681139755766621
0.4681139755766621
0.4681139755766621
0.4681139755766621
0.4681139755766621
0.4681139755766621
0.4681139755766621
0.4681139755766621
0.4681139755766621
0.4681139755766621
0.4682736052358528
0.4682736052358528
0.4682736052358528
0.4682736052358528
0.4682736052358528
0.4682736052358528
0.4682736052358528
0.4682736052358528
0.4682736052358528
0.4682736052358528
0.46835342006544817
0.46835342006544817
0.46835342006544817
0.46835342006544817
0.4684332348950435
0.4684332348950435
0.4684332348950435
0.4684332348950435
0.4684332348950435
0.46851304972463886
0.46851304972463886
0.46851304972463886
0.46851304972463886
0.46851304972463886
0.46851304972463886
0.46851304972463886
0.46851304972463886
0.46851304972463886
0.46851304972463886
0.46851304972463886
0.46859286455423416
0.46859286455423416
0.4686726793838295
0.4686726793838295
0.4686726793838295
0.4686726793838295
0.4686726793838295
0.4686726793838295
0.4686726793838295
0.4686726793838295
0.4686726793838295
0.46875249421342485
0.46875249421342485
0.46875249421342485
0.46875249421342485
0.46875249421342485
0.46875249421342485
0.46875249421342485
0.46875249421342485
0.46875249421342485
0.4688323090430202
0.4688323090430202
0.4688323090430202
0.4688323090430202
0.4688323090430202
0.4688323090430202
0.4688323090430202
0.4688323090430202
0.4688323090430202
0.4688323090430202
0.4688323090430202
0.46891212387261555
0.46891212387261555
0.4689919387022109
0.4689919387022109
0.4689919387022109
0.4689919387022109
0.4689919387022109
0.4689919387022109
0.4689919387022109
0.4689919387022109
0.4689919387022109
0.4689919387022109
0.4689919387022109
0.4690717535318062
0.46915156836140154
0.4692313831909969
0.4692313831909969
0.4692313831909969
0.4692313831909969
0.4692313831909969
0.4692313831909969
0.4692313831909969
0.4692313831909969
0.4692313831909969
0.4692313831909969
0.4692313831909969
0.4692313831909969
0.4692313831909969
0.4692313831909969
0.4692313831909969
0.4692313831909969
0.46931119802059224
0.46931119802059224
0.46931119802059224
0.46931119802059224
0.46931119802059224
0.46931119802059224
0.46931119802059224
0.46931119802059224
0.46931119802059224
0.46931119802059224
0.4693910128501876
0.4693910128501876
0.4693910128501876
0.4693910128501876
0.4693910128501876
0.4693910128501876
0.4694708276797829
0.4694708276797829
0.4694708276797829
0.4696304573389736
0.4696304573389736
0.4696304573389736
0.4696304573389736
0.4696304573389736
0.4696304573389736
0.4696304573389736
0.4696304573389736
0.4696304573389736
0.4696304573389736
0.4696304573389736
0.4696304573389736
0.4696304573389736
0.4696304573389736
0.4696304573389736
0.4697102721685689
0.4697102721685689
0.4697102721685689
0.4697102721685689
0.4697102721685689
0.46979008699816427
0.46979008699816427
0.4698699018277596
0.4698699018277596
0.4698699018277596
0.4698699018277596
0.4698699018277596
0.4699497166573549
0.47002953148695026
0.4701093463165456
0.4701093463165456
0.4701093463165456
0.47018916114614095
0.47018916114614095
0.47018916114614095
0.47018916114614095
0.47018916114614095
0.47018916114614095
0.47018916114614095
0.47018916114614095
0.47018916114614095
0.47018916114614095
0.47018916114614095
0.47018916114614095
0.47018916114614095
0.47018916114614095
0.47018916114614095
0.47018916114614095
0.47018916114614095
0.47018916114614095
0.47034879080533165
0.47042860563492694
0.47042860563492694
0.47042860563492694
0.47042860563492694
0.47042860563492694
0.47042860563492694
0.47042860563492694
0.47042860563492694
0.47042860563492694
0.47042860563492694
0.47042860563492694
0.47042860563492694
0.47042860563492694
0.47042860563492694
0.47042860563492694
0.47042860563492694
0.47042860563492694
0.47042860563492694
0.47042860563492694
0.47042860563492694
0.47042860563492694
0.47042860563492694
0.47042860563492694
0.47042860563492694
0.47042860563492694
0.47042860563492694
0.47042860563492694
0.47042860563492694
0.47042860563492694
0.47042860563492694
0.47042860563492694
0.4705084204645223
0.4705084204645223
0.4705084204645223
0.4705084204645223
0.4705084204645223
0.4705084204645223
0.47058823529411764
0.47058823529411764
