0.2784739404581371
0.3265224678745311
0.33985154441695264
0.3479926570356772
0.3531008061297789
0.3565328438023785
0.35932636283821534
0.3628382153404103
0.36595099369462847
0.36882432756006067
0.37249580972144625
0.3754489584164738
0.3780030329635246
0.3805571075105755
0.3823130337616729
0.38462766381993774
0.38622396041184454
0.387740442174156
0.3890174794476814
0.3904541463803975
0.39125229467635086
0.3919706281427089
0.39284859126825766
0.39348710990502034
0.3940458137121877
0.3948439620081411
0.3960411844520712
0.39636044377045254
0.3970787772368106
0.39779711070316864
0.3980365551919547
0.3982759996807407
0.3987548886583127
0.39907414797669405
0.3994732221246708
0.3997126666134568
0.4000319259318381
0.40027137042062416
0.40067044456860085
0.4009897038869822
0.40138877803495887
0.4020272966717216
0.40266581530848433
0.4027456301380797
0.403304333945247
0.4036235932636284
0.4040226674116051
0.4045015563891771
0.40458137121877247
0.40498044536674915
0.40537951951472584
0.4057785936627025
0.40601803815148857
0.4061776678106792
0.4061776678106792
0.40641711229946526
0.40665655678825124
0.4071354457658233
0.4073748902546093
0.4073748902546093
0.40745470508420467
0.40769414957299066
0.408013408891372
0.4081730385505627
0.4083326682097534
0.4083326682097534
0.40865192752813473
0.4088913720169207
0.4092106313353021
0.4094500758240881
0.40968952031287414
0.40992896480166013
0.41040785377923217
0.4106472982680182
0.4110463724159949
0.41112618724559025
0.4112858169047809
0.4116050762231623
0.41168489105275763
0.4117647058823529
0.41200415037113897
0.41216378003032966
0.41224359485992496
0.41240322451911565
0.4128821134966877
0.4128821134966877
0.41328118764466437
0.41328118764466437
0.4135206321334504
0.41368026179264106
0.41383989145183175
0.4139197062814271
0.41399952111102245
0.41407933594061774
0.41423896559980844
0.4143187804294038
0.4144784100885945
0.4146380397477851
0.41487748423657117
0.41487748423657117
0.4151967435549525
0.4153563732141432
0.4153563732141432
0.41551600287333385
0.41567563253252454
0.4159948918509059
0.4160747066805012
0.41639396599888256
0.41655359565807326
0.41655359565807326
0.41671322531726396
0.4167930401468593
0.4170324846356453
0.417192114294836
0.41727192912443134
0.41751137361321733
0.4175911884428127
0.417671003272408
0.41783063293159867
0.4180700774203847
0.4180700774203847
0.4182297070795754
0.4182297070795754
0.4182297070795754
0.4183095219091707
0.4183095219091707
0.41854896639795675
0.41854896639795675
0.4186287812275521
0.4186287812275521
0.41894804054593343
0.41894804054593343
0.41942692952350547
0.41942692952350547
0.4196663740122915
0.4197461888418868
0.4199058185010775
0.41998563333067285
0.42022507781945884
0.42022507781945884
0.4203048926490542
0.4203048926490542
0.42038470747864953
0.42054433713784023
0.42054433713784023
0.42054433713784023
0.4206241519674355
0.4209434112858169
0.42102322611541226
0.42102322611541226
0.4211828557746029
0.4211828557746029
0.42126267060419825
0.4213424854337936
0.4213424854337936
0.4213424854337936
0.4213424854337936
0.4215021150929843
0.4217415595817703
0.4217415595817703
0.421901189240961
0.42198100407055633
0.422380078218533
0.42253970787772366
0.42269933753691435
0.42285896719610505
0.4229387820257004
0.4230185968552957
0.42309841168489104
0.42309841168489104
0.42325804134408174
0.4233378561736771
0.4233378561736771
0.42341767100327243
0.4235773006624631
0.4236571154920584
0.42373693032165377
0.42373693032165377
0.42373693032165377
0.42373693032165377
0.4238167451512491
0.4238167451512491
0.4238167451512491
0.42397637481043976
0.42397637481043976
0.42397637481043976
0.42397637481043976
0.42397637481043976
0.4240561896400351
0.42413600446963046
0.42413600446963046
0.4242158192992258
0.4243754489584165
0.4244552637880118
0.42453507861760714
0.42453507861760714
0.4246148934472025
0.42469470827679784
0.4247745231063932
0.4247745231063932
0.4248543379359885
0.4248543379359885
0.42493415276558383
0.42493415276558383
0.4250937824247745
0.4251735972543699
0.4251735972543699
0.4252534120839652
0.4253332269135605
0.42541304174315586
0.4256524862319419
0.4258919307207279
0.42597174555032324
0.4262111900391093
0.4262111900391093
0.4262111900391093
0.4262910048687046
0.4262910048687046
0.42637081969829993
0.42637081969829993
0.42637081969829993
0.4264506345278953
0.4264506345278953
0.4265304493574906
0.426610264187086
0.426610264187086
0.4266900790166813
0.42684970867587196
0.42700933833506266
0.427089153164658
0.42716896799425336
0.427328597653444
0.42740841248303935
0.42740841248303935
0.42740841248303935
0.42740841248303935
0.42756804214223004
0.42780748663101603
0.42780748663101603
0.42796711629020673
0.42796711629020673
0.42828637560858807
0.4283661904381834
0.4283661904381834
0.42844600526777876
0.4285258200973741
0.4286056349269694
0.4287652645861601
0.42884507941575545
0.42900470907494614
0.42900470907494614
0.42908452390454144
0.42924415356373213
0.42940378322292283
0.4294835980525182
0.4294835980525182
0.4294835980525182
0.4294835980525182
0.4294835980525182
0.4294835980525182
0.4294835980525182
0.4296432277117088
0.4296432277117088
0.42972304254130417
0.4298028573708995
0.4298028573708995
0.4298028573708995
0.42988267220049486
0.42988267220049486
0.42988267220049486
0.4300423018596855
0.4300423018596855
0.43012211668928085
0.43012211668928085
0.43028174634847155
0.43044137600766225
0.43052119083725754
0.4306010056668529
0.4306010056668529
0.43068082049644824
0.43084045015563893
0.43084045015563893
0.4309202649852343
0.4309202649852343
0.4310000798148296
0.4310000798148296
0.4310000798148296
0.4310798946444249
0.4310798946444249
0.4312395243036156
0.43131933913321097
0.4314789687924016
0.4314789687924016
0.43171841328118765
0.43171841328118765
0.43187804294037835
0.43195785776997364
0.43195785776997364
0.43195785776997364
0.43195785776997364
0.432037672599569
0.4321973022587597
0.4321973022587597
0.4321973022587597
0.43227711708835503
0.43227711708835503
0.43227711708835503
0.43227711708835503
0.4323569319179504
0.432516561577141
0.43259637640673637
0.4326761912363317
0.43275600606592707
0.43283582089552236
0.43283582089552236
0.43283582089552236
0.43283582089552236
0.4329156357251177
0.4330752653843084
0.4330752653843084
0.4330752653843084
0.4330752653843084
0.4332348950434991
0.43339452470268974
0.43339452470268974
0.43339452470268974
0.43339452470268974
0.43339452470268974
0.4334743395322851
0.4334743395322851
0.4334743395322851
0.4336339691914758
0.43371378402107114
0.43379359885066643
0.4338734136802618
0.4339532285098571
0.4341128581690478
0.4341128581690478
0.4341128581690478
0.4341128581690478
0.4341128581690478
0.4341128581690478
0.43419267299864317
0.43419267299864317
0.43443211748742916
0.43443211748742916
0.43443211748742916
0.43443211748742916
0.43443211748742916
0.43443211748742916
0.4345119323170245
0.43459174714661986
0.43483119163540584
0.43483119163540584
0.43483119163540584
0.43499082129459654
0.4350706361241919
0.4350706361241919
0.4350706361241919
0.4350706361241919
0.4353100806129779
0.4353100806129779
0.4354697102721686
0.4354697102721686
0.4354697102721686
0.4354697102721686
0.4354697102721686
0.4355495251017639
0.43562933993135927
0.43562933993135927
0.43562933993135927
0.43562933993135927
0.43562933993135927
0.43562933993135927
0.43562933993135927
0.43562933993135927
0.43562933993135927
0.43562933993135927
0.43562933993135927
0.43570915476095456
0.43570915476095456
0.4357889695905499
0.43586878442014526
0.43586878442014526
0.43586878442014526
0.43602841407933596
0.43602841407933596
0.4361082289089313
0.4361082289089313
0.4361082289089313
0.4361082289089313
0.43626785856812195
0.4363476733977173
0.4363476733977173
0.4363476733977173
0.43642748822731264
0.43642748822731264
0.43658711788650334
0.43666693271609863
0.436746747545694
0.4369063772048847
0.4370660068640753
0.43714582169367067
0.437225636523266
0.437225636523266
0.437225636523266
0.437225636523266
0.437225636523266
0.43746508101205206
0.43746508101205206
0.43746508101205206
0.43746508101205206
0.43746508101205206
0.43746508101205206
0.43746508101205206
0.43746508101205206
0.43746508101205206
0.43746508101205206
0.4376247106712427
0.4376247106712427
0.4376247106712427
0.4376247106712427
0.4376247106712427
0.4376247106712427
0.4377843403304334
0.43786415516002875
0.43786415516002875
0.4379439699896241
0.4380237848192194
0.4381834144784101
0.43826322930800543
0.4384228589671961
0.4384228589671961
0.43858248862638677
0.43858248862638677
0.43858248862638677
0.43858248862638677
0.43874211828557746
0.43874211828557746
0.4388219331151728
0.4388219331151728
0.4388219331151728
0.43890174794476816
0.43890174794476816
0.43890174794476816
0.43890174794476816
0.4390613776039588
0.4390613776039588
0.4390613776039588
0.4390613776039588
0.4390613776039588
0.43914119243355415
0.4392210072631495
0.4393806369223402
0.4394604517519355
0.4394604517519355
0.4394604517519355
0.4394604517519355
0.43969989624072153
0.4397797110703169
0.4397797110703169
0.4397797110703169
0.43985952589991223
0.4399393407295075
0.44001915555910287
0.4400989703886982
0.4400989703886982
0.4400989703886982
0.44017878521829357
0.4402586000478889
0.4402586000478889
0.44033841487748426
0.44041822970707956
0.44041822970707956
0.4404980445366749
0.4404980445366749
0.44057785936627025
0.44057785936627025
0.4406576741958656
0.44073748902546095
0.44081730385505624
0.44081730385505624
0.44097693351424694
0.441216378003033
0.441216378003033
0.441216378003033
0.441216378003033
0.441216378003033
0.441216378003033
0.4413760076622236
0.4413760076622236
0.44145582249181897
0.4417750818102003
0.4417750818102003
0.4417750818102003
0.44185489663979566
0.4420943411285817
0.44217415595817705
0.44217415595817705
0.44217415595817705
0.44217415595817705
0.44217415595817705
0.44225397078777234
0.44225397078777234
0.4423337856173677
0.4423337856173677
0.44241360044696304
0.44241360044696304
0.44241360044696304
0.4424934152765584
0.4424934152765584
0.44257323010615374
0.4427328597653444
0.4427328597653444
0.4427328597653444
0.4428126745949397
0.4428126745949397
0.4428126745949397
0.4428126745949397
0.4428924894245351
0.4428924894245351
0.4428924894245351
0.4428924894245351
0.4429723042541304
0.44305211908372577
0.4432117487429164
0.44329156357251176
0.44329156357251176
0.44329156357251176
0.44345119323170246
0.44361082289089315
0.44369063772048845
0.4437704525500838
0.4437704525500838
0.4437704525500838
0.4437704525500838
0.44385026737967914
0.44385026737967914
0.44385026737967914
0.44385026737967914
0.44385026737967914
0.44385026737967914
0.44385026737967914
0.44385026737967914
0.44385026737967914
0.44385026737967914
0.44385026737967914
0.44385026737967914
0.44385026737967914
0.44385026737967914
0.44385026737967914
0.44385026737967914
0.4439300822092745
0.4440897118684652
0.4441695266980605
0.4443291563572512
0.4444887860164419
0.4444887860164419
0.4444887860164419
0.4445686008460372
0.4445686008460372
0.4445686008460372
0.4445686008460372
0.4445686008460372
0.4445686008460372
0.4445686008460372
0.4445686008460372
0.4445686008460372
0.4446484156756325
0.4446484156756325
0.4446484156756325
0.4448080453348232
0.44488786016441856
0.4449676749940139
0.4450474898236092
0.4450474898236092
0.4450474898236092
0.44512730465320455
0.44512730465320455
0.44512730465320455
0.44512730465320455
0.44512730465320455
0.44512730465320455
0.44512730465320455
0.44528693431239524
0.44528693431239524
0.44528693431239524
0.44528693431239524
0.44528693431239524
0.44528693431239524
0.44528693431239524
0.4453667491419906
0.4453667491419906
0.4453667491419906
0.4453667491419906
0.44544656397158594
0.44552637880118123
0.44552637880118123
0.44568600846037193
0.44568600846037193
0.44568600846037193
0.4457658232899673
0.4457658232899673
0.4458456381195626
0.4458456381195626
0.4458456381195626
0.4458456381195626
0.445925452949158
0.445925452949158
0.445925452949158
0.445925452949158
0.445925452949158
0.44600526777875327
0.44600526777875327
0.4460850826083486
0.4460850826083486
0.4460850826083486
0.4460850826083486
0.44616489743794396
0.44616489743794396
0.4462447122675393
0.4462447122675393
0.4462447122675393
0.44640434192673
0.4464841567563253
0.4464841567563253
0.4464841567563253
0.44656397158592065
0.446643786415516
0.44672360124511135
0.44672360124511135
0.4468034160747067
0.44688323090430204
0.44688323090430204
0.44688323090430204
0.44696304573389734
0.44696304573389734
0.44696304573389734
0.44696304573389734
0.44696304573389734
0.44712267539308803
0.44712267539308803
0.44712267539308803
0.44712267539308803
0.4472024902226834
0.4473621198818741
0.44744193471146937
0.44744193471146937
0.44744193471146937
0.44744193471146937
0.44744193471146937
0.44744193471146937
0.44744193471146937
0.4476813792002554
0.44776119402985076
0.44776119402985076
0.44776119402985076
0.44776119402985076
0.44776119402985076
0.44776119402985076
0.4478410088594461
0.4478410088594461
0.4478410088594461
0.4478410088594461
0.4478410088594461
0.4478410088594461
0.4479208236890414
0.44800063851863675
0.44800063851863675
0.44800063851863675
0.44800063851863675
0.44800063851863675
0.44800063851863675
0.44800063851863675
0.44800063851863675
0.44800063851863675
0.4480804533482321
0.4480804533482321
0.4480804533482321
0.4482400830074228
0.4482400830074228
0.4482400830074228
0.44831989783701814
0.44839971266661344
0.4484795274962088
0.4484795274962088
0.44855934232580413
0.44855934232580413
0.44855934232580413
0.44855934232580413
0.4486391571553995
0.4486391571553995
0.44871897198499483
0.44871897198499483
0.44871897198499483
0.44871897198499483
0.44871897198499483
0.44871897198499483
0.44871897198499483
0.44871897198499483
0.44871897198499483
0.44871897198499483
0.4487987868145902
0.4487987868145902
0.4487987868145902
0.4487987868145902
0.4487987868145902
0.44887860164418547
0.44887860164418547
0.44887860164418547
0.44887860164418547
0.44887860164418547
0.4489584164737808
0.4489584164737808
0.4491180461329715
0.4491180461329715
0.44919786096256686
0.44919786096256686
0.44919786096256686
0.44927767579216216
0.44927767579216216
0.4493574906217575
0.4493574906217575
0.4493574906217575
0.4493574906217575
0.4493574906217575
0.4493574906217575
0.44943730545135285
0.4495171202809482
0.44959693511054355
0.44959693511054355
0.44959693511054355
0.44959693511054355
0.44959693511054355
0.44959693511054355
0.44959693511054355
0.44959693511054355
0.4496767499401389
0.4497565647697342
0.44983637959932954
0.44983637959932954
0.4499161944289249
0.4499161944289249
0.4499161944289249
0.4500758240881156
0.4500758240881156
0.45015563891771093
0.45015563891771093
0.45015563891771093
0.45015563891771093
0.45015563891771093
0.4502354537473062
0.4503950834064969
0.4503950834064969
0.4503950834064969
0.4503950834064969
0.4503950834064969
0.45047489823609227
0.45047489823609227
0.45047489823609227
0.45047489823609227
0.45047489823609227
0.4505547130656876
0.4505547130656876
0.4505547130656876
0.4505547130656876
0.45071434272487826
0.45071434272487826
0.45071434272487826
0.4507941575544736
0.4507941575544736
0.4507941575544736
0.4507941575544736
0.4507941575544736
0.4507941575544736
0.4507941575544736
0.45087397238406896
0.45087397238406896
0.45087397238406896
0.45087397238406896
0.45087397238406896
0.45087397238406896
0.45103360204325965
0.45103360204325965
0.45103360204325965
0.45103360204325965
0.4511932317024503
0.45127304653204564
0.45127304653204564
0.45127304653204564
0.45127304653204564
0.45127304653204564
0.4515124910208317
0.45159230585042703
0.45159230585042703
0.45159230585042703
0.45159230585042703
0.45159230585042703
0.45159230585042703
0.45159230585042703
0.45159230585042703
0.45159230585042703
0.45159230585042703
0.4517519355096177
0.4517519355096177
0.4517519355096177
0.4517519355096177
0.4517519355096177
0.4517519355096177
0.4517519355096177
0.451831750339213
0.4519913799984037
0.45207119482799907
0.45207119482799907
0.45207119482799907
0.45207119482799907
0.45207119482799907
0.45207119482799907
0.45207119482799907
0.45207119482799907
0.45215100965759436
0.45215100965759436
0.45215100965759436
0.45215100965759436
0.45215100965759436
0.45215100965759436
0.45215100965759436
0.45215100965759436
0.4522308244871897
0.4522308244871897
0.45231063931678506
0.45231063931678506
0.45231063931678506
0.45231063931678506
0.45231063931678506
0.45231063931678506
0.45231063931678506
0.45231063931678506
0.45231063931678506
0.45231063931678506
0.45231063931678506
0.45231063931678506
0.4523904541463804
0.4523904541463804
0.45247026897597575
0.45247026897597575
0.45247026897597575
0.45247026897597575
0.45247026897597575
0.4525500838055711
0.4526298986351664
0.45270971346476174
0.45270971346476174
0.45270971346476174
0.4527895282943571
0.4527895282943571
0.4527895282943571
0.4527895282943571
0.4527895282943571
0.4527895282943571
0.4527895282943571
0.4527895282943571
0.4527895282943571
0.4527895282943571
0.4527895282943571
0.4527895282943571
0.4527895282943571
0.4527895282943571
0.45286934312395244
0.45286934312395244
0.45286934312395244
0.45286934312395244
0.45286934312395244
0.4529491579535478
0.45302897278314314
0.45302897278314314
0.45302897278314314
0.45302897278314314
0.45302897278314314
0.45310878761273843
0.4531886024423338
0.4531886024423338
0.4532684172719291
0.4532684172719291
0.4532684172719291
0.4532684172719291
0.4532684172719291
0.4533482321015245
0.4533482321015245
0.4533482321015245
0.4533482321015245
0.4533482321015245
0.4533482321015245
0.4533482321015245
0.4535078617607151
0.4535078617607151
0.4535078617607151
0.45358767659031046
0.45358767659031046
0.45358767659031046
0.45358767659031046
0.4536674914199058
0.4536674914199058
0.4536674914199058
0.4536674914199058
0.4536674914199058
0.4538271210790965
0.45390693590869186
0.45398675073828715
0.4540665655678825
0.4540665655678825
0.4540665655678825
0.4540665655678825
0.4540665655678825
0.4540665655678825
0.4540665655678825
0.4540665655678825
0.4540665655678825
0.4540665655678825
0.4540665655678825
0.45414638039747784
0.45414638039747784
0.45414638039747784
0.45414638039747784
0.4542261952270732
0.4542261952270732
0.45430601005666854
0.45430601005666854
0.45430601005666854
0.45430601005666854
0.4543858248862639
0.4543858248862639
0.4544656397158592
0.4544656397158592
0.45454545454545453
0.4546252693750499
0.4546252693750499
0.4546252693750499
0.4546252693750499
0.4546252693750499
0.4546252693750499
0.4546252693750499
0.4547050842046452
0.4547050842046452
0.4547050842046452
0.4547848990342406
0.4547848990342406
0.4547848990342406
0.4547848990342406
0.4549445286934312
0.4549445286934312
0.4549445286934312
0.4549445286934312
0.4549445286934312
0.4549445286934312
0.4549445286934312
0.4549445286934312
0.45502434352302656
0.45502434352302656
0.45502434352302656
0.4551041583526219
0.45518397318221726
0.45518397318221726
0.45518397318221726
0.45542341767100325
0.45542341767100325
0.45542341767100325
0.45542341767100325
0.45542341767100325
0.45542341767100325
0.45542341767100325
0.45542341767100325
0.4555032325005986
0.4555032325005986
0.4555032325005986
0.4555032325005986
0.45558304733019395
0.45558304733019395
0.45558304733019395
0.45558304733019395
0.45558304733019395
0.45558304733019395
0.45558304733019395
0.45558304733019395
0.45558304733019395
0.45558304733019395
0.45558304733019395
0.45558304733019395
0.45558304733019395
0.4556628621597893
0.45574267698938464
0.45574267698938464
0.45574267698938464
0.45574267698938464
0.45574267698938464
0.45574267698938464
0.45574267698938464
0.45582249181898
0.45582249181898
0.45582249181898
0.45582249181898
