0.16066725197541704
0.19434911006465
0.21150929842764785
0.22635485673238087
0.23401708037353341
0.2389655998084444
0.24343523026578337
0.247346156915955
0.24990023146300583
0.25221486152127065
0.2547689360683215
0.25676430680820495
0.2584404182297071
0.2595578258440418
0.26107430760635325
0.26267060419826005
0.2636283821534041
0.2647457897677388
0.26562375289328755
0.26618245670045493
0.266900790166813
0.2677787532923617
0.2687365312475058
0.26905579056588713
0.26969430920264986
0.2704126426690079
0.27097134647617527
0.271609865112938
0.27208875409051003
0.2726474578976774
0.27336579136403544
0.2736850506824168
0.27440338414877485
0.2753611621039189
0.2757602362518956
0.27647856971825363
0.276797829036635
0.2771969031846117
0.2775959773325884
0.27791523665096973
0.2783143107989464
0.2784739404581371
0.2786335701173278
0.2788730146061138
0.2791922739244952
0.2797509777316625
0.27999042222044856
0.2800702370500439
0.28015005187963926
0.2806289408572113
0.28078857051640194
0.2808683853459973
0.28110782983478333
0.28166653364195066
0.28206560778992734
0.2823050522787134
0.2826243115970947
0.28286375608588077
0.28286375608588077
0.2831830154042621
0.28350227472264344
0.28350227472264344
0.2837417192114295
0.2839811637002155
0.2841407933594062
0.28469949716657356
0.2847793119961689
0.28493894165535955
0.28525820097374094
0.28549764546252693
0.28549764546252693
0.285737089951313
0.28597653444009896
0.286215978928885
0.2862957937584803
0.28653523824726634
0.2866150530768617
0.2868544975656477
0.2868544975656477
0.2870939420544337
0.28725357171362437
0.2873333865432197
0.2877324606911964
0.28781227552079175
0.28797190517998245
0.28813153483917314
0.2882911644983638
0.28837097932795913
0.28853060898714983
0.28853060898714983
0.28853060898714983
0.2887700534759358
0.2891691276239125
0.28924894245350785
0.28956820177188924
0.2897278314310799
0.28980764626067523
0.2898874610902706
0.28996727591986593
0.29012690557905657
0.2902067204086519
0.2902067204086519
0.29028653523824727
0.29028653523824727
0.2903663500678426
0.29052597972703326
0.2906057945566286
0.29068560938622395
0.2907654242158193
0.29084523904541465
0.29084523904541465
0.29084523904541465
0.29084523904541465
0.2910048687046053
0.29108468353420064
0.29108468353420064
0.291164498363796
0.29124431319339134
0.29124431319339134
0.29124431319339134
0.29124431319339134
0.29124431319339134
0.2913241280229867
0.29140394285258203
0.2914837576821773
0.291643387341368
0.291643387341368
0.29172320217096337
0.29188283183015407
0.2920424614893447
0.2920424614893447
0.29212227631894006
0.2922020911485354
0.29228190597813075
0.29228190597813075
0.29228190597813075
0.29228190597813075
0.29228190597813075
0.29228190597813075
0.29228190597813075
0.2923617208077261
0.2924415356373214
0.29252135046691674
0.2926011652965121
0.2926011652965121
0.29268098012610744
0.29268098012610744
0.29268098012610744
0.29268098012610744
0.29268098012610744
0.29284060978529813
0.2929204246148934
0.2930002394444888
0.2930800542740841
0.2930800542740841
0.29315986910367947
0.2932396839332748
0.29331949876287017
0.2934791284220608
0.29355894325165616
0.2936387580812515
0.29371857291084685
0.29371857291084685
0.2937983877404422
0.2937983877404422
0.2937983877404422
0.2937983877404422
0.2937983877404422
0.2937983877404422
0.2937983877404422
0.29395801739963284
0.29395801739963284
0.29411764705882354
0.29411764705882354
0.2942772767180142
0.29435709154760953
0.2944369063772049
0.2945167212068002
0.2945965360363956
0.2945965360363956
0.2945965360363956
0.2946763508659909
0.29483598052518156
0.29483598052518156
0.29483598052518156
0.2949157953547769
0.2949157953547769
0.29539468433234894
0.295634128821135
0.295634128821135
0.295634128821135
0.295873573309921
0.295873573309921
0.2959533881395163
0.2959533881395163
0.2960332029691117
0.2961928326283023
0.296352462287493
0.296352462287493
0.296352462287493
0.296352462287493
0.29643227711708836
0.29643227711708836
0.29643227711708836
0.29643227711708836
0.29643227711708836
0.2965120919466837
0.2967515364354697
0.2967515364354697
0.2967515364354697
0.29683135126506505
0.29683135126506505
0.29683135126506505
0.29683135126506505
0.2969111660946604
0.2969111660946604
0.2970707957538511
0.2970707957538511
0.2970707957538511
0.2970707957538511
0.2970707957538511
0.2970707957538511
0.29723042541304173
0.2973102402426371
0.29739005507223243
0.2974698699018278
0.2974698699018278
0.2975496847314231
0.2975496847314231
0.2975496847314231
0.2976294995610184
0.2976294995610184
0.2976294995610184
0.2976294995610184
0.2976294995610184
0.29770931439061377
0.2977891292202091
0.2979487588793998
0.2980285737089951
0.2980285737089951
0.2980285737089951
0.29810838853859045
0.2981882033681858
0.2981882033681858
0.29826801819778115
0.2983478330273765
0.29842764785697184
0.29842764785697184
0.29842764785697184
0.29866709234575783
0.29882672200494853
0.2989065368345439
0.29898635166413917
0.29898635166413917
0.2990661664937345
0.2990661664937345
0.2990661664937345
0.2990661664937345
0.2990661664937345
0.2990661664937345
0.2990661664937345
0.2990661664937345
0.29914598132332987
0.2992257961529252
0.2992257961529252
0.2992257961529252
0.29930561098252056
0.29930561098252056
0.2993854258121159
0.2993854258121159
0.2993854258121159
0.2993854258121159
0.29954505547130655
0.29954505547130655
0.29954505547130655
0.29954505547130655
0.2996248703009019
0.29986431478968795
0.29986431478968795
0.29986431478968795
0.29986431478968795
0.29986431478968795
0.29986431478968795
0.29994412961928324
0.29994412961928324
0.29994412961928324
0.29994412961928324
0.29994412961928324
0.29994412961928324
0.29994412961928324
0.29994412961928324
0.3000239444488786
0.30010375927847394
0.30010375927847394
0.30010375927847394
0.3001835741080693
0.3001835741080693
0.30026338893766463
0.30026338893766463
0.30026338893766463
0.30034320376726
0.30034320376726
0.3004230185968553
0.3004230185968553
0.3004230185968553
0.3004230185968553
0.3005028334264506
0.3005028334264506
0.3005028334264506
0.30058264825604597
0.30058264825604597
0.30058264825604597
0.3006624630856413
0.30074227791523667
0.30074227791523667
0.3009019075744273
0.3009019075744273
0.3009019075744273
0.3009019075744273
0.3009019075744273
0.3009019075744273
0.3009019075744273
0.3009019075744273
0.301061537233618
0.301061537233618
0.301061537233618
0.30114135206321335
0.3012211668928087
0.30138079655199934
0.30138079655199934
0.30138079655199934
0.30138079655199934
0.30138079655199934
0.30154042621119004
0.30154042621119004
0.3016202410407854
0.30170005587038073
0.3017798706999761
0.3017798706999761
0.3017798706999761
0.3017798706999761
0.3018596855295714
0.3018596855295714
0.3019395003591667
0.30201931518876207
0.30201931518876207
0.30201931518876207
0.30201931518876207
0.30201931518876207
0.30225875967754806
0.30225875967754806
0.3023385745071434
0.30241838933673876
0.3024982041663341
0.3024982041663341
0.30257801899592945
0.30257801899592945
0.3026578338255248
0.3026578338255248
0.3026578338255248
0.3027376486551201
0.3027376486551201
0.3027376486551201
0.3027376486551201
0.30281746348471544
0.30281746348471544
0.30281746348471544
0.30281746348471544
0.30281746348471544
0.30281746348471544
0.3028972783143108
0.3030569079735015
0.30313672280309684
0.30313672280309684
0.30313672280309684
0.30313672280309684
0.30313672280309684
0.30313672280309684
0.30313672280309684
0.30321653763269213
0.30321653763269213
0.30321653763269213
0.30321653763269213
0.3032963524622875
0.3032963524622875
0.3032963524622875
0.3032963524622875
0.3032963524622875
0.3032963524622875
0.3032963524622875
0.3032963524622875
0.3032963524622875
0.3032963524622875
0.3032963524622875
0.3032963524622875
0.3033761672918828
0.3033761672918828
0.3033761672918828
0.3033761672918828
0.3033761672918828
0.3034559821214782
0.3034559821214782
0.3035357969510735
0.3035357969510735
0.3035357969510735
0.3035357969510735
0.3035357969510735
0.3035357969510735
0.3035357969510735
0.30361561178066887
0.30369542661026416
0.30369542661026416
0.30369542661026416
0.30369542661026416
0.30369542661026416
0.3037752414398595
0.3037752414398595
0.3037752414398595
0.30385505626945486
0.30385505626945486
0.3039348710990502
0.30401468592864556
0.30401468592864556
0.30401468592864556
0.30401468592864556
0.30401468592864556
0.30401468592864556
0.30401468592864556
0.3040945007582409
0.3040945007582409
0.3040945007582409
0.3040945007582409
0.3040945007582409
0.3041743155878362
0.3041743155878362
0.3043339452470269
0.3043339452470269
0.3043339452470269
0.3043339452470269
0.3043339452470269
0.3043339452470269
0.30441376007662224
0.30441376007662224
0.3044935749062176
0.3044935749062176
0.3044935749062176
0.3044935749062176
0.3044935749062176
0.3044935749062176
0.3044935749062176
0.3044935749062176
0.30457338973581294
0.30465320456540823
0.30465320456540823
0.30465320456540823
0.3047330193950036
0.3047330193950036
0.3047330193950036
0.3047330193950036
0.3048128342245989
0.3048128342245989
0.3048128342245989
0.3048128342245989
0.3048128342245989
0.3048128342245989
0.3048128342245989
0.3048128342245989
0.3048128342245989
0.3048128342245989
0.3048926490541943
0.3049724638837896
0.3049724638837896
0.3049724638837896
0.3049724638837896
0.3049724638837896
0.3049724638837896
0.3049724638837896
0.3049724638837896
0.3049724638837896
0.3049724638837896
0.3049724638837896
0.3049724638837896
0.3049724638837896
0.3049724638837896
0.3049724638837896
0.3049724638837896
0.3049724638837896
0.3049724638837896
0.3049724638837896
0.3049724638837896
0.3049724638837896
0.305052278713385
0.305052278713385
0.305052278713385
0.305052278713385
0.305052278713385
0.305052278713385
0.30513209354298026
0.30513209354298026
0.30513209354298026
0.30513209354298026
0.30513209354298026
0.30513209354298026
0.30513209354298026
0.30513209354298026
0.30513209354298026
0.3052119083725756
0.3052119083725756
0.3052119083725756
0.3052119083725756
0.3052119083725756
0.3052119083725756
0.3052119083725756
0.3053715380317663
0.30545135286136166
0.3056109825205523
0.3056109825205523
0.3056109825205523
0.3056109825205523
0.3056109825205523
0.3056109825205523
0.3056109825205523
0.3056109825205523
0.3056109825205523
0.3056109825205523
0.3056109825205523
0.3056109825205523
0.3056109825205523
0.3056109825205523
0.30569079735014765
0.30569079735014765
0.305770612179743
0.305770612179743
0.305770612179743
0.305770612179743
0.305770612179743
0.305770612179743
0.305770612179743
0.305770612179743
0.305770612179743
0.305770612179743
0.30585042700933834
0.30585042700933834
0.30585042700933834
0.30585042700933834
0.30585042700933834
0.30585042700933834
0.30585042700933834
0.30585042700933834
0.3059302418389337
0.3059302418389337
0.3059302418389337
0.30601005666852904
0.30601005666852904
0.30601005666852904
0.30601005666852904
0.30601005666852904
0.30601005666852904
0.30601005666852904
0.30601005666852904
0.30601005666852904
0.30608987149812433
0.3061696863277197
0.3061696863277197
0.3061696863277197
0.3061696863277197
0.3061696863277197
0.3061696863277197
0.3061696863277197
0.3061696863277197
0.3061696863277197
0.3061696863277197
0.3061696863277197
0.30624950115731503
0.30624950115731503
0.30624950115731503
0.30624950115731503
0.30624950115731503
0.30624950115731503
0.3063293159869104
0.3063293159869104
0.3064091308165057
0.3064091308165057
0.3064091308165057
0.3064091308165057
0.3064091308165057
0.3064091308165057
0.306488945646101
0.30656876047569637
0.30656876047569637
0.30656876047569637
0.3066485753052917
0.3066485753052917
0.3066485753052917
0.3066485753052917
0.3066485753052917
0.3066485753052917
0.3066485753052917
0.3066485753052917
0.3066485753052917
0.3066485753052917
0.3066485753052917
0.3066485753052917
0.3066485753052917
0.3066485753052917
0.3066485753052917
0.3066485753052917
0.3066485753052917
0.3066485753052917
0.30672839013488706
0.30672839013488706
0.30672839013488706
0.30672839013488706
0.30672839013488706
0.3068082049644824
0.3068082049644824
0.3068082049644824
0.30688801979407776
0.30688801979407776
0.30688801979407776
0.30696783462367305
0.30696783462367305
0.30696783462367305
0.30696783462367305
0.3070476494532684
0.3070476494532684
0.3070476494532684
0.3070476494532684
0.3070476494532684
0.3070476494532684
0.3070476494532684
0.30712746428286375
0.30712746428286375
0.30712746428286375
0.30712746428286375
0.3072072791124591
0.3073669087716498
0.3073669087716498
0.3073669087716498
0.3073669087716498
0.3074467236012451
0.3074467236012451
0.3074467236012451
0.3074467236012451
0.3074467236012451
0.3074467236012451
0.3074467236012451
0.30752653843084043
0.30752653843084043
0.30752653843084043
0.30752653843084043
0.30752653843084043
0.30752653843084043
0.30752653843084043
0.30752653843084043
0.30752653843084043
0.30752653843084043
0.30752653843084043
0.30752653843084043
0.30752653843084043
0.30752653843084043
0.30752653843084043
0.30752653843084043
0.30752653843084043
0.30752653843084043
0.30752653843084043
0.30752653843084043
0.30752653843084043
0.30752653843084043
0.30752653843084043
0.30752653843084043
0.30752653843084043
0.30752653843084043
0.30752653843084043
0.30752653843084043
0.30752653843084043
0.30752653843084043
0.3076063532604358
0.30768616809003113
0.30768616809003113
0.30768616809003113
0.30768616809003113
0.3077659829196265
0.3077659829196265
0.3077659829196265
0.3077659829196265
0.3077659829196265
0.3077659829196265
0.3077659829196265
0.30784579774922183
0.30784579774922183
0.3079256125788171
0.3079256125788171
0.30800542740841247
0.30800542740841247
0.30800542740841247
0.30800542740841247
0.30800542740841247
0.30800542740841247
0.30800542740841247
0.30800542740841247
0.30800542740841247
0.30800542740841247
0.3080852422380078
0.30816505706760317
0.30816505706760317
0.30816505706760317
0.30816505706760317
0.30816505706760317
0.30816505706760317
0.30816505706760317
0.30816505706760317
0.30816505706760317
0.3082448718971985
0.30832468672679386
0.30840450155638915
0.30840450155638915
0.30840450155638915
0.30840450155638915
0.30840450155638915
0.30840450155638915
0.30840450155638915
0.30840450155638915
0.30840450155638915
0.30840450155638915
0.30840450155638915
0.30840450155638915
0.30840450155638915
0.30840450155638915
0.30840450155638915
0.30840450155638915
0.30840450155638915
0.30840450155638915
0.30840450155638915
0.30840450155638915
0.30840450155638915
0.30840450155638915
0.30840450155638915
0.30840450155638915
0.30840450155638915
0.30840450155638915
0.30840450155638915
0.30840450155638915
0.30840450155638915
0.3084843163859845
0.3084843163859845
0.3084843163859845
0.3084843163859845
0.3084843163859845
0.3084843163859845
0.3084843163859845
0.3084843163859845
0.3084843163859845
0.3084843163859845
0.3084843163859845
0.30856413121557985
0.30856413121557985
0.30856413121557985
0.30856413121557985
0.3086439460451752
0.3086439460451752
0.30872376087477055
0.30872376087477055
0.30872376087477055
0.30872376087477055
0.30872376087477055
0.30872376087477055
0.30872376087477055
0.3088035757043659
0.3088833905339612
0.3088833905339612
0.3088833905339612
0.30896320536355654
0.30896320536355654
0.30896320536355654
0.30896320536355654
0.30896320536355654
0.3090430201931519
0.3090430201931519
0.3090430201931519
0.3090430201931519
0.3090430201931519
0.30912283502274723
0.30912283502274723
0.30912283502274723
0.30912283502274723
0.30912283502274723
0.30912283502274723
0.30912283502274723
0.30912283502274723
0.30912283502274723
0.30912283502274723
0.30912283502274723
0.3092026498523426
0.3092026498523426
0.3092026498523426
0.3092026498523426
0.3092026498523426
0.3092026498523426
0.30928246468193793
0.30928246468193793
0.3093622795115332
0.3093622795115332
0.30944209434112857
0.30944209434112857
0.30944209434112857
0.30944209434112857
0.30944209434112857
0.30944209434112857
0.30944209434112857
0.30944209434112857
0.30944209434112857
0.3095219091707239
0.3095219091707239
0.3095219091707239
0.3095219091707239
0.3095219091707239
0.3095219091707239
0.3095219091707239
0.3095219091707239
0.3095219091707239
0.3095219091707239
0.3095219091707239
0.3095219091707239
0.3095219091707239
0.3095219091707239
0.3095219091707239
0.3095219091707239
0.3095219091707239
0.3095219091707239
0.3095219091707239
0.3095219091707239
0.3095219091707239
0.3095219091707239
0.30960172400031927
0.30960172400031927
0.30960172400031927
0.3096815388299146
0.3096815388299146
0.3096815388299146
0.3096815388299146
0.3096815388299146
0.3096815388299146
0.3096815388299146
0.30976135365950996
0.30976135365950996
0.30976135365950996
0.30976135365950996
0.30976135365950996
0.30976135365950996
0.30976135365950996
0.3099209833187006
0.3099209833187006
0.3099209833187006
0.3099209833187006
0.3099209833187006
0.3099209833187006
0.3099209833187006
0.3099209833187006
0.31000079814829595
0.3100806129778913
0.3100806129778913
0.3100806129778913
0.3100806129778913
0.3100806129778913
0.31016042780748665
0.31024024263708194
0.31024024263708194
0.31024024263708194
0.3103200574666773
0.3103200574666773
0.3103200574666773
0.3103200574666773
0.3103200574666773
0.3103200574666773
0.3103200574666773
0.3103200574666773
0.3103200574666773
0.31039987229627264
0.31039987229627264
0.31039987229627264
0.31039987229627264
0.31039987229627264
0.31039987229627264
0.31039987229627264
0.31039987229627264
0.31039987229627264
0.31039987229627264
0.31039987229627264
0.310479687125868
0.310479687125868
0.310479687125868
0.310479687125868
0.310479687125868
0.310479687125868
0.310479687125868
0.310479687125868
0.310479687125868
0.31055950195546334
0.31055950195546334
0.31055950195546334
0.31055950195546334
0.31055950195546334
0.31055950195546334
0.31055950195546334
0.31055950195546334
0.31055950195546334
0.31055950195546334
0.31055950195546334
0.31055950195546334
0.31055950195546334
0.31055950195546334
0.31055950195546334
0.31055950195546334
0.31055950195546334
0.31055950195546334
0.31055950195546334
0.31055950195546334
0.31055950195546334
0.31055950195546334
0.3106393167850587
0.3106393167850587
0.3106393167850587
0.310719131614654
0.310719131614654
0.3107989464442493
0.3107989464442493
0.3107989464442493
0.3107989464442493
0.3107989464442493
0.3107989464442493
0.3107989464442493
0.3107989464442493
0.3107989464442493
0.3107989464442493
0.3107989464442493
0.3108787612738447
0.3108787612738447
0.3108787612738447
0.3108787612738447
0.3108787612738447
0.3108787612738447
0.3108787612738447
0.3108787612738447
0.3108787612738447
0.3108787612738447
0.3108787612738447
0.3108787612738447
0.3108787612738447
0.3108787612738447
0.3108787612738447
0.3108787612738447
0.3108787612738447
0.3108787612738447
0.31095857610344
0.31095857610344
0.31095857610344
0.31095857610344
0.31095857610344
0.31095857610344
0.31095857610344
0.31103839093303537
0.31103839093303537
0.31103839093303537
0.31103839093303537
0.31103839093303537
0.31103839093303537
0.31103839093303537
0.31103839093303537
0.3111182057626307
0.311198020592226
0.311198020592226
0.311198020592226
0.311198020592226
0.311198020592226
0.311198020592226
0.311198020592226
0.311198020592226
0.311198020592226
0.311198020592226
0.311198020592226
0.311198020592226
0.31127783542182136
0.31127783542182136
0.31127783542182136
0.31127783542182136
0.31127783542182136
0.31127783542182136
0.31127783542182136
0.31127783542182136
0.31127783542182136
0.31127783542182136
0.31127783542182136
0.31127783542182136
0.3113576502514167
0.3113576502514167
0.3113576502514167
0.3113576502514167
0.3113576502514167
0.31143746508101205
0.31143746508101205
