0.20983318700614575
0.2453507861760715
0.26706041982600365
0.28270412642669007
0.28964801660148454
0.2941974618884189
0.2974698699018278
0.3001835741080693
0.3019395003591667
0.30297709314390614
0.3043339452470269
0.3052119083725756
0.30624950115731503
0.30712746428286375
0.30800542740841247
0.30840450155638915
0.3088833905339612
0.30944209434112857
0.30984116848910526
0.3103200574666773
0.3107989464442493
0.311198020592226
0.3113576502514167
0.31159709474020275
0.3117567243993934
0.31199616888817944
0.31247505786575147
0.31271450235453746
0.31287413201372816
0.3133530209913002
0.3137520951392769
0.3139117247984676
0.3139915396280629
0.31415116928725356
0.31431079894644426
0.31470987309442094
0.31486950275361164
0.31486950275361164
0.31494931758320693
0.3150291324128023
0.315188762071993
0.31542820656077897
0.315907095538351
0.31598691036794635
0.3162263548567324
0.3162263548567324
0.3162263548567324
0.31654561417511373
0.3166254290047091
0.31670524383430443
0.3169446883230904
0.31702450315268577
0.3171043179822811
0.31718413281187646
0.3173437624710671
0.3173437624710671
0.3173437624710671
0.3176630217894485
0.3176630217894485
0.3176630217894485
0.31782265144863914
0.3179024662782345
0.3179024662782345
0.3179024662782345
0.3179024662782345
0.3179024662782345
0.3180620959374252
0.3180620959374252
0.3180620959374252
0.3180620959374252
0.3182217255966159
0.31830154042621117
0.3183813552558065
0.31846117008540187
0.3185409849149972
0.31862079974459256
0.31870061457418786
0.31870061457418786
0.3187804294037832
0.31886024423337855
0.3189400590629739
0.3189400590629739
0.3189400590629739
0.3190996887221646
0.3190996887221646
0.3191795035517599
0.3193391332109506
0.3193391332109506
0.31941894804054594
0.3194987628701413
0.31957857769973663
0.3196583925293319
0.31989783701811797
0.31989783701811797
0.32005746667730867
0.32005746667730867
0.32005746667730867
0.32005746667730867
0.32013728150690396
0.3202170963364993
0.32037672599569
0.32037672599569
0.32037672599569
0.32037672599569
0.32045654082528535
0.32045654082528535
0.3205363556548807
0.320616170484476
0.320616170484476
0.3207758001436667
0.32085561497326204
0.32085561497326204
0.3209354298028574
0.32101524463245273
0.32101524463245273
0.32101524463245273
0.32101524463245273
0.3211748742916434
0.3212546891212387
0.3212546891212387
0.3212546891212387
0.32133450395083407
0.32133450395083407
0.32133450395083407
0.32133450395083407
0.3214143187804294
0.32149413361002477
0.32157394843962006
0.32157394843962006
0.32173357809881076
0.32173357809881076
0.32173357809881076
0.3218133929284061
0.3218133929284061
0.3219730225875968
0.3219730225875968
0.3219730225875968
0.3219730225875968
0.3219730225875968
0.3219730225875968
0.3219730225875968
0.3219730225875968
0.3219730225875968
0.3219730225875968
0.3219730225875968
0.3219730225875968
0.3220528374171921
0.3220528374171921
0.3220528374171921
0.3220528374171921
0.32213265224678744
0.32213265224678744
0.3223720967355735
0.3223720967355735
0.3223720967355735
0.3223720967355735
0.3224519115651688
0.3224519115651688
0.3224519115651688
0.3226115412243595
0.3226115412243595
0.3226115412243595
0.3226115412243595
0.3226913560539548
0.3226913560539548
0.3227711708835502
0.3227711708835502
0.3227711708835502
0.3228509857131455
0.3228509857131455
0.3228509857131455
0.3228509857131455
0.3228509857131455
0.3229308005427408
0.3229308005427408
0.3229308005427408
0.32301061537233616
0.3230904302019315
0.3230904302019315
0.3230904302019315
0.3230904302019315
0.3230904302019315
0.3230904302019315
0.3230904302019315
0.3232500598611222
0.3232500598611222
0.3232500598611222
0.3232500598611222
0.3232500598611222
0.3232500598611222
0.32332987469071756
0.32332987469071756
0.32340968952031285
0.32340968952031285
0.32340968952031285
0.3234895043499082
0.3234895043499082
0.32356931917950355
0.32356931917950355
0.32356931917950355
0.32356931917950355
0.32356931917950355
0.32356931917950355
0.32356931917950355
0.32356931917950355
0.32356931917950355
0.3236491340090989
0.3236491340090989
0.3236491340090989
0.3236491340090989
0.3236491340090989
0.3236491340090989
0.32372894883869424
0.32372894883869424
0.3238087636682896
0.3238087636682896
0.3238087636682896
0.3238087636682896
0.3238087636682896
0.3238087636682896
0.3238087636682896
0.3238087636682896
0.3238087636682896
0.3238087636682896
0.3238087636682896
0.3238087636682896
0.3238087636682896
0.3238087636682896
0.3238087636682896
0.3238087636682896
0.3238087636682896
0.3238087636682896
0.3238087636682896
0.3238885784978849
0.3238885784978849
0.32396839332748023
0.32396839332748023
0.3240482081570756
0.3240482081570756
0.3241280229866709
0.3241280229866709
0.3241280229866709
0.3241280229866709
0.3241280229866709
0.3241280229866709
0.3242078378162663
0.3242078378162663
0.3242078378162663
0.3242078378162663
0.3242876526458616
0.3243674674754569
0.32444728230505226
0.32444728230505226
0.3245270971346476
0.3245270971346476
0.3245270971346476
0.3245270971346476
0.3245270971346476
0.3245270971346476
0.3245270971346476
0.3245270971346476
0.32460691196424296
0.32460691196424296
0.3246867267938383
0.32476654162343366
0.32476654162343366
0.32476654162343366
0.32476654162343366
0.32476654162343366
0.32484635645302895
0.32484635645302895
0.32484635645302895
0.32484635645302895
0.32484635645302895
0.32484635645302895
0.3249261712826243
0.3249261712826243
0.32500598611221965
0.32500598611221965
0.325085800941815
0.325085800941815
0.325085800941815
0.325085800941815
0.325085800941815
0.325085800941815
0.325085800941815
0.325085800941815
0.325085800941815
0.325085800941815
0.325085800941815
0.32516561577141034
0.3252454306010057
0.3252454306010057
0.3252454306010057
0.3252454306010057
0.3252454306010057
0.3252454306010057
0.325325245430601
0.325325245430601
0.325325245430601
0.325325245430601
0.325325245430601
0.325325245430601
0.325325245430601
0.325325245430601
0.325325245430601
0.325325245430601
0.325325245430601
0.325325245430601
0.325325245430601
0.32540506026019633
0.32540506026019633
0.32540506026019633
0.32540506026019633
0.32540506026019633
0.32540506026019633
0.3254848750897917
0.3254848750897917
0.3254848750897917
0.3254848750897917
0.3254848750897917
0.32556468991938703
0.32556468991938703
0.32556468991938703
0.32556468991938703
0.3257243195785777
0.3257243195785777
0.3257243195785777
0.3257243195785777
0.3257243195785777
0.325804134408173
0.325804134408173
0.325804134408173
0.325804134408173
0.325804134408173
0.32588394923776837
0.32588394923776837
0.32588394923776837
0.32588394923776837
0.32588394923776837
0.32588394923776837
0.3259637640673637
0.3259637640673637
0.3259637640673637
0.32604357889695906
0.32604357889695906
0.32604357889695906
0.32604357889695906
0.32604357889695906
0.32604357889695906
0.32604357889695906
0.32604357889695906
0.32604357889695906
0.32604357889695906
0.32604357889695906
0.3261233937265544
0.3261233937265544
0.32620320855614976
0.32628302338574505
0.32628302338574505
0.32628302338574505
0.32628302338574505
0.32628302338574505
0.32628302338574505
0.32628302338574505
0.32628302338574505
0.32628302338574505
0.32628302338574505
0.32628302338574505
0.32628302338574505
0.32628302338574505
0.3263628382153404
0.32644265304493575
0.32644265304493575
0.32644265304493575
0.3265224678745311
0.3265224678745311
0.3265224678745311
0.3265224678745311
0.32660228270412645
0.32668209753372174
0.32668209753372174
0.32668209753372174
0.32668209753372174
0.32668209753372174
0.32668209753372174
0.32668209753372174
0.32668209753372174
0.32668209753372174
0.3267619123633171
0.3267619123633171
0.3267619123633171
0.3267619123633171
0.3267619123633171
0.3267619123633171
0.3267619123633171
0.3267619123633171
0.3267619123633171
0.3267619123633171
0.32684172719291243
0.32684172719291243
0.32684172719291243
0.32684172719291243
0.32684172719291243
0.32684172719291243
0.3269215420225078
0.3269215420225078
0.32700135685210313
0.32700135685210313
0.32700135685210313
0.32700135685210313
0.32700135685210313
0.32700135685210313
0.32700135685210313
0.32700135685210313
0.32700135685210313
0.32700135685210313
0.32700135685210313
0.32700135685210313
0.32700135685210313
0.32700135685210313
0.32700135685210313
0.32700135685210313
0.32700135685210313
0.32700135685210313
0.32700135685210313
0.32700135685210313
0.32700135685210313
0.32700135685210313
0.32700135685210313
0.32700135685210313
0.32700135685210313
0.3270811716816985
0.3270811716816985
0.3270811716816985
0.3270811716816985
0.3270811716816985
0.3270811716816985
0.3270811716816985
0.3270811716816985
0.32716098651129377
0.32716098651129377
0.32716098651129377
0.32716098651129377
0.32716098651129377
0.32732061617048447
0.32732061617048447
0.32732061617048447
0.32732061617048447
0.32732061617048447
0.32732061617048447
0.3274004310000798
0.3274004310000798
0.3274004310000798
0.3274004310000798
0.3274004310000798
0.3274004310000798
0.3274004310000798
0.3274004310000798
0.3274004310000798
0.3274004310000798
0.3274004310000798
0.32748024582967517
0.3275600606592705
0.3275600606592705
0.3275600606592705
0.3275600606592705
0.3275600606592705
0.3275600606592705
0.3275600606592705
0.3275600606592705
0.3275600606592705
0.3275600606592705
0.3275600606592705
0.3276398754888658
0.3276398754888658
0.3276398754888658
0.3276398754888658
0.3276398754888658
0.3276398754888658
0.3276398754888658
0.3276398754888658
0.3276398754888658
0.3276398754888658
0.3276398754888658
0.32771969031846115
0.32787931997765185
0.32787931997765185
0.32787931997765185
0.32787931997765185
0.32787931997765185
0.32787931997765185
0.32787931997765185
0.32787931997765185
0.32787931997765185
0.32787931997765185
0.32787931997765185
0.3279591348072472
0.3279591348072472
0.3279591348072472
0.3279591348072472
0.3279591348072472
0.3279591348072472
0.3279591348072472
0.3279591348072472
0.3279591348072472
0.3279591348072472
0.32803894963684255
0.32803894963684255
0.32803894963684255
0.32803894963684255
0.32803894963684255
0.32803894963684255
0.3281985792960332
0.3281985792960332
0.3281985792960332
0.3281985792960332
0.3281985792960332
0.32827839412562854
0.32827839412562854
0.32827839412562854
0.32827839412562854
0.32827839412562854
0.32827839412562854
0.32827839412562854
0.32827839412562854
0.32827839412562854
0.3283582089552239
0.32843802378481923
0.32843802378481923
0.32843802378481923
0.32843802378481923
0.32843802378481923
0.3285178386144146
0.3285178386144146
0.3285178386144146
0.3285178386144146
0.3285178386144146
0.3285178386144146
0.3285178386144146
0.3285178386144146
0.3285178386144146
0.3285178386144146
0.3285178386144146
0.3285178386144146
0.3285178386144146
0.3285178386144146
0.3285178386144146
0.3285178386144146
0.3285178386144146
0.3285178386144146
0.3285178386144146
0.3285178386144146
0.3285178386144146
0.3285178386144146
0.3285178386144146
0.3285178386144146
0.3285178386144146
0.3285178386144146
0.3285178386144146
0.3285178386144146
0.3285178386144146
0.3285976534440099
0.3285976534440099
0.3285976534440099
0.3285976534440099
0.3285976534440099
0.3285976534440099
0.3285976534440099
0.3285976534440099
0.3285976534440099
0.3285976534440099
0.3285976534440099
0.3285976534440099
0.3285976534440099
0.3286774682736052
0.3286774682736052
0.3286774682736052
0.3286774682736052
0.3286774682736052
0.3286774682736052
0.3286774682736052
0.3286774682736052
0.32875728310320057
0.32891691276239127
0.32891691276239127
0.3289967275919866
0.3289967275919866
0.3289967275919866
0.3289967275919866
0.3289967275919866
0.3289967275919866
0.3290765424215819
0.32915635725117726
0.32915635725117726
0.32915635725117726
0.32915635725117726
0.32915635725117726
0.32915635725117726
0.32915635725117726
0.32915635725117726
0.32915635725117726
0.32915635725117726
0.32915635725117726
0.3292361720807726
0.3292361720807726
0.3292361720807726
0.32931598691036795
0.32931598691036795
0.32931598691036795
0.32931598691036795
0.32931598691036795
0.32931598691036795
0.32931598691036795
0.32931598691036795
0.3293958017399633
0.3293958017399633
0.3293958017399633
0.3293958017399633
0.32947561656955865
0.32947561656955865
0.32947561656955865
0.32947561656955865
0.32947561656955865
0.32947561656955865
0.32947561656955865
0.32947561656955865
0.32947561656955865
0.32947561656955865
0.32947561656955865
0.32947561656955865
0.32947561656955865
0.32947561656955865
0.32947561656955865
0.32947561656955865
0.32947561656955865
0.32947561656955865
0.32955543139915394
0.32955543139915394
0.32955543139915394
0.32955543139915394
0.32955543139915394
0.32955543139915394
0.32955543139915394
0.32955543139915394
0.32955543139915394
0.32955543139915394
0.32955543139915394
0.32955543139915394
0.32955543139915394
0.32955543139915394
0.32955543139915394
0.32955543139915394
0.32955543139915394
0.32955543139915394
0.32955543139915394
0.32955543139915394
0.32955543139915394
0.32955543139915394
0.32955543139915394
0.32955543139915394
0.32955543139915394
0.3296352462287493
0.3296352462287493
0.3296352462287493
0.3296352462287493
0.3296352462287493
0.3296352462287493
0.3296352462287493
0.3296352462287493
0.3296352462287493
0.3296352462287493
0.3296352462287493
0.3296352462287493
0.3296352462287493
0.32971506105834464
0.32971506105834464
0.32971506105834464
0.32971506105834464
0.32971506105834464
0.32971506105834464
0.32971506105834464
0.32971506105834464
0.32979487588794
0.32979487588794
0.32979487588794
0.32979487588794
0.32979487588794
0.32979487588794
0.32979487588794
0.32979487588794
0.32979487588794
0.32979487588794
0.32979487588794
0.32987469071753533
0.32987469071753533
0.32987469071753533
0.32987469071753533
0.3299545055471307
0.3299545055471307
0.3299545055471307
0.3299545055471307
0.330034320376726
0.330034320376726
0.330034320376726
0.330034320376726
0.330034320376726
0.330034320376726
0.330034320376726
0.330034320376726
0.330034320376726
0.330034320376726
0.330034320376726
0.330034320376726
0.330034320376726
0.3301141352063213
0.3301141352063213
0.3301141352063213
0.3301141352063213
0.3301141352063213
0.3301141352063213
0.3301141352063213
0.3301141352063213
0.3301141352063213
0.3301141352063213
0.3301141352063213
0.3301141352063213
0.3301141352063213
0.3301141352063213
0.3301939500359167
0.3301939500359167
0.330273764865512
0.330273764865512
0.330273764865512
0.330273764865512
0.33035357969510737
0.33035357969510737
0.33035357969510737
0.33035357969510737
0.33035357969510737
0.33035357969510737
0.33035357969510737
0.33035357969510737
0.33035357969510737
0.33035357969510737
0.33035357969510737
0.33035357969510737
0.33035357969510737
0.3304333945247027
0.3304333945247027
0.3304333945247027
0.3304333945247027
0.3304333945247027
0.3304333945247027
0.3304333945247027
0.3304333945247027
0.3304333945247027
0.3304333945247027
0.3304333945247027
0.3304333945247027
0.3304333945247027
0.3304333945247027
0.3304333945247027
0.3304333945247027
0.3304333945247027
0.3304333945247027
0.3304333945247027
0.3304333945247027
0.3304333945247027
0.3304333945247027
0.3304333945247027
0.3304333945247027
0.3304333945247027
0.3304333945247027
0.3304333945247027
0.3304333945247027
0.3304333945247027
0.3304333945247027
0.3304333945247027
0.3304333945247027
0.3304333945247027
0.3304333945247027
0.3304333945247027
0.3304333945247027
0.330513209354298
0.330513209354298
0.330513209354298
0.330513209354298
0.330513209354298
0.33059302418389336
0.33059302418389336
0.33059302418389336
0.3306728390134887
0.3306728390134887
0.3306728390134887
0.3306728390134887
0.33075265384308405
0.33075265384308405
0.33075265384308405
0.33075265384308405
0.33075265384308405
0.3308324686726794
0.3308324686726794
0.3308324686726794
0.3308324686726794
0.3308324686726794
0.3309122835022747
0.3309122835022747
0.3309122835022747
0.3309122835022747
0.3309122835022747
0.3309122835022747
0.3309122835022747
0.33099209833187004
0.33099209833187004
0.3310719131614654
0.3310719131614654
0.3310719131614654
0.3310719131614654
0.3310719131614654
0.3310719131614654
0.3310719131614654
0.3310719131614654
0.33115172799106074
0.33115172799106074
0.33115172799106074
0.33115172799106074
0.33115172799106074
0.33115172799106074
0.33115172799106074
0.33115172799106074
0.33115172799106074
0.33115172799106074
0.33115172799106074
0.33115172799106074
0.33115172799106074
0.33115172799106074
0.33115172799106074
0.33115172799106074
0.33115172799106074
0.33115172799106074
0.33115172799106074
0.3312315428206561
0.3312315428206561
0.3312315428206561
0.3312315428206561
0.3312315428206561
0.3312315428206561
0.3312315428206561
0.3312315428206561
0.3312315428206561
0.3312315428206561
0.33131135765025144
0.33131135765025144
0.33131135765025144
0.33131135765025144
0.33131135765025144
0.33131135765025144
0.33131135765025144
0.33131135765025144
0.33131135765025144
0.33131135765025144
0.33131135765025144
0.33131135765025144
0.33131135765025144
0.33131135765025144
0.33131135765025144
0.33131135765025144
0.33131135765025144
0.33131135765025144
0.33131135765025144
0.33131135765025144
0.33139117247984673
0.33139117247984673
0.3314709873094421
0.3314709873094421
0.3314709873094421
0.3314709873094421
0.3314709873094421
0.3315508021390374
0.3315508021390374
0.3315508021390374
0.3316306169686328
0.3316306169686328
0.3316306169686328
0.3316306169686328
0.3316306169686328
0.3316306169686328
0.3316306169686328
0.3316306169686328
0.3316306169686328
0.3316306169686328
0.3316306169686328
0.3316306169686328
0.3316306169686328
0.3316306169686328
0.3316306169686328
0.3316306169686328
0.3316306169686328
0.3317104317982281
0.3317104317982281
0.3317104317982281
0.3317104317982281
0.3317104317982281
0.3317104317982281
0.3317104317982281
0.3317104317982281
0.3317104317982281
0.3317104317982281
0.3317104317982281
0.3317104317982281
0.3317104317982281
0.3317104317982281
0.3317104317982281
0.3317104317982281
0.33179024662782347
0.33179024662782347
0.33187006145741876
0.33187006145741876
0.33187006145741876
0.33187006145741876
0.33187006145741876
0.33187006145741876
0.33187006145741876
0.3319498762870141
0.3319498762870141
0.3319498762870141
0.3319498762870141
0.3319498762870141
0.3319498762870141
0.3319498762870141
0.3319498762870141
0.3319498762870141
0.3319498762870141
0.3319498762870141
0.3319498762870141
0.3319498762870141
0.3319498762870141
0.3319498762870141
0.3319498762870141
0.3319498762870141
0.3319498762870141
0.3319498762870141
0.3319498762870141
0.3319498762870141
0.3319498762870141
0.3319498762870141
0.3319498762870141
0.3319498762870141
0.3319498762870141
0.3319498762870141
0.3319498762870141
0.3319498762870141
0.3319498762870141
0.3319498762870141
0.3319498762870141
0.3319498762870141
0.3319498762870141
0.3319498762870141
0.3319498762870141
0.33202969111660946
0.33202969111660946
0.33202969111660946
0.33202969111660946
0.33202969111660946
0.33202969111660946
0.33202969111660946
0.33202969111660946
0.33202969111660946
0.33202969111660946
0.33202969111660946
0.33202969111660946
0.33202969111660946
0.33202969111660946
0.33202969111660946
0.33202969111660946
0.33202969111660946
0.33202969111660946
0.33202969111660946
0.33202969111660946
0.3321095059462048
0.3321095059462048
0.3321095059462048
0.3321095059462048
0.3321095059462048
0.3321095059462048
0.3321095059462048
0.3321095059462048
0.3321095059462048
0.3321095059462048
0.3321095059462048
0.3321095059462048
0.33218932077580016
0.33218932077580016
0.33218932077580016
0.33218932077580016
0.33218932077580016
0.33218932077580016
0.33218932077580016
0.33218932077580016
