0.26856892010535555
0.3077699736611062
0.3291523665096975
0.3431039987229627
0.3499281666533642
0.35485673238087634
0.3582688163460771
0.3614534280469311
0.3641830952190917
0.3669885864793679
0.3694907813871817
0.37131055950195546
0.3738127544097693
0.3754050602601963
0.3763149493175832
0.37889296831351266
0.38018197781147733
0.3805610982520552
0.3812435150450954
0.3821534041024822
0.3830632931598691
0.3839731822172559
0.3851863676271051
0.3859446085082608
0.38693032165376323
0.38776438662303453
0.3883709793279591
0.3889775720328837
0.38988746109027056
0.39019075744273285
0.39079735014765743
0.39117647058823524
0.39170723920504424
0.3921621837337377
0.3928446005267779
0.39322372096735575
0.393527017319818
0.394057785936627
0.3946643786415516
0.39511932317024506
0.3959533881395163
0.3962566844919786
0.39663580493255646
0.3968632771969032
0.39716657354936546
0.39807646260675233
0.398303934871099
0.39891052757602363
0.39928964801660144
0.39944129619283264
0.39982041663341045
0.39997206480964165
0.4005028334264506
0.4008819538670285
0.40141272248383747
0.4018676670125309
0.40201931518876205
0.4021709633649932
0.4023984356293399
0.40255008380557106
0.4027017319818022
0.40308085242238006
0.4033083246867268
0.4037632692154202
0.4043698619203448
0.40459733418469146
0.40482480644903823
0.4049006305371538
0.40527975097773167
0.40565887141830953
0.4058863436826562
0.4063412882113496
0.406644584563812
0.40687205682815863
0.4070237050043898
0.40732700135685207
0.4074786495330832
0.4080094181498923
0.40823689041423894
0.4083127145023545
0.40854018676670123
0.40876765903104795
0.40876765903104795
0.40907095538351024
0.40929842764785695
0.40960172400031925
0.4100566685290127
0.4102083167052438
0.4102841407933594
0.41043578896959054
0.4105874371458217
0.410890733498284
0.411421502115093
0.41157315029132413
0.41164897437943965
0.4118764466437864
0.41202809482001757
0.4121039189081331
0.4122555670843642
0.41233139117247986
0.41240721526059543
0.41271051161305766
0.41293798387740444
0.4131654561417511
0.41339292840609787
0.41362040067044453
0.4138478729347913
0.41422699337536917
0.41445446563971583
0.41468193790406255
0.41490941016840927
0.4150610583446404
0.415136882432756
0.41521270652087156
0.41521270652087156
0.4155918269614494
0.415667651049565
0.41574347513768056
0.41581929922579614
0.41581929922579614
0.4158951233139117
0.4159709474020273
0.41604677149014285
0.416198419666374
0.416198419666374
0.416198419666374
0.41627424375448957
0.4164258919307207
0.4164258919307207
0.4165775401069518
0.4165775401069518
0.41665336419506743
0.416729188283183
0.4168050123712986
0.41710830872376087
0.41718413281187644
0.417259956899992
0.417259956899992
0.41756325325245425
0.41771490142868545
0.4180940218692633
0.4180940218692633
0.41824567004549446
0.41839731822172554
0.4184731423098411
0.41854896639795675
0.4186247904860723
0.4187006145741879
0.4187006145741879
0.4187764386623034
0.4187764386623034
0.4187764386623034
0.41892808683853455
0.4190039109266501
0.4190039109266501
0.41907973501476575
0.41923138319099684
0.419383031367228
0.419383031367228
0.41961050363157476
0.41961050363157476
0.41976215180780585
0.419913799984037
0.4199896240721526
0.4199896240721526
0.4199896240721526
0.4199896240721526
0.4199896240721526
0.4200654481602682
0.4201412722483837
0.42029292042461486
0.42036874451273043
0.4207478649533083
0.4207478649533083
0.42097533721765507
0.42097533721765507
0.42112698539388616
0.4212028094820017
0.4212028094820017
0.4212786335701173
0.4212786335701173
0.4213544576582329
0.4214302817463485
0.4214302817463485
0.421506105834464
0.421506105834464
0.4215819299225796
0.4215819299225796
0.4215819299225796
0.4218094021869263
0.42196105036315745
0.4221126985393886
0.42226434671561974
0.42226434671561974
0.42226434671561974
0.4223401708037353
0.4223401708037353
0.4224159948918509
0.42249181897996646
0.42256764306808203
0.42256764306808203
0.4227192912443132
0.4227951153324287
0.4228709394205443
0.4229467635086599
0.42302258759677547
0.42302258759677547
0.42309841168489104
0.42309841168489104
0.42325005986112213
0.42332588394923776
0.42332588394923776
0.42332588394923776
0.42332588394923776
0.42332588394923776
0.42332588394923776
0.42332588394923776
0.42340170803735333
0.42362918030170005
0.42378082847793114
0.42378082847793114
0.42385665256604677
0.42385665256604677
0.42385665256604677
0.42393247665416234
0.42393247665416234
0.4240083007422779
0.424159948918509
0.424159948918509
0.424159948918509
0.424159948918509
0.4242357730066246
0.4243874211828558
0.4243874211828558
0.4243874211828558
0.4245390693590869
0.42461489344720243
0.42461489344720243
0.424690717535318
0.424690717535318
0.424690717535318
0.4248423657115492
0.4248423657115492
0.4248423657115492
0.42499401388778035
0.42499401388778035
0.42499401388778035
0.42506983797589587
0.42506983797589587
0.42514566206401144
0.42529731024024264
0.42529731024024264
0.4254489584164738
0.4256006065927049
0.4257522547689361
0.42582807885705165
0.4259039029451672
0.4259039029451672
0.4260555511213983
0.4262071992976295
0.4262071992976295
0.4262071992976295
0.4262071992976295
0.4262830233857451
0.4262830233857451
0.42635884747386066
0.42651049565009175
0.4265863197382073
0.4265863197382073
0.4266621438263229
0.4266621438263229
0.4267379679144385
0.4268896160906696
0.4268896160906696
0.4268896160906696
0.4269654401787852
0.42704126426690076
0.42704126426690076
0.4271170883550163
0.42719291244313196
0.42719291244313196
0.42719291244313196
0.4274203847074786
0.42757203288370976
0.4276478569718254
0.4276478569718254
0.4277236810599409
0.4277236810599409
0.4277995051480565
0.4277995051480565
0.42787532923617205
0.42787532923617205
0.4279511533242876
0.4280269774124032
0.4280269774124032
0.4280269774124032
0.4280269774124032
0.4280269774124032
0.4280269774124032
0.4280269774124032
0.42810280150051877
0.42810280150051877
0.42810280150051877
0.42810280150051877
0.42810280150051877
0.42817862558863434
0.4282544496767499
0.4283302737648655
0.42840609785298106
0.42848192194109663
0.42848192194109663
0.42848192194109663
0.42848192194109663
0.42848192194109663
0.4285577460292122
0.4286335701173278
0.42870939420544335
0.4287852182935589
0.4288610423816745
0.4288610423816745
0.42893686646979007
0.42901269055790564
0.42901269055790564
0.42901269055790564
0.42901269055790564
0.4291643387341368
0.42924016282225236
0.42931598691036793
0.42931598691036793
0.4294676350865991
0.42954345917471465
0.4296192832628302
0.4296192832628302
0.4296951073509458
0.42977093143906137
0.42977093143906137
0.42977093143906137
0.42977093143906137
0.42977093143906137
0.42977093143906137
0.42977093143906137
0.42984675552717694
0.42984675552717694
0.4299225796152925
0.429998403703408
0.43007422779152366
0.43007422779152366
0.43015005187963923
0.43015005187963923
0.4302258759677548
0.4302258759677548
0.4303017000558704
0.4303017000558704
0.4303017000558704
0.4303017000558704
0.43037752414398595
0.43037752414398595
0.4305291723202171
0.4305291723202171
0.43060499640833266
0.43068082049644824
0.43068082049644824
0.4307566445845638
0.4308324686726793
0.4308324686726793
0.4309082927607949
0.4309082927607949
0.4309082927607949
0.4309841168489105
0.43113576502514167
0.43113576502514167
0.43113576502514167
0.43121158911325724
0.43121158911325724
0.43136323728948833
0.4314390613776039
0.4315907095538351
0.4315907095538351
0.4315907095538351
0.4315907095538351
0.4316665336419507
0.4317423577300662
0.4317423577300662
0.43181818181818177
0.43189400590629734
0.43196982999441297
0.4321214781706441
0.4321214781706441
0.4321214781706441
0.4321214781706441
0.4321214781706441
0.43219730225875963
0.43219730225875963
0.43219730225875963
0.43219730225875963
0.43219730225875963
0.4322731263468752
0.4322731263468752
0.4323489504349908
0.4323489504349908
0.4323489504349908
0.4323489504349908
0.4323489504349908
0.4324247745231064
0.432500598611222
0.43257642269933755
0.43265224678745307
0.4328797190517998
0.433031367228031
0.433031367228031
0.433031367228031
0.433031367228031
0.433031367228031
0.433031367228031
0.433031367228031
0.433031367228031
0.433031367228031
0.433031367228031
0.433031367228031
0.433031367228031
0.43325883949237765
0.43325883949237765
0.4333346635804932
0.4333346635804932
0.43341048766860885
0.43341048766860885
0.43341048766860885
0.43341048766860885
0.43341048766860885
0.43341048766860885
0.43341048766860885
0.4334863117567244
0.4334863117567244
0.4334863117567244
0.4334863117567244
0.4334863117567244
0.4334863117567244
0.4334863117567244
0.4334863117567244
0.43356213584483994
0.4336379599329555
0.43378960810918665
0.43378960810918665
0.43378960810918665
0.43378960810918665
0.43378960810918665
0.43378960810918665
0.43378960810918665
0.4338654321973023
0.43394125628541785
0.43394125628541785
0.43394125628541785
0.43394125628541785
0.43394125628541785
0.43394125628541785
0.43394125628541785
0.43394125628541785
0.43401708037353337
0.43401708037353337
0.43409290446164894
0.43409290446164894
0.43409290446164894
0.43409290446164894
0.4341687285497645
0.4341687285497645
0.4341687285497645
0.4341687285497645
0.4341687285497645
0.4341687285497645
0.4341687285497645
0.4342445526378801
0.4344720249022268
0.4344720249022268
0.4344720249022268
0.4344720249022268
0.4345478489903424
0.4345478489903424
0.4345478489903424
0.4347753212546891
0.4347753212546891
0.43485114534280467
0.43492696943092024
0.4350786176071514
0.4350786176071514
0.4350786176071514
0.4350786176071514
0.43515444169526696
0.43515444169526696
0.43523026578338253
0.43523026578338253
0.43523026578338253
0.43523026578338253
0.43523026578338253
0.43523026578338253
0.43523026578338253
0.4353060898714981
0.4353060898714981
0.43545773804772925
0.43545773804772925
0.43545773804772925
0.43545773804772925
0.4355335621358448
0.4355335621358448
0.4355335621358448
0.4355335621358448
0.4355335621358448
0.4355335621358448
0.4355335621358448
0.4355335621358448
0.4356093862239604
0.43568521031207597
0.43568521031207597
0.43568521031207597
0.43568521031207597
0.43576103440019154
0.43576103440019154
0.43576103440019154
0.4358368584883071
0.4359126825764227
0.4359126825764227
0.4359126825764227
0.4359126825764227
0.4359126825764227
0.4359126825764227
0.4359126825764227
0.4359126825764227
0.4359126825764227
0.4359126825764227
0.4359126825764227
0.4359126825764227
0.4359126825764227
0.4359126825764227
0.43598850666453826
0.4361401548407694
0.4361401548407694
0.4361401548407694
0.4361401548407694
0.4361401548407694
0.4361401548407694
0.4361401548407694
0.4362159789288849
0.4362159789288849
0.4362159789288849
0.4362159789288849
0.4362159789288849
0.4362159789288849
0.43629180301700055
0.43629180301700055
0.43629180301700055
0.4363676271051161
0.4364434511932317
0.4364434511932317
0.4364434511932317
0.4364434511932317
0.4364434511932317
0.4364434511932317
0.4364434511932317
0.4364434511932317
0.4364434511932317
0.43651927528134726
0.43651927528134726
0.43651927528134726
0.43651927528134726
0.43659509936946284
0.43659509936946284
0.43659509936946284
0.436746747545694
0.436746747545694
0.4368983957219251
0.4368983957219251
0.4369742198100407
0.4369742198100407
0.4369742198100407
0.43705004389815627
0.4371258679862718
0.4371258679862718
0.4372016920743874
0.437277516162503
0.437277516162503
0.437277516162503
0.437277516162503
0.437277516162503
0.437277516162503
0.43735334025061856
0.43735334025061856
0.43735334025061856
0.43735334025061856
0.43735334025061856
0.43735334025061856
0.43735334025061856
0.43735334025061856
0.43735334025061856
0.43742916433873413
0.43742916433873413
0.43742916433873413
0.4375049884268497
0.4375049884268497
0.4375049884268497
0.4375049884268497
0.4375049884268497
0.4375808125149652
0.4375808125149652
0.4375808125149652
0.4375808125149652
0.4376566366030808
0.4376566366030808
0.4377324606911964
0.43788410886742757
0.43788410886742757
0.43788410886742757
0.43788410886742757
0.43788410886742757
0.43788410886742757
0.43803575704365866
0.43811158113177423
0.43811158113177423
0.43811158113177423
0.43811158113177423
0.43811158113177423
0.43811158113177423
0.43818740521988986
0.4384148774842365
0.4384148774842365
0.4384148774842365
0.4384148774842365
0.4384148774842365
0.4384907015723521
0.4384907015723521
0.43856652566046767
0.43856652566046767
0.43856652566046767
0.43856652566046767
0.43856652566046767
0.43856652566046767
0.43856652566046767
0.43856652566046767
0.43856652566046767
0.43856652566046767
0.43856652566046767
0.4386423497485833
0.4386423497485833
0.4386423497485833
0.43879399792481444
0.43879399792481444
0.43879399792481444
0.43879399792481444
0.43886982201292996
0.43886982201292996
0.43886982201292996
0.43886982201292996
0.43886982201292996
0.43886982201292996
0.43886982201292996
0.43886982201292996
0.4390214701891611
0.4390214701891611
0.4390214701891611
0.4390214701891611
0.4390972942772767
0.4390972942772767
0.4390972942772767
0.4390972942772767
0.4390972942772767
0.4390972942772767
0.4390972942772767
0.4390972942772767
0.4390972942772767
0.4390972942772767
0.4391731183653923
0.4391731183653923
0.4391731183653923
0.4392489424535079
0.4393247665416234
0.43940059062973896
0.43947641471785454
0.43947641471785454
0.43947641471785454
0.43947641471785454
0.4395522388059701
0.4395522388059701
0.4395522388059701
0.4395522388059701
0.4395522388059701
0.4395522388059701
0.4395522388059701
0.4395522388059701
0.4395522388059701
0.4395522388059701
0.4395522388059701
0.4395522388059701
0.4395522388059701
0.4395522388059701
0.4395522388059701
0.4395522388059701
0.4395522388059701
0.4395522388059701
0.4395522388059701
0.4395522388059701
0.4395522388059701
0.43962806289408574
0.43962806289408574
0.4397797110703168
0.4397797110703168
0.4397797110703168
0.4397797110703168
0.4397797110703168
0.4397797110703168
0.4398555351584324
0.4398555351584324
0.4398555351584324
0.4398555351584324
0.43993135924654797
0.44000718333466354
0.44000718333466354
0.44000718333466354
0.44000718333466354
0.44000718333466354
0.44000718333466354
0.44000718333466354
0.44000718333466354
0.44008300742277917
0.44008300742277917
0.44008300742277917
0.44008300742277917
0.44015883151089474
0.44015883151089474
0.44015883151089474
0.44015883151089474
0.44015883151089474
0.44015883151089474
0.44015883151089474
0.44023465559901026
0.44031047968712583
0.4403863037752414
0.4403863037752414
0.440462127863357
0.440462127863357
0.440462127863357
0.440462127863357
0.440462127863357
0.44053795195147255
0.44053795195147255
0.44053795195147255
0.4406137760395882
0.4406137760395882
0.4406137760395882
0.4406137760395882
0.4406137760395882
0.4406137760395882
0.4406137760395882
0.4406137760395882
0.4406137760395882
0.4406137760395882
0.4406896001277037
0.4406896001277037
0.4406896001277037
0.44076542421581927
0.44076542421581927
0.44076542421581927
0.44076542421581927
0.44076542421581927
0.44076542421581927
0.44076542421581927
0.44076542421581927
0.44076542421581927
0.44076542421581927
0.44076542421581927
0.44076542421581927
0.44084124830393484
0.44084124830393484
0.44084124830393484
0.44084124830393484
0.44084124830393484
0.44084124830393484
0.44084124830393484
0.44084124830393484
0.44084124830393484
0.44084124830393484
0.4409170723920504
0.4409170723920504
0.4409170723920504
0.4409170723920504
0.4409170723920504
0.4409170723920504
0.4409170723920504
0.4409170723920504
0.4409170723920504
0.4409170723920504
0.4409170723920504
0.440992896480166
0.4410687205682816
0.4410687205682816
0.44114454465639713
0.44114454465639713
0.44114454465639713
0.44114454465639713
0.4412203687445127
0.4412203687445127
0.4412203687445127
0.4412203687445127
0.4412961928326283
0.4412961928326283
0.4412961928326283
0.4412961928326283
0.4414478410088594
0.44152366509697505
0.44152366509697505
0.44152366509697505
0.44152366509697505
0.44152366509697505
0.44152366509697505
0.44152366509697505
0.44152366509697505
0.44152366509697505
0.44152366509697505
0.44152366509697505
0.44152366509697505
0.44152366509697505
0.44152366509697505
0.44152366509697505
0.44152366509697505
0.44152366509697505
0.44152366509697505
0.44159948918509057
0.44167531327320614
0.44167531327320614
0.44167531327320614
0.4417511373613217
0.44190278553755286
0.44190278553755286
0.44190278553755286
0.44190278553755286
0.44190278553755286
0.44190278553755286
0.44190278553755286
0.44190278553755286
0.442054433713784
0.4421302578018996
0.44220608189001515
0.4422819059781307
0.4422819059781307
0.4423577300662463
0.4423577300662463
0.4423577300662463
0.4424335541543618
0.4424335541543618
0.4424335541543618
0.4424335541543618
0.442585202330593
0.4426610264187086
0.4426610264187086
0.44273685050682415
0.44273685050682415
0.44273685050682415
0.44273685050682415
0.44273685050682415
0.4428126745949397
0.44288849868305524
0.44288849868305524
0.44288849868305524
0.44288849868305524
0.44296432277117087
0.44296432277117087
0.44304014685928644
0.44304014685928644
0.44304014685928644
0.44304014685928644
0.44304014685928644
0.44304014685928644
0.44304014685928644
0.443115970947402
0.443115970947402
0.4431917950355176
0.4431917950355176
0.4431917950355176
0.4431917950355176
0.4431917950355176
0.4431917950355176
0.4431917950355176
0.4431917950355176
0.4431917950355176
0.4431917950355176
0.4431917950355176
0.4431917950355176
0.4431917950355176
0.4431917950355176
0.4431917950355176
0.4431917950355176
0.4431917950355176
0.4431917950355176
0.4431917950355176
0.44326761912363316
0.44326761912363316
0.44326761912363316
0.44326761912363316
0.44326761912363316
0.4434192672998643
0.4434192672998643
0.4434950913879799
0.4434950913879799
0.4434950913879799
0.44357091547609545
0.443646739564211
0.443646739564211
0.443646739564211
0.443646739564211
0.443646739564211
0.443646739564211
0.443646739564211
0.443646739564211
0.443646739564211
0.443646739564211
0.443646739564211
0.443646739564211
0.443646739564211
0.443646739564211
0.443646739564211
0.4437225636523266
0.4437225636523266
0.4437983877404421
0.4437983877404421
0.4437983877404421
0.4439500359166733
0.4439500359166733
0.4439500359166733
0.4439500359166733
0.4439500359166733
0.4439500359166733
0.4440258600047889
0.4440258600047889
0.4440258600047889
0.4440258600047889
0.4440258600047889
0.4440258600047889
0.44410168409290446
0.44410168409290446
0.44417750818102003
0.44417750818102003
0.44417750818102003
0.44425333226913555
0.4443291563572511
0.4443291563572511
0.4443291563572511
0.4443291563572511
0.44440498044536675
0.44440498044536675
0.4444808045334823
0.4444808045334823
0.4444808045334823
0.4444808045334823
0.4444808045334823
0.4444808045334823
0.4444808045334823
0.4445566286215979
0.4445566286215979
0.4445566286215979
0.4445566286215979
0.4445566286215979
0.4445566286215979
0.4445566286215979
0.4445566286215979
0.4445566286215979
0.4445566286215979
0.4445566286215979
0.44463245270971347
0.444708276797829
0.444708276797829
0.44478410088594456
0.4448599249740602
0.4448599249740602
0.4448599249740602
0.4448599249740602
0.4448599249740602
0.4448599249740602
0.4448599249740602
0.4448599249740602
0.4448599249740602
0.4448599249740602
0.4448599249740602
0.4448599249740602
0.4448599249740602
0.4448599249740602
0.44493574906217576
0.44493574906217576
0.44493574906217576
0.44493574906217576
0.44493574906217576
0.44493574906217576
0.44493574906217576
0.44493574906217576
0.44493574906217576
0.44501157315029133
0.4450873972384069
0.4450873972384069
0.4450873972384069
0.4451632213265224
0.445239045414638
0.445239045414638
0.4453906935908692
0.4453906935908692
