0.27496208795594224
0.3183813552558065
0.3376965440178785
0.3483917311836539
0.3549365472104717
0.35996488147497807
0.3642748822731263
0.3664298826722005
0.36906377204884666
0.3712985872775162
0.373134328358209
0.3747306249501157
0.3760874770532365
0.3776039588155479
0.3794396998962407
0.38079655199936147
0.3815947002953149
0.3827121079096496
0.38366988586479367
0.38438821933115175
0.38550562694548646
0.3863037752414399
0.3870221087077979
0.387740442174156
0.38853859047010936
0.38909729427727674
0.3897358129140394
0.3902945167212068
0.39109266501716017
0.3915715539947322
0.3921302578018996
0.393167850586639
0.3935669247346157
0.39380636922340173
0.39428525820097376
0.39468433234895045
0.3950035916673318
0.3958815547928805
0.39612099928166655
0.39652007342964324
0.3969191475776199
0.39763748104397795
0.39819618485114533
0.39867507382871736
0.3991539628062894
0.3995530369542661
0.3998722962726475
0.4000319259318381
0.40027137042062416
0.40083007422779154
0.4011493335461729
0.4014685928645542
0.40210711150131695
0.40250618564929364
0.402825444967675
0.40298507462686567
0.4032245191156517
0.40338414877484235
0.40378322292281904
0.4038630377524144
0.40410248224120043
0.4042621119003911
0.40442174155958177
0.40458137121877247
0.4047410008779631
0.4047410008779631
0.4049006305371538
0.4051400750259398
0.40537951951472584
0.4054593343443212
0.4058584084922979
0.40601803815148857
0.40625748264027456
0.40641711229946526
0.4064969271290606
0.4067363716178466
0.40697581610663264
0.4071354457658233
0.40753451991379996
0.4076143347433953
0.40769414957299066
0.407773964402586
0.408013408891372
0.408013408891372
0.40809322372096735
0.4081730385505627
0.40849229786894403
0.40865192752813473
0.40865192752813473
0.4088115571873254
0.4088115571873254
0.4090510016761114
0.40937026099449275
0.4094500758240881
0.4097693351424695
0.4100087796312555
0.41040785377923217
0.4104876686088275
0.4106472982680182
0.4106472982680182
0.4106472982680182
0.41072711309761356
0.41080692792720885
0.4108867427568042
0.4110463724159949
0.4110463724159949
0.41112618724559025
0.4112060020751856
0.41136563173437624
0.41136563173437624
0.4114454465639716
0.4114454465639716
0.4114454465639716
0.4114454465639716
0.4116050762231623
0.4119243355415436
0.41224359485992496
0.4123234096895203
0.412483039348711
0.41256285417830635
0.41264266900790164
0.41280229866709234
0.41296192832628303
0.413201372815069
0.413201372815069
0.413201372815069
0.41328118764466437
0.4133610024742597
0.4135206321334504
0.4136004469630457
0.41368026179264106
0.4137600766222364
0.41383989145183175
0.4139197062814271
0.41399952111102245
0.4141591507702131
0.4143187804294038
0.41439859525899914
0.4146380397477851
0.4146380397477851
0.4147178545773805
0.4150371138957618
0.41527655838454786
0.4153563732141432
0.4153563732141432
0.41551600287333385
0.4155958177029292
0.4155958177029292
0.4157554473621199
0.4157554473621199
0.41583526219171524
0.4159150770213106
0.4161545215100966
0.4161545215100966
0.4161545215100966
0.41631415116928727
0.41639396599888256
0.4164737808284779
0.41655359565807326
0.4166334104876686
0.4167930401468593
0.4167930401468593
0.4167930401468593
0.4167930401468593
0.41695266980604995
0.41695266980604995
0.4170324846356453
0.41711229946524064
0.417192114294836
0.417192114294836
0.41735174395402663
0.417431558783622
0.417431558783622
0.417431558783622
0.417431558783622
0.417431558783622
0.417431558783622
0.41751137361321733
0.41783063293159867
0.417910447761194
0.41814989224998006
0.4182297070795754
0.4182297070795754
0.4183095219091707
0.4183095219091707
0.4183095219091707
0.41838933673876605
0.41838933673876605
0.4184691515683614
0.4184691515683614
0.4184691515683614
0.41870859605714744
0.41870859605714744
0.41878841088674273
0.41926729986431477
0.41942692952350547
0.41942692952350547
0.4195067443531008
0.4195067443531008
0.4195067443531008
0.41958655918269616
0.4196663740122915
0.41982600367148215
0.41982600367148215
0.41982600367148215
0.41982600367148215
0.4199058185010775
0.41998563333067285
0.4200654481602682
0.42014526298986354
0.42014526298986354
0.42022507781945884
0.42022507781945884
0.4203048926490542
0.4203048926490542
0.42038470747864953
0.42038470747864953
0.4204645223082449
0.4204645223082449
0.4204645223082449
0.4206241519674355
0.42070396679703087
0.4207837816266262
0.4209434112858169
0.42102322611541226
0.42110304094500756
0.4213424854337936
0.42142230026338895
0.4215819299225796
0.4215819299225796
0.4215819299225796
0.42166174475217494
0.42166174475217494
0.4217415595817703
0.4217415595817703
0.4217415595817703
0.4217415595817703
0.42182137441136563
0.42182137441136563
0.42182137441136563
0.42198100407055633
0.42198100407055633
0.4220608189001516
0.422140633729747
0.42230026338893767
0.422380078218533
0.422380078218533
0.42253970787772366
0.42253970787772366
0.42253970787772366
0.422619522707319
0.422619522707319
0.4227791523665097
0.4227791523665097
0.4227791523665097
0.42285896719610505
0.42285896719610505
0.4230185968552957
0.4231782265144864
0.42325804134408174
0.42325804134408174
0.42325804134408174
0.42325804134408174
0.4233378561736771
0.4233378561736771
0.4233378561736771
0.42341767100327243
0.4235773006624631
0.4236571154920584
0.4236571154920584
0.4236571154920584
0.42373693032165377
0.4238167451512491
0.4238167451512491
0.42389655998084447
0.42397637481043976
0.42397637481043976
0.4240561896400351
0.4242158192992258
0.4242158192992258
0.4243754489584165
0.4243754489584165
0.4243754489584165
0.4244552637880118
0.4246148934472025
0.4246148934472025
0.4246148934472025
0.4246148934472025
0.4246148934472025
0.42469470827679784
0.42469470827679784
0.42469470827679784
0.4247745231063932
0.4248543379359885
0.4248543379359885
0.42493415276558383
0.42493415276558383
0.4250139675951792
0.4250139675951792
0.4250139675951792
0.4250139675951792
0.4250139675951792
0.4250139675951792
0.4251735972543699
0.4251735972543699
0.4252534120839652
0.4253332269135605
0.42541304174315586
0.42541304174315586
0.42541304174315586
0.4254928565727512
0.42557267140234656
0.4256524862319419
0.4256524862319419
0.42581211589113255
0.4258919307207279
0.42597174555032324
0.42597174555032324
0.4260515603799186
0.4260515603799186
0.4262910048687046
0.42637081969829993
0.4264506345278953
0.4264506345278953
0.4265304493574906
0.426610264187086
0.426610264187086
0.4266900790166813
0.4266900790166813
0.4267698938462766
0.42684970867587196
0.4269295235054673
0.42700933833506266
0.427089153164658
0.427089153164658
0.42716896799425336
0.42716896799425336
0.42716896799425336
0.42716896799425336
0.42724878282384865
0.427328597653444
0.427328597653444
0.427328597653444
0.427328597653444
0.42740841248303935
0.42740841248303935
0.42740841248303935
0.42740841248303935
0.42740841248303935
0.4274882273126347
0.4274882273126347
0.4274882273126347
0.4274882273126347
0.4274882273126347
0.42756804214223004
0.42756804214223004
0.42756804214223004
0.42756804214223004
0.42756804214223004
0.4276478569718254
0.4276478569718254
0.4276478569718254
0.4277276718014207
0.4278873014606114
0.4278873014606114
0.4278873014606114
0.42796711629020673
0.4281267459493974
0.4281267459493974
0.4281267459493974
0.4281267459493974
0.4281267459493974
0.4281267459493974
0.4281267459493974
0.4282065607789927
0.4282065607789927
0.42828637560858807
0.42828637560858807
0.4283661904381834
0.4285258200973741
0.4285258200973741
0.42884507941575545
0.42900470907494614
0.42900470907494614
0.42900470907494614
0.42900470907494614
0.42900470907494614
0.42908452390454144
0.4291643387341368
0.4291643387341368
0.4291643387341368
0.4291643387341368
0.4291643387341368
0.4291643387341368
0.4291643387341368
0.4291643387341368
0.4291643387341368
0.4293239683933275
0.4293239683933275
0.4294835980525182
0.4296432277117088
0.4296432277117088
0.42972304254130417
0.42972304254130417
0.42988267220049486
0.4299624870300902
0.4299624870300902
0.4299624870300902
0.4299624870300902
0.4300423018596855
0.4300423018596855
0.4300423018596855
0.4300423018596855
0.43012211668928085
0.43012211668928085
0.43012211668928085
0.4302019315188762
0.4302019315188762
0.43028174634847155
0.43028174634847155
0.4303615611780669
0.43052119083725754
0.4306010056668529
0.43068082049644824
0.4307606353260436
0.43084045015563893
0.43084045015563893
0.43084045015563893
0.43084045015563893
0.4309202649852343
0.4310000798148296
0.4310798946444249
0.43115970947402027
0.43115970947402027
0.43115970947402027
0.43115970947402027
0.43115970947402027
0.43115970947402027
0.43115970947402027
0.43115970947402027
0.43115970947402027
0.4312395243036156
0.4312395243036156
0.43131933913321097
0.4313991539628063
0.4314789687924016
0.4316385984515923
0.431798228110783
0.431798228110783
0.431798228110783
0.431798228110783
0.43187804294037835
0.43187804294037835
0.43187804294037835
0.43187804294037835
0.43195785776997364
0.43195785776997364
0.43195785776997364
0.43195785776997364
0.43195785776997364
0.43195785776997364
0.432037672599569
0.43211748742916434
0.43211748742916434
0.4321973022587597
0.4321973022587597
0.4321973022587597
0.4321973022587597
0.4321973022587597
0.4321973022587597
0.4321973022587597
0.4321973022587597
0.4321973022587597
0.4323569319179504
0.4324367467475457
0.432516561577141
0.432516561577141
0.432516561577141
0.432516561577141
0.432516561577141
0.432516561577141
0.432516561577141
0.432516561577141
0.43259637640673637
0.43259637640673637
0.4326761912363317
0.4326761912363317
0.43275600606592707
0.43275600606592707
0.43275600606592707
0.43275600606592707
0.43275600606592707
0.43275600606592707
0.43275600606592707
0.43283582089552236
0.4329156357251177
0.4329156357251177
0.4330752653843084
0.4332348950434991
0.4332348950434991
0.4333147098730944
0.4333147098730944
0.4333147098730944
0.4333147098730944
0.4333147098730944
0.4333147098730944
0.43339452470268974
0.43339452470268974
0.43339452470268974
0.43339452470268974
0.43339452470268974
0.4334743395322851
0.4334743395322851
0.4334743395322851
0.4334743395322851
0.4334743395322851
0.4334743395322851
0.4334743395322851
0.4334743395322851
0.4334743395322851
0.4334743395322851
0.4334743395322851
0.4334743395322851
0.43355415436188044
0.43355415436188044
0.43355415436188044
0.43355415436188044
0.43355415436188044
0.43355415436188044
0.43355415436188044
0.43355415436188044
0.43355415436188044
0.4336339691914758
0.4336339691914758
0.4336339691914758
0.4336339691914758
0.4336339691914758
0.4336339691914758
0.4336339691914758
0.4336339691914758
0.4336339691914758
0.4336339691914758
0.4336339691914758
0.4336339691914758
0.4336339691914758
0.43371378402107114
0.43379359885066643
0.43379359885066643
0.43379359885066643
0.43379359885066643
0.43379359885066643
0.43379359885066643
0.43379359885066643
0.43379359885066643
0.43379359885066643
0.43379359885066643
0.43379359885066643
0.4338734136802618
0.4338734136802618
0.4338734136802618
0.4340330433394525
0.4340330433394525
0.4340330433394525
0.4341128581690478
0.4341128581690478
0.4341128581690478
0.4341128581690478
0.4341128581690478
0.4341128581690478
0.4341128581690478
0.4341128581690478
0.4341128581690478
0.4341128581690478
0.4341128581690478
0.4341128581690478
0.4341128581690478
0.4341128581690478
0.43419267299864317
0.43419267299864317
0.43419267299864317
0.43427248782823846
0.4343523026578338
0.43443211748742916
0.43443211748742916
0.43443211748742916
0.4345119323170245
0.4345119323170245
0.4345119323170245
0.43459174714661986
0.43459174714661986
0.4346715619762152
0.4346715619762152
0.4347513768058105
0.4347513768058105
0.4347513768058105
0.4347513768058105
0.4347513768058105
0.4347513768058105
0.4347513768058105
0.43483119163540584
0.43483119163540584
0.43483119163540584
0.43483119163540584
0.43499082129459654
0.43499082129459654
0.43499082129459654
0.43499082129459654
0.43499082129459654
0.43515045095378724
0.43515045095378724
0.43515045095378724
0.43515045095378724
0.43515045095378724
0.4353100806129779
0.4353100806129779
0.4353898954425732
0.4353898954425732
0.4353898954425732
0.4354697102721686
0.4354697102721686
0.4354697102721686
0.4354697102721686
0.4355495251017639
0.4355495251017639
0.4355495251017639
0.4355495251017639
0.4355495251017639
0.4355495251017639
0.4355495251017639
0.4355495251017639
0.4355495251017639
0.43562933993135927
0.43570915476095456
0.43570915476095456
0.43570915476095456
0.43570915476095456
0.43570915476095456
0.43570915476095456
0.43570915476095456
0.43570915476095456
0.43570915476095456
0.43570915476095456
0.4357889695905499
0.43586878442014526
0.43586878442014526
0.43586878442014526
0.43586878442014526
0.43586878442014526
0.43586878442014526
0.43586878442014526
0.43586878442014526
0.43586878442014526
0.4359485992497406
0.4359485992497406
0.4359485992497406
0.4359485992497406
0.4359485992497406
0.4359485992497406
0.4359485992497406
0.4359485992497406
0.4359485992497406
0.4359485992497406
0.4359485992497406
0.4359485992497406
0.43602841407933596
0.4361082289089313
0.4361082289089313
0.4361082289089313
0.4361082289089313
0.4361082289089313
0.4361082289089313
0.4361082289089313
0.4361082289089313
0.4361082289089313
0.4361880437385266
0.4361880437385266
0.4361880437385266
0.4361880437385266
0.4361880437385266
0.43626785856812195
0.43626785856812195
0.43626785856812195
0.43626785856812195
0.4363476733977173
0.43642748822731264
0.43658711788650334
0.43658711788650334
0.43666693271609863
0.43666693271609863
0.436746747545694
0.436746747545694
0.436746747545694
0.436746747545694
0.4369063772048847
0.4369063772048847
0.4369063772048847
0.4369063772048847
0.4369063772048847
0.4369063772048847
0.4369063772048847
0.4369063772048847
0.4369063772048847
0.4369063772048847
0.4369063772048847
0.4369063772048847
0.43698619203448
0.4370660068640753
0.43714582169367067
0.43714582169367067
0.43714582169367067
0.43714582169367067
0.43714582169367067
0.43714582169367067
0.437225636523266
0.437225636523266
0.437225636523266
0.437225636523266
0.437225636523266
0.43730545135286136
0.43730545135286136
0.43746508101205206
0.43746508101205206
0.43746508101205206
0.43746508101205206
0.43746508101205206
0.43754489584164735
0.4376247106712427
0.4376247106712427
0.4376247106712427
0.43770452550083805
0.4377843403304334
0.4377843403304334
0.4377843403304334
0.43786415516002875
0.43786415516002875
0.43786415516002875
0.43786415516002875
0.4379439699896241
0.4379439699896241
0.4379439699896241
0.4379439699896241
0.43810359964881473
0.43810359964881473
0.43810359964881473
0.4381834144784101
0.43826322930800543
0.43826322930800543
0.43826322930800543
0.4383430441376008
0.4383430441376008
0.4383430441376008
0.4383430441376008
0.4383430441376008
0.4384228589671961
0.4384228589671961
0.4384228589671961
0.4385026737967914
0.43858248862638677
0.43858248862638677
0.43858248862638677
0.43858248862638677
0.4386623034559821
0.4386623034559821
0.4386623034559821
0.4386623034559821
0.4386623034559821
0.4386623034559821
0.4386623034559821
0.4386623034559821
0.4386623034559821
0.43874211828557746
0.43874211828557746
0.43874211828557746
0.43874211828557746
0.43874211828557746
0.43874211828557746
0.4388219331151728
0.4388219331151728
0.4388219331151728
0.4388219331151728
0.4388219331151728
0.4388219331151728
0.4388219331151728
0.4388219331151728
0.4388219331151728
0.4388219331151728
0.4388219331151728
0.4388219331151728
0.4388219331151728
0.4388219331151728
0.4388219331151728
0.43898156277436345
0.43898156277436345
0.43898156277436345
0.43898156277436345
0.43898156277436345
0.43898156277436345
0.43898156277436345
0.43898156277436345
0.43898156277436345
0.43898156277436345
0.43898156277436345
0.43898156277436345
0.43898156277436345
0.43898156277436345
0.43898156277436345
0.43898156277436345
0.43898156277436345
0.43898156277436345
0.43898156277436345
0.43898156277436345
0.43898156277436345
0.4390613776039588
0.4390613776039588
0.43914119243355415
0.43914119243355415
0.43914119243355415
0.43914119243355415
0.43914119243355415
0.43914119243355415
0.43914119243355415
0.43914119243355415
0.43914119243355415
0.43914119243355415
0.43914119243355415
0.43914119243355415
0.43914119243355415
0.43914119243355415
0.43914119243355415
0.43914119243355415
0.4392210072631495
0.4392210072631495
0.4392210072631495
0.4392210072631495
0.4392210072631495
0.4392210072631495
0.4392210072631495
0.43930082209274485
0.43930082209274485
0.43930082209274485
0.4393806369223402
0.4393806369223402
0.4393806369223402
0.4394604517519355
0.4394604517519355
0.4394604517519355
0.43954026658153084
0.43969989624072153
0.43969989624072153
0.43969989624072153
0.43969989624072153
0.43969989624072153
0.43969989624072153
0.43969989624072153
0.43969989624072153
0.4397797110703169
0.4397797110703169
0.4397797110703169
0.43985952589991223
0.43985952589991223
0.4399393407295075
0.4399393407295075
0.4399393407295075
0.4399393407295075
0.4399393407295075
0.44001915555910287
0.4400989703886982
0.4402586000478889
0.44033841487748426
0.44033841487748426
0.44033841487748426
0.44033841487748426
0.44033841487748426
0.44041822970707956
0.44041822970707956
0.4404980445366749
0.4404980445366749
0.4404980445366749
0.4404980445366749
0.44057785936627025
0.4406576741958656
0.44073748902546095
0.44073748902546095
0.44073748902546095
0.44073748902546095
0.44073748902546095
0.44073748902546095
0.44073748902546095
0.44073748902546095
0.44073748902546095
0.44073748902546095
0.44073748902546095
0.44073748902546095
0.44073748902546095
0.44073748902546095
0.44073748902546095
0.44081730385505624
0.44081730385505624
0.4408971186846516
0.4408971186846516
0.4408971186846516
0.4408971186846516
0.4408971186846516
0.44097693351424694
0.44097693351424694
0.44097693351424694
0.44097693351424694
0.44097693351424694
0.44097693351424694
0.4410567483438423
0.44113656317343763
0.44113656317343763
0.44113656317343763
0.44113656317343763
0.44113656317343763
0.441216378003033
0.441216378003033
0.441216378003033
0.441216378003033
0.441216378003033
0.441216378003033
0.441216378003033
0.441216378003033
0.441216378003033
0.4412961928326283
0.4412961928326283
0.4412961928326283
0.4412961928326283
0.4412961928326283
0.4412961928326283
0.4412961928326283
0.4412961928326283
0.4412961928326283
0.4412961928326283
0.4412961928326283
0.4412961928326283
0.4412961928326283
0.4412961928326283
0.4412961928326283
0.44145582249181897
0.44145582249181897
0.44145582249181897
0.44145582249181897
0.4415356373214143
0.4415356373214143
0.4415356373214143
0.4415356373214143
0.4415356373214143
0.44161545215100967
0.44161545215100967
0.44161545215100967
0.44161545215100967
0.44161545215100967
0.44161545215100967
0.441695266980605
0.441695266980605
0.441695266980605
0.441695266980605
0.441695266980605
0.4417750818102003
0.44185489663979566
0.44185489663979566
0.44185489663979566
0.44185489663979566
0.44185489663979566
0.44185489663979566
0.44185489663979566
0.44185489663979566
0.44185489663979566
0.44185489663979566
0.44185489663979566
0.44185489663979566
0.44185489663979566
0.44185489663979566
0.44185489663979566
0.44185489663979566
0.44185489663979566
0.441934711469391
0.441934711469391
0.441934711469391
0.441934711469391
0.44201452629898635
0.44201452629898635
0.44201452629898635
0.44201452629898635
0.44201452629898635
0.44201452629898635
0.44201452629898635
0.44201452629898635
0.44201452629898635
0.44201452629898635
0.44201452629898635
0.44201452629898635
0.44201452629898635
0.44201452629898635
0.44201452629898635
0.44201452629898635
0.44201452629898635
0.44201452629898635
0.4420943411285817
0.4420943411285817
