0.1513289169127624
0.19746188841886822
0.2439141192433554
0.2541304174315588
0.2689759757362918
0.2727272727272727
0.2799106073908532
0.28581690478090827
0.29850746268656714
0.301061537233618
0.30225875967754806
0.3037752414398595
0.3076063532604358
0.3126346875249421
0.31470987309442094
0.3172639476414718
0.31941894804054594
0.32101524463245273
0.32356931917950355
0.3249261712826243
0.3272408013408891
0.3288370979327959
0.330273764865512
0.33131135765025144
0.33242876526458615
0.3332269135605396
0.33402506185649294
0.3346635804932557
0.33546172878920905
0.3361002474259717
0.33657913640354375
0.3372176550403065
0.3376965440178785
0.33801580333625986
0.3382552478250459
0.3388937664618086
0.33945247026897596
0.33977172958735735
0.3404900630537154
0.34128821134966875
0.34160747066805014
0.3419267299864315
0.34248543379359886
0.3428046931119802
0.3432037672599569
0.3434432117487429
0.34448080453348234
0.3448000638518637
0.34519913799984037
0.3455183973182217
0.3456780269774124
0.34591747146619845
0.3462367307845798
0.3467156197621518
0.3471146939101285
0.3475137680581052
0.3481522866948679
0.34847154601324926
0.3487908053316306
0.34918987947960733
0.34950913879798867
0.34966876845717937
0.3502274722643467
0.35070636124191873
0.3509458057307048
0.35134487987868146
0.35150450953787216
0.35174395402665815
0.3519833985154442
0.3524622874930162
0.35278154681139756
0.35318062095937425
0.35357969510735093
0.35373932476654163
0.353819139596137
0.3539787692553276
0.35405858408492297
0.3566924734615692
0.3584483997126666
0.359007103519834
0.35916673317902464
0.35924654800862
0.3594061776678107
0.36004469630457336
0.3602841407933594
0.3606832149413361
0.3610822890893128
0.3610822890893128
0.3612419187485035
0.36148136323728947
0.3615611780668848
0.3618804373852662
0.3622795115332429
0.3625189560220289
0.3627584005108149
0.36347673397717295
0.363716178465959
0.36387580812514964
0.363955622954745
0.36403543778434033
0.3641152526139357
0.36435469710272167
0.36491340090988905
0.3651528453986751
0.3652326602282704
0.36563173437624713
0.3657115492058424
0.3658711788650331
0.36595099369462847
0.36595099369462847
0.36619043818341446
0.3662702530130098
0.36650969750179585
0.3666693271609865
0.3669885864793679
0.3673078457977492
0.3674674754569399
0.3675472902865352
0.3677069199457259
0.3678665496049166
0.36794636443451195
0.36794636443451195
0.36794636443451195
0.3689839572192513
0.3693032165376327
0.36962247585601404
0.37081969829994416
0.3709793279591348
0.37105914278873015
0.37121877244792084
0.3713784021071115
0.37145821693670683
0.37145821693670683
0.37145821693670683
0.3715380317663022
0.3716178465958975
0.3716976614254929
0.37177747625508817
0.37177747625508817
0.3720169207438742
0.3720169207438742
0.3720169207438742
0.3720169207438742
0.3720169207438742
0.3721765504030649
0.37249580972144625
0.37249580972144625
0.37273525421023224
0.37273525421023224
0.3728150690398276
0.3729746986990183
0.37305451352861363
0.373134328358209
0.373134328358209
0.37337377284699497
0.37377284699497165
0.37393247665416235
0.3740122914837577
0.37417192114294834
0.37417192114294834
0.3744113656317344
0.3745709952909251
0.3745709952909251
0.37465081012052037
0.3747306249501157
0.3747306249501157
0.37481043977971107
0.3748902546093064
0.37497006943890177
0.37497006943890177
0.37497006943890177
0.3751296990980924
0.3751296990980924
0.37536914358687845
0.37560858807566444
0.37560858807566444
0.3758480325644505
0.37592784739404583
0.3760076622236411
0.3760076622236411
0.3760076622236411
0.3760076622236411
0.3760076622236411
0.37624710671242717
0.37640673637161787
0.37648655120121316
0.3765663660308085
0.3767259956899992
0.37680581051959455
0.3769654401787852
0.3772846994971666
0.37744432915635723
0.3776837736451433
0.3776837736451433
0.3776837736451433
0.3777635884747386
0.3777635884747386
0.37784340330433397
0.37784340330433397
0.37784340330433397
0.37792321813392926
0.37792321813392926
0.3780030329635246
0.3781626626227153
0.37824247745231065
0.37848192194109664
0.378561736770692
0.37864155160028734
0.37864155160028734
0.3787213664298827
0.37888099608907333
0.3789608109186687
0.379040625748264
0.37935988506664536
0.37967914438502676
0.37991858887381275
0.38079655199936147
0.3816745151249102
0.3831111820576263
0.3843084045015564
0.39037433155080214
0.39364673956421103
0.3960411844520712
0.3968393327480246
0.3971585920664059
0.39739803655519196
0.3977172958735733
0.39779711070316864
0.397876925532764
0.3980365551919547
0.39819618485114533
0.398355814510336
0.3984356293399314
0.3985154441695267
0.398595258999122
0.398595258999122
0.3987548886583127
0.3987548886583127
0.3987548886583127
0.3989145183175034
0.39923377763588475
0.39923377763588475
0.39923377763588475
0.39923377763588475
0.39939340729507544
0.39939340729507544
0.39939340729507544
0.3994732221246708
0.3994732221246708
0.3994732221246708
0.3994732221246708
0.3995530369542661
0.3995530369542661
0.3995530369542661
0.3995530369542661
0.39963285178386143
0.39979248144305213
0.3999521111022428
0.3999521111022428
0.4000319259318381
0.40011174076143347
0.40011174076143347
0.40027137042062416
0.40027137042062416
0.4003511852502195
0.4004310000798148
0.4004310000798148
0.40051081490941015
0.4005906297390055
0.4005906297390055
0.4007502593981962
0.40083007422779154
0.40083007422779154
0.40083007422779154
0.40083007422779154
0.4009897038869822
0.40122914837576823
0.4014685928645542
0.40154840769414957
0.40154840769414957
0.4017878521829356
0.4018676670125309
0.4018676670125309
0.4020272966717216
0.4020272966717216
0.4020272966717216
0.40210711150131695
0.40210711150131695
0.4021869263309123
0.40226674116050765
0.40234655599010294
0.40234655599010294
0.40234655599010294
0.40250618564929364
0.40250618564929364
0.40250618564929364
0.40250618564929364
0.40250618564929364
0.402586000478889
0.402586000478889
0.40266581530848433
0.40266581530848433
0.4027456301380797
0.4027456301380797
0.4029052597972703
0.403064889456461
0.40314470428605637
0.4032245191156517
0.4032245191156517
0.403304333945247
0.403304333945247
0.40338414877484235
0.40338414877484235
0.40338414877484235
0.4034639636044377
0.4034639636044377
0.40354377843403305
0.40354377843403305
0.40370340809322375
0.40378322292281904
0.40378322292281904
0.4038630377524144
0.4038630377524144
0.40394285258200974
0.40394285258200974
0.40394285258200974
0.40394285258200974
0.40394285258200974
0.40394285258200974
0.40394285258200974
0.40410248224120043
0.40410248224120043
0.40410248224120043
0.40410248224120043
0.40410248224120043
0.40410248224120043
0.4041822970707957
0.4041822970707957
0.4043419267299864
0.4043419267299864
0.40442174155958177
0.40442174155958177
0.4045015563891771
0.40458137121877247
0.40466118604836776
0.40466118604836776
0.4047410008779631
0.40482081570755846
0.40482081570755846
0.40482081570755846
0.4049006305371538
0.40498044536674915
0.40498044536674915
0.40498044536674915
0.4050602601963445
0.4051400750259398
0.4051400750259398
0.4051400750259398
0.4051400750259398
0.40521988985553514
0.40521988985553514
0.40521988985553514
0.40521988985553514
0.4052997046851305
0.4052997046851305
0.4052997046851305
0.40537951951472584
0.40537951951472584
0.40553914917391654
0.40553914917391654
0.40553914917391654
0.40553914917391654
0.40561896400351183
0.40561896400351183
0.4056987788331072
0.4057785936627025
0.4057785936627025
0.4058584084922979
0.4059382233218932
0.4059382233218932
0.40601803815148857
0.40601803815148857
0.40609785298108386
0.40625748264027456
0.40625748264027456
0.40625748264027456
0.40641711229946526
0.40641711229946526
0.40641711229946526
0.40641711229946526
0.40641711229946526
0.4064969271290606
0.4065767419586559
0.4065767419586559
0.40665655678825124
0.40665655678825124
0.40665655678825124
0.40665655678825124
0.4067363716178466
0.4068960012770373
0.4068960012770373
0.4068960012770373
0.40697581610663264
0.40697581610663264
0.40705563093622793
0.40705563093622793
0.40705563093622793
0.4072152605954186
0.4072152605954186
0.407295075425014
0.407295075425014
0.407295075425014
0.407295075425014
0.407295075425014
0.407295075425014
0.407295075425014
0.407295075425014
0.4073748902546093
0.40745470508420467
0.40753451991379996
0.40753451991379996
0.40753451991379996
0.4076143347433953
0.4076143347433953
0.4076143347433953
0.4076143347433953
0.4076143347433953
0.40769414957299066
0.40769414957299066
0.40769414957299066
0.40769414957299066
0.407773964402586
0.407773964402586
0.40785377923218136
0.4079335940617767
0.4079335940617767
0.4079335940617767
0.408013408891372
0.408013408891372
0.408013408891372
0.408013408891372
0.408013408891372
0.408013408891372
0.408013408891372
0.40809322372096735
0.4081730385505627
0.4081730385505627
0.40825285338015804
0.40825285338015804
0.40825285338015804
0.40849229786894403
0.4085721126985394
0.4085721126985394
0.4085721126985394
0.4085721126985394
0.4085721126985394
0.4088115571873254
0.40897118684651607
0.40913081650570676
0.4092106313353021
0.4092106313353021
0.4092106313353021
0.4092106313353021
0.4092106313353021
0.40929044616489746
0.40937026099449275
0.40937026099449275
0.40937026099449275
0.40937026099449275
0.4094500758240881
0.4094500758240881
0.40952989065368345
0.40952989065368345
0.40952989065368345
0.40968952031287414
0.40968952031287414
0.40968952031287414
0.40968952031287414
0.40968952031287414
0.40968952031287414
0.40968952031287414
0.40968952031287414
0.40968952031287414
0.40968952031287414
0.40968952031287414
0.40968952031287414
0.40968952031287414
0.40968952031287414
0.40968952031287414
0.4098491499720648
0.4098491499720648
0.4098491499720648
0.4098491499720648
0.40992896480166013
0.40992896480166013
0.40992896480166013
0.40992896480166013
0.40992896480166013
0.40992896480166013
0.40992896480166013
0.4100087796312555
0.4100087796312555
0.4100087796312555
0.4100087796312555
0.4100087796312555
0.4100087796312555
0.4100087796312555
0.4100087796312555
0.41008859446085083
0.4101684092904462
0.4101684092904462
0.4102482241200415
0.4103280389496368
0.4103280389496368
0.4103280389496368
0.41040785377923217
0.41056748343842286
0.41056748343842286
0.41056748343842286
0.41056748343842286
0.41056748343842286
0.41056748343842286
0.41056748343842286
0.41056748343842286
0.4106472982680182
0.4106472982680182
0.41072711309761356
0.41072711309761356
0.41072711309761356
0.41072711309761356
0.41080692792720885
0.41080692792720885
0.4108867427568042
0.41096655758639955
0.41096655758639955
0.41096655758639955
0.41112618724559025
0.4112060020751856
0.4112060020751856
0.4112858169047809
0.4112858169047809
0.41136563173437624
0.41136563173437624
0.41136563173437624
0.41136563173437624
0.41136563173437624
0.4114454465639716
0.4114454465639716
0.41152526139356693
0.41152526139356693
0.41152526139356693
0.4116050762231623
0.4116050762231623
0.41168489105275763
0.41168489105275763
0.4117647058823529
0.4117647058823529
0.41184452071194827
0.41184452071194827
0.41184452071194827
0.41184452071194827
0.41184452071194827
0.41184452071194827
0.4119243355415436
0.4119243355415436
0.4119243355415436
0.4119243355415436
0.41200415037113897
0.4120839652007343
0.4120839652007343
0.4120839652007343
0.41216378003032966
0.41216378003032966
0.41216378003032966
0.41224359485992496
0.41224359485992496
0.4123234096895203
0.4123234096895203
0.41240322451911565
0.41240322451911565
0.41240322451911565
0.41240322451911565
0.41240322451911565
0.41240322451911565
0.41240322451911565
0.412483039348711
0.412483039348711
0.41256285417830635
0.41256285417830635
0.41264266900790164
0.41280229866709234
0.41280229866709234
0.41280229866709234
0.41280229866709234
0.41280229866709234
0.41280229866709234
0.41280229866709234
0.41280229866709234
0.41280229866709234
0.41280229866709234
0.41280229866709234
0.41280229866709234
0.41280229866709234
0.41280229866709234
0.41280229866709234
0.41280229866709234
0.41280229866709234
0.41280229866709234
0.41280229866709234
0.41296192832628303
0.41296192832628303
0.4130417431558784
0.4130417431558784
0.4130417431558784
0.4130417431558784
0.4130417431558784
0.4131215579854737
0.4131215579854737
0.4131215579854737
0.4131215579854737
0.4131215579854737
0.413201372815069
0.413201372815069
0.413201372815069
0.413201372815069
0.413201372815069
0.413201372815069
0.41328118764466437
0.41328118764466437
0.41328118764466437
0.41328118764466437
0.41328118764466437
0.41328118764466437
0.4133610024742597
0.41344081730385507
0.41344081730385507
0.4135206321334504
0.4135206321334504
0.4135206321334504
0.4136004469630457
0.4136004469630457
0.41368026179264106
0.41383989145183175
0.4139197062814271
0.4139197062814271
0.41407933594061774
0.41407933594061774
0.41407933594061774
0.41407933594061774
0.41407933594061774
0.41407933594061774
0.4141591507702131
0.4141591507702131
0.4141591507702131
0.4141591507702131
0.4141591507702131
0.4141591507702131
0.41423896559980844
0.4143187804294038
0.4143187804294038
0.4143187804294038
0.4143187804294038
0.4143187804294038
0.41439859525899914
0.41439859525899914
0.4144784100885945
0.4144784100885945
0.4144784100885945
0.4144784100885945
0.4144784100885945
0.4144784100885945
0.4144784100885945
0.4144784100885945
0.4145582249181898
0.4147178545773805
0.4147178545773805
0.4147178545773805
0.4147976694069758
0.41487748423657117
0.41487748423657117
0.4149572990661665
0.4149572990661665
0.41511692872535716
0.41511692872535716
0.41511692872535716
0.41511692872535716
0.41511692872535716
0.41511692872535716
0.41511692872535716
0.41511692872535716
0.41511692872535716
0.41511692872535716
0.41511692872535716
0.41511692872535716
0.41511692872535716
0.41511692872535716
0.41511692872535716
0.4151967435549525
0.4151967435549525
0.41527655838454786
0.41527655838454786
0.41527655838454786
0.41527655838454786
0.41527655838454786
0.4153563732141432
0.4153563732141432
0.4153563732141432
0.4153563732141432
0.41543618804373855
0.41551600287333385
0.41551600287333385
0.41551600287333385
0.41551600287333385
0.4155958177029292
0.41567563253252454
0.41567563253252454
0.41567563253252454
0.41567563253252454
0.41567563253252454
0.4157554473621199
0.41583526219171524
0.41583526219171524
0.4159150770213106
0.4159948918509059
0.4159948918509059
0.4160747066805012
0.4161545215100966
0.4162343363396919
0.4162343363396919
0.41631415116928727
0.41631415116928727
0.41631415116928727
0.41631415116928727
0.41639396599888256
0.41639396599888256
0.41639396599888256
0.41639396599888256
0.41639396599888256
0.41639396599888256
0.4164737808284779
0.4164737808284779
0.4164737808284779
0.41655359565807326
0.41655359565807326
0.41655359565807326
0.4166334104876686
0.4166334104876686
0.41671322531726396
0.41671322531726396
0.41671322531726396
0.41671322531726396
0.41671322531726396
0.41671322531726396
0.41671322531726396
0.41671322531726396
0.4167930401468593
0.4167930401468593
0.4167930401468593
0.4168728549764546
0.4168728549764546
0.41695266980604995
0.41695266980604995
0.41695266980604995
0.4170324846356453
0.41711229946524064
0.41711229946524064
0.41711229946524064
0.41711229946524064
0.417192114294836
0.417192114294836
0.417192114294836
0.41727192912443134
0.41727192912443134
0.41727192912443134
0.41735174395402663
0.41735174395402663
0.417431558783622
0.417431558783622
0.417431558783622
0.417431558783622
0.41751137361321733
0.41751137361321733
0.41751137361321733
0.41751137361321733
0.41751137361321733
0.41751137361321733
0.41751137361321733
0.41751137361321733
0.41751137361321733
0.41751137361321733
0.41751137361321733
0.41751137361321733
0.41751137361321733
0.41751137361321733
0.41751137361321733
0.41751137361321733
0.41751137361321733
0.41751137361321733
0.4175911884428127
0.4175911884428127
0.4175911884428127
0.4175911884428127
0.4175911884428127
0.4175911884428127
0.4175911884428127
0.4175911884428127
0.4175911884428127
0.4175911884428127
0.4175911884428127
0.417671003272408
0.4177508181020034
0.4177508181020034
0.4177508181020034
0.4177508181020034
0.41783063293159867
0.41783063293159867
0.41783063293159867
0.41783063293159867
0.41783063293159867
0.41783063293159867
0.41783063293159867
0.41783063293159867
0.41783063293159867
0.41783063293159867
0.41783063293159867
0.417910447761194
0.417910447761194
0.41799026259078936
0.41799026259078936
0.41799026259078936
0.41799026259078936
0.41799026259078936
0.4180700774203847
0.41814989224998006
0.41814989224998006
0.4182297070795754
0.4183095219091707
0.4183095219091707
0.4183095219091707
0.41838933673876605
0.41838933673876605
0.4184691515683614
0.4184691515683614
0.4184691515683614
0.41854896639795675
0.41878841088674273
0.4188682257163381
0.4188682257163381
0.4188682257163381
0.4188682257163381
0.41894804054593343
0.41894804054593343
0.41894804054593343
0.41894804054593343
0.41894804054593343
0.41894804054593343
0.41894804054593343
0.4190278553755288
0.4191874850347195
0.41926729986431477
0.41926729986431477
0.4193471146939101
0.4193471146939101
0.4193471146939101
0.4193471146939101
0.41942692952350547
0.41942692952350547
0.41942692952350547
0.41942692952350547
0.41942692952350547
0.4195067443531008
0.4195067443531008
0.41958655918269616
0.41958655918269616
0.41958655918269616
0.41958655918269616
0.41958655918269616
0.41958655918269616
0.4196663740122915
0.4196663740122915
0.41998563333067285
0.41998563333067285
0.42022507781945884
0.4204645223082449
0.4204645223082449
0.4204645223082449
0.4204645223082449
0.4204645223082449
0.42054433713784023
0.42054433713784023
0.42054433713784023
0.4206241519674355
0.42070396679703087
0.42070396679703087
0.42070396679703087
0.42070396679703087
0.42070396679703087
0.42070396679703087
0.4207837816266262
0.4207837816266262
0.4207837816266262
0.4207837816266262
0.4209434112858169
0.4209434112858169
0.42102322611541226
0.42102322611541226
0.42110304094500756
0.4211828557746029
0.4211828557746029
0.4211828557746029
0.4211828557746029
0.42126267060419825
0.4213424854337936
0.42142230026338895
0.4215021150929843
0.42166174475217494
0.42166174475217494
0.42166174475217494
0.42166174475217494
0.42166174475217494
0.42166174475217494
0.42166174475217494
0.4217415595817703
0.4220608189001516
0.4220608189001516
0.4220608189001516
0.4220608189001516
0.4220608189001516
0.4220608189001516
0.4220608189001516
0.4220608189001516
0.422140633729747
0.422140633729747
0.422140633729747
0.42230026338893767
0.42230026338893767
0.42230026338893767
0.42230026338893767
0.42230026338893767
0.42230026338893767
0.42230026338893767
0.42230026338893767
0.42230026338893767
0.42230026338893767
0.42230026338893767
0.42230026338893767
0.42230026338893767
0.42230026338893767
0.42230026338893767
0.42245989304812837
0.42253970787772366
0.42253970787772366
0.42253970787772366
0.422619522707319
0.422619522707319
0.422619522707319
0.422619522707319
0.422619522707319
0.42269933753691435
0.4227791523665097
0.4227791523665097
0.42285896719610505
0.42285896719610505
0.42285896719610505
0.42285896719610505
0.42285896719610505
0.42285896719610505
0.42285896719610505
0.42285896719610505
0.4229387820257004
0.4229387820257004
0.4229387820257004
0.4229387820257004
0.4229387820257004
0.4229387820257004
0.4229387820257004
0.4229387820257004
0.4229387820257004
0.4229387820257004
0.4229387820257004
0.4229387820257004
0.4229387820257004
0.4230185968552957
0.4230185968552957
0.4230185968552957
0.4230185968552957
0.4230185968552957
0.42309841168489104
0.42309841168489104
0.42309841168489104
0.4231782265144864
0.4231782265144864
0.4231782265144864
0.4231782265144864
0.4231782265144864
0.4231782265144864
0.4231782265144864
0.4231782265144864
0.42325804134408174
0.42325804134408174
