0.003432037672599569
0.00470907494612499
0.004948519434911007
0.005028334264506345
0.005028334264506345
0.005028334264506345
0.0052677787532923615
0.005587038071673717
0.005826482560459733
0.005906297390055072
0.005906297390055072
0.0060659270492457494
0.0060659270492457494
0.006145741878841089
0.006225556708436428
0.006385186367627105
0.0065448160268177825
0.0065448160268177825
0.0065448160268177825
0.0065448160268177825
0.0065448160268177825
0.006624630856413121
0.006624630856413121
0.00670444568600846
0.00670444568600846
0.00670444568600846
0.00670444568600846
0.00670444568600846
0.006943890174794477
0.007023705004389816
0.007023705004389816
0.007023705004389816
0.007103519833985154
0.007183334663580493
0.00742277915236651
0.00742277915236651
0.00742277915236651
0.00742277915236651
0.00742277915236651
0.00742277915236651
0.00742277915236651
0.00742277915236651
0.00742277915236651
0.007502593981961849
0.007821853300343204
0.007821853300343204
0.007901668129938543
0.007901668129938543
0.007901668129938543
0.007901668129938543
0.007901668129938543
0.007901668129938543
0.007901668129938543
0.007901668129938543
0.007901668129938543
0.007901668129938543
0.007901668129938543
0.007981482959533881
0.007981482959533881
0.007981482959533881
0.007981482959533881
0.007981482959533881
0.007981482959533881
0.00806129778912922
0.008141112618724558
0.008220927448319898
0.008220927448319898
0.008300742277915236
0.008300742277915236
0.008300742277915236
0.008380557107510575
0.008380557107510575
0.008620001596296592
0.00869981642589193
0.00869981642589193
0.00869981642589193
0.00869981642589193
0.00869981642589193
0.00877963125548727
0.008939260914677947
0.008939260914677947
0.009497964721845319
0.009577779551440657
0.009577779551440657
0.009577779551440657
0.009577779551440657
0.009577779551440657
0.009577779551440657
0.009737409210631336
0.009737409210631336
0.060100566685290124
0.060100566685290124
0.060100566685290124
0.060100566685290124
0.060100566685290124
0.060100566685290124
0.060180381514885466
0.060180381514885466
0.060180381514885466
0.060180381514885466
0.060180381514885466
0.060180381514885466
0.060180381514885466
0.060180381514885466
0.060180381514885466
0.060180381514885466
0.060180381514885466
0.060180381514885466
0.060180381514885466
0.060180381514885466
0.060180381514885466
0.060180381514885466
0.060180381514885466
0.060180381514885466
0.060180381514885466
0.060180381514885466
0.060180381514885466
0.06026019634448081
0.06026019634448081
0.06026019634448081
0.06026019634448081
0.06026019634448081
0.06026019634448081
0.06026019634448081
0.06026019634448081
0.06026019634448081
0.06026019634448081
0.06026019634448081
0.06026019634448081
0.06026019634448081
0.06034001117407614
0.06034001117407614
0.06034001117407614
0.06034001117407614
0.06034001117407614
0.06034001117407614
0.06034001117407614
0.06034001117407614
0.06034001117407614
0.06034001117407614
0.06034001117407614
0.06034001117407614
0.06034001117407614
0.06034001117407614
0.06034001117407614
0.06034001117407614
0.06034001117407614
0.06034001117407614
0.06034001117407614
0.06041982600367148
0.06041982600367148
0.06041982600367148
0.06041982600367148
0.06041982600367148
0.06041982600367148
0.060499640833266824
0.060499640833266824
0.06057945566286216
0.06057945566286216
0.06057945566286216
0.06057945566286216
0.06057945566286216
0.0606592704924575
0.0606592704924575
0.0606592704924575
0.0606592704924575
0.0606592704924575
0.0606592704924575
0.0606592704924575
0.0606592704924575
0.0606592704924575
0.07247186527256765
0.07247186527256765
0.07247186527256765
0.07263149493175831
0.07263149493175831
0.07263149493175831
0.07263149493175831
0.07263149493175831
0.07263149493175831
0.07263149493175831
0.07263149493175831
0.07263149493175831
0.07263149493175831
0.07263149493175831
0.07263149493175831
0.07263149493175831
0.07271130976135366
0.07271130976135366
0.072791124590949
0.072791124590949
0.072791124590949
0.072791124590949
0.072791124590949
0.072791124590949
0.072791124590949
0.072791124590949
0.072791124590949
0.072791124590949
0.072791124590949
0.072791124590949
0.072791124590949
0.07287093942054433
0.07287093942054433
0.07287093942054433
0.07287093942054433
0.07287093942054433
0.07287093942054433
0.07287093942054433
0.07287093942054433
0.07287093942054433
0.07287093942054433
0.07287093942054433
0.07287093942054433
0.07287093942054433
0.07287093942054433
0.07287093942054433
0.07287093942054433
0.07287093942054433
0.07295075425013968
0.07295075425013968
0.07303056907973501
0.07303056907973501
0.07303056907973501
0.07303056907973501
0.07303056907973501
0.07303056907973501
0.07303056907973501
0.07303056907973501
0.07311038390933035
0.07311038390933035
0.07311038390933035
0.07311038390933035
0.07311038390933035
0.07311038390933035
0.07311038390933035
0.07311038390933035
0.07311038390933035
0.07311038390933035
0.07311038390933035
0.07311038390933035
0.07311038390933035
0.07311038390933035
0.07311038390933035
0.07311038390933035
0.07311038390933035
0.07311038390933035
0.07311038390933035
0.07311038390933035
0.07311038390933035
0.07311038390933035
0.07311038390933035
0.07311038390933035
0.07311038390933035
0.07311038390933035
0.07311038390933035
0.07311038390933035
0.07311038390933035
0.07311038390933035
0.07311038390933035
0.07311038390933035
0.0731901987389257
0.0731901987389257
0.0731901987389257
0.0731901987389257
0.07327001356852103
0.07327001356852103
0.07327001356852103
0.07327001356852103
0.07327001356852103
0.07327001356852103
0.07327001356852103
0.07327001356852103
0.07327001356852103
0.07327001356852103
0.07327001356852103
0.07327001356852103
0.07327001356852103
0.07327001356852103
0.07327001356852103
0.07327001356852103
0.07327001356852103
0.07342964322771171
0.07342964322771171
0.07342964322771171
0.07342964322771171
0.07342964322771171
0.07342964322771171
0.07342964322771171
0.07350945805730705
0.07350945805730705
0.07350945805730705
0.07358927288690238
0.07358927288690238
0.07358927288690238
0.07358927288690238
0.07358927288690238
0.07358927288690238
0.07358927288690238
0.07358927288690238
0.07358927288690238
0.07358927288690238
0.07358927288690238
0.07358927288690238
0.07358927288690238
0.07358927288690238
0.07358927288690238
0.07358927288690238
0.07358927288690238
0.07374890254609306
0.0738287173756884
0.0738287173756884
0.0738287173756884
0.0738287173756884
0.0738287173756884
0.0738287173756884
0.0738287173756884
0.0738287173756884
0.0738287173756884
0.0738287173756884
0.0738287173756884
0.0738287173756884
0.0738287173756884
0.0738287173756884
0.0738287173756884
0.07390853220528375
0.07390853220528375
0.07390853220528375
0.07390853220528375
0.07390853220528375
0.07390853220528375
0.07390853220528375
0.07390853220528375
0.07390853220528375
0.07390853220528375
0.07390853220528375
0.07390853220528375
0.07390853220528375
0.07390853220528375
0.07390853220528375
0.07390853220528375
0.07390853220528375
0.07390853220528375
0.07390853220528375
0.07390853220528375
0.07390853220528375
0.07390853220528375
0.07390853220528375
0.07390853220528375
0.07390853220528375
0.07390853220528375
0.07390853220528375
0.07390853220528375
0.07390853220528375
0.07390853220528375
0.07398834703487908
0.07398834703487908
0.07398834703487908
0.07398834703487908
0.07398834703487908
0.07398834703487908
0.07398834703487908
0.07406816186447442
0.07406816186447442
0.07406816186447442
0.07406816186447442
0.07406816186447442
0.07406816186447442
0.07406816186447442
0.07406816186447442
0.07414797669406976
0.07414797669406976
0.07414797669406976
0.07414797669406976
0.07414797669406976
0.07414797669406976
0.07414797669406976
0.07414797669406976
0.07414797669406976
0.07414797669406976
0.07414797669406976
0.07414797669406976
0.07414797669406976
0.07414797669406976
0.07414797669406976
0.07414797669406976
0.0742277915236651
0.07438742118285578
0.07438742118285578
0.07438742118285578
0.07446723601245112
0.07446723601245112
0.07446723601245112
0.07446723601245112
0.07446723601245112
0.07446723601245112
0.07446723601245112
0.07454705084204645
0.07454705084204645
0.07454705084204645
0.07454705084204645
0.07454705084204645
0.07462686567164178
0.07462686567164178
0.07462686567164178
0.07462686567164178
0.07462686567164178
0.07462686567164178
0.07462686567164178
0.07462686567164178
0.07462686567164178
0.07462686567164178
0.07462686567164178
0.07462686567164178
0.07462686567164178
0.07462686567164178
0.07462686567164178
0.07462686567164178
0.07462686567164178
0.07462686567164178
0.07462686567164178
0.07462686567164178
0.07462686567164178
0.07470668050123713
0.07478649533083247
0.07478649533083247
0.07478649533083247
0.0748663101604278
0.0748663101604278
0.0748663101604278
0.0748663101604278
0.0748663101604278
0.0748663101604278
0.07494612499002315
0.07494612499002315
0.07494612499002315
0.07494612499002315
0.07494612499002315
0.07494612499002315
0.07494612499002315
0.07494612499002315
0.07494612499002315
0.07502593981961848
0.07502593981961848
0.07510575464921382
0.07510575464921382
0.07510575464921382
0.07510575464921382
0.07518556947880917
0.07518556947880917
0.07518556947880917
0.07518556947880917
0.07518556947880917
0.07518556947880917
0.07518556947880917
0.07518556947880917
0.07518556947880917
0.07518556947880917
0.07518556947880917
0.07518556947880917
0.07518556947880917
0.07518556947880917
0.07518556947880917
0.07518556947880917
0.07518556947880917
0.07518556947880917
0.07518556947880917
0.07518556947880917
0.07518556947880917
0.07518556947880917
0.07518556947880917
0.07518556947880917
0.07518556947880917
0.07518556947880917
0.07518556947880917
0.07518556947880917
0.07518556947880917
0.07518556947880917
0.07518556947880917
0.07518556947880917
0.07518556947880917
0.07518556947880917
0.07518556947880917
0.07518556947880917
0.07518556947880917
0.07518556947880917
0.07518556947880917
0.07518556947880917
0.07518556947880917
0.07518556947880917
0.07518556947880917
0.07518556947880917
0.07518556947880917
0.07518556947880917
0.07518556947880917
0.07518556947880917
0.07518556947880917
0.07518556947880917
0.07518556947880917
0.07518556947880917
0.07518556947880917
0.07518556947880917
0.0752653843084045
0.0752653843084045
0.0752653843084045
0.0752653843084045
0.0752653843084045
0.0752653843084045
0.0752653843084045
0.0752653843084045
0.0752653843084045
0.0752653843084045
0.0752653843084045
0.0752653843084045
0.0752653843084045
0.0752653843084045
0.0752653843084045
0.0752653843084045
0.0752653843084045
0.0752653843084045
0.0752653843084045
0.0752653843084045
0.07534519913799984
0.07534519913799984
0.07534519913799984
0.07534519913799984
0.07534519913799984
0.07534519913799984
0.07534519913799984
0.07534519913799984
0.07534519913799984
0.07534519913799984
0.07534519913799984
0.07534519913799984
0.07534519913799984
0.07534519913799984
0.07534519913799984
0.07534519913799984
0.07534519913799984
0.07534519913799984
0.07534519913799984
0.07534519913799984
0.07534519913799984
0.07534519913799984
0.07534519913799984
0.07534519913799984
0.07534519913799984
0.07534519913799984
0.07534519913799984
0.07534519913799984
0.07534519913799984
0.07534519913799984
0.07534519913799984
0.07534519913799984
0.07534519913799984
0.07534519913799984
0.07534519913799984
0.07534519913799984
0.07534519913799984
0.07534519913799984
0.07534519913799984
0.07534519913799984
0.07534519913799984
0.07534519913799984
0.07534519913799984
0.07534519913799984
0.07534519913799984
0.07534519913799984
0.07534519913799984
0.07534519913799984
0.07534519913799984
0.07534519913799984
0.07534519913799984
0.07534519913799984
0.07534519913799984
0.07534519913799984
0.07534519913799984
0.07534519913799984
0.07534519913799984
0.07534519913799984
0.07534519913799984
0.07542501396759518
0.07542501396759518
0.07542501396759518
0.07542501396759518
0.07542501396759518
0.07542501396759518
0.07542501396759518
0.07542501396759518
0.07542501396759518
0.07542501396759518
0.07542501396759518
0.07542501396759518
0.07542501396759518
0.07542501396759518
0.07542501396759518
0.07542501396759518
0.07542501396759518
0.07542501396759518
0.07550482879719052
0.07550482879719052
0.07550482879719052
0.07550482879719052
0.07550482879719052
0.07550482879719052
0.07550482879719052
0.07550482879719052
0.07550482879719052
0.07550482879719052
0.07550482879719052
0.07550482879719052
0.07558464362678585
0.07558464362678585
0.07558464362678585
0.07558464362678585
0.07558464362678585
0.07558464362678585
0.07558464362678585
0.07558464362678585
0.07558464362678585
0.07558464362678585
0.07558464362678585
0.07558464362678585
0.07558464362678585
0.07558464362678585
0.07558464362678585
0.07558464362678585
0.07558464362678585
0.07558464362678585
0.07558464362678585
0.07558464362678585
0.07558464362678585
0.07558464362678585
0.07558464362678585
0.07558464362678585
0.07558464362678585
0.07558464362678585
0.07558464362678585
0.07558464362678585
0.07558464362678585
0.07558464362678585
0.0756644584563812
0.0756644584563812
0.07574427328597653
0.07574427328597653
0.07574427328597653
0.07574427328597653
0.07574427328597653
0.07574427328597653
0.07574427328597653
0.07574427328597653
0.07582408811557187
0.07582408811557187
0.07582408811557187
0.07582408811557187
0.07582408811557187
0.07582408811557187
0.07582408811557187
0.07582408811557187
0.07582408811557187
0.07582408811557187
0.07582408811557187
0.07582408811557187
0.07590390294516722
0.07590390294516722
0.07590390294516722
0.07590390294516722
0.07590390294516722
0.07590390294516722
0.07590390294516722
0.07590390294516722
0.07590390294516722
0.07590390294516722
0.07590390294516722
0.07590390294516722
0.07590390294516722
0.07590390294516722
0.07590390294516722
0.07590390294516722
0.07590390294516722
0.07590390294516722
0.07590390294516722
0.07590390294516722
0.07590390294516722
0.07598371777476255
0.07598371777476255
0.07598371777476255
0.07598371777476255
0.07598371777476255
0.07598371777476255
0.07598371777476255
0.07598371777476255
0.07598371777476255
0.07606353260435789
0.07606353260435789
0.07606353260435789
0.07606353260435789
0.07606353260435789
0.07614334743395323
0.07614334743395323
0.07622316226354857
0.07622316226354857
0.07622316226354857
0.07622316226354857
0.0763029770931439
0.0763029770931439
0.0763029770931439
0.0763029770931439
0.0763029770931439
0.0763029770931439
0.0763029770931439
0.0763029770931439
0.0763029770931439
0.0763029770931439
0.0763029770931439
0.0763029770931439
0.0763029770931439
0.0763029770931439
0.0763029770931439
0.0763029770931439
0.0763029770931439
0.0763029770931439
0.0763029770931439
0.07638279192273925
0.07638279192273925
0.07638279192273925
0.07646260675233459
0.07646260675233459
0.07646260675233459
0.07654242158192992
0.07654242158192992
0.07654242158192992
0.07654242158192992
0.07654242158192992
0.07654242158192992
0.07654242158192992
0.07654242158192992
0.07654242158192992
0.07654242158192992
0.07654242158192992
0.07654242158192992
0.07654242158192992
0.07654242158192992
0.07654242158192992
0.07654242158192992
0.07654242158192992
0.07654242158192992
0.07654242158192992
0.07662223641152525
0.07662223641152525
0.07662223641152525
0.07662223641152525
0.07662223641152525
0.07662223641152525
0.07662223641152525
0.07662223641152525
0.07662223641152525
0.07662223641152525
0.07662223641152525
0.07662223641152525
0.07662223641152525
0.07662223641152525
0.07662223641152525
0.07662223641152525
0.07662223641152525
0.07662223641152525
0.07662223641152525
0.07662223641152525
0.07662223641152525
0.0767020512411206
0.0767020512411206
0.0767020512411206
0.0767020512411206
0.0767020512411206
0.0767020512411206
0.0767020512411206
0.0767020512411206
0.0767020512411206
0.07678186607071594
0.07678186607071594
0.07678186607071594
0.07678186607071594
0.07678186607071594
0.07678186607071594
0.07678186607071594
0.07678186607071594
0.07678186607071594
0.07678186607071594
0.07678186607071594
0.07686168090031127
0.07686168090031127
0.07686168090031127
0.07686168090031127
0.07686168090031127
0.07686168090031127
0.07686168090031127
0.07686168090031127
0.07686168090031127
0.07686168090031127
0.07686168090031127
0.07694149572990662
0.07694149572990662
0.07694149572990662
0.07694149572990662
0.07694149572990662
0.07694149572990662
0.07694149572990662
0.07694149572990662
0.07694149572990662
0.07694149572990662
0.07694149572990662
0.07694149572990662
0.07694149572990662
0.07694149572990662
0.07694149572990662
0.07694149572990662
0.07694149572990662
0.07694149572990662
0.07694149572990662
0.07694149572990662
0.07694149572990662
0.07694149572990662
0.07694149572990662
0.07694149572990662
0.07694149572990662
0.07694149572990662
0.07694149572990662
0.07694149572990662
0.07694149572990662
0.07694149572990662
0.07702131055950195
0.07702131055950195
0.07702131055950195
0.07702131055950195
0.07702131055950195
0.07702131055950195
0.07702131055950195
0.07710112538909729
0.07710112538909729
0.07710112538909729
0.07710112538909729
0.07710112538909729
0.07710112538909729
0.07710112538909729
0.07710112538909729
0.07710112538909729
0.07710112538909729
0.07710112538909729
0.07710112538909729
0.07710112538909729
0.07710112538909729
0.07710112538909729
0.07710112538909729
0.07710112538909729
0.07710112538909729
0.07710112538909729
0.07710112538909729
0.07710112538909729
0.07710112538909729
0.07710112538909729
0.07710112538909729
0.07710112538909729
0.07710112538909729
0.07710112538909729
0.07726075504828797
0.0773405698778833
0.0773405698778833
0.0773405698778833
0.0773405698778833
0.0773405698778833
0.0773405698778833
0.0773405698778833
0.0773405698778833
0.0773405698778833
0.0773405698778833
0.07742038470747865
0.07742038470747865
0.07742038470747865
0.07742038470747865
0.07742038470747865
0.07742038470747865
0.07742038470747865
0.07742038470747865
0.07742038470747865
0.07742038470747865
0.07742038470747865
0.07742038470747865
0.07742038470747865
0.07742038470747865
0.07742038470747865
0.07742038470747865
0.07750019953707399
0.07750019953707399
0.07750019953707399
0.07750019953707399
0.07750019953707399
0.07750019953707399
0.07758001436666932
0.07758001436666932
0.07758001436666932
0.07758001436666932
0.07758001436666932
0.07758001436666932
0.07758001436666932
0.07758001436666932
0.07758001436666932
0.07758001436666932
0.07758001436666932
0.07758001436666932
0.07765982919626467
0.07765982919626467
0.07765982919626467
0.07773964402586
0.07773964402586
0.07781945885545534
0.07781945885545534
0.07781945885545534
0.07781945885545534
0.07781945885545534
0.07781945885545534
0.07781945885545534
0.07781945885545534
0.07781945885545534
0.07781945885545534
0.07781945885545534
0.07781945885545534
0.07781945885545534
0.07781945885545534
0.07781945885545534
0.07789927368505069
0.07789927368505069
0.07789927368505069
0.07789927368505069
0.07789927368505069
0.07789927368505069
0.07789927368505069
0.07789927368505069
0.07789927368505069
0.07789927368505069
0.07789927368505069
0.07789927368505069
0.07789927368505069
0.07789927368505069
0.07789927368505069
0.07789927368505069
0.07789927368505069
0.07789927368505069
0.07789927368505069
0.07789927368505069
0.07789927368505069
0.07789927368505069
0.07789927368505069
0.07789927368505069
0.07789927368505069
0.07789927368505069
0.07789927368505069
0.07789927368505069
0.07789927368505069
0.07789927368505069
0.07789927368505069
0.07789927368505069
0.07789927368505069
0.07789927368505069
0.07789927368505069
0.07789927368505069
0.07789927368505069
0.07789927368505069
0.07789927368505069
0.07789927368505069
0.07789927368505069
0.07789927368505069
0.07789927368505069
0.07789927368505069
0.07957538510655279
0.07957538510655279
0.07957538510655279
0.07957538510655279
0.07957538510655279
0.07957538510655279
0.07957538510655279
0.07957538510655279
0.07957538510655279
0.07957538510655279
0.07957538510655279
0.07957538510655279
0.07957538510655279
0.07957538510655279
0.07957538510655279
0.07957538510655279
0.07957538510655279
0.07957538510655279
0.07957538510655279
0.07957538510655279
0.07957538510655279
0.07957538510655279
0.07957538510655279
0.07957538510655279
0.07957538510655279
0.07957538510655279
0.07957538510655279
0.07957538510655279
