0.24463245270971345
0.28525820097374094
0.2996248703009019
0.3066485753052917
0.31016042780748665
0.3125548726953468
0.315188762071993
0.31758320695985315
0.3187804294037832
0.32101524463245273
0.3229308005427408
0.32476654162343366
0.32604357889695906
0.3270811716816985
0.3285178386144146
0.32987469071753533
0.3308324686726794
0.3315508021390374
0.3323489504349908
0.33330672839013487
0.3337058025381116
0.334503950834065
0.33506265464123236
0.33546172878920905
0.3357809881075904
0.3359406177667811
0.33649932157394846
0.33673876606273445
0.3370580253811158
0.3375369143586878
0.3382552478250459
0.33857450714342724
0.33873413680261794
0.3390533961209993
0.33977172958735735
0.34017080373533404
0.3407295075425014
0.34104876686088276
0.3413680261792641
0.3419267299864315
0.3424056189640035
0.34272487828238485
0.3429643227711709
0.34328358208955223
0.34360284140793357
0.34392210072631496
0.3440019155559103
0.344400989703887
0.344640434192673
0.3448000638518637
0.345119323170245
0.34519913799984037
0.34535876765903106
0.3458376566366031
0.34591747146619845
0.3462367307845798
0.3463963604437705
0.34647617527336577
0.3467156197621518
0.34703487908053315
0.34719450873972385
0.3479926570356772
0.34831191635405856
0.34847154601324926
0.3487908053316306
0.34903024982041664
0.3492696943092026
0.3494293239683933
0.34966876845717937
0.34990821294596536
0.35006784260515605
0.3502274722643467
0.35030728709394204
0.35046691675313274
0.3505467315827281
0.3507861760715141
0.3509458057307048
0.3512650650490861
0.35150450953787216
0.35158432436746745
0.35158432436746745
0.35158432436746745
0.35174395402665815
0.3519833985154442
0.3520632133450395
0.3522228430042302
0.3522228430042302
0.3523026578338255
0.3524622874930162
0.3525421023226115
0.3527017319818022
0.35302099130018355
0.3532604357889696
0.35334025061856494
0.35334025061856494
0.3536595099369463
0.35373932476654163
0.35373932476654163
0.353819139596137
0.3539787692553276
0.3539787692553276
0.35405858408492297
0.3541383989145183
0.354298028573709
0.354537473062495
0.35477691755128105
0.35477691755128105
0.3548567323808764
0.3550961768696624
0.3552558065288531
0.3553356213584484
0.3554154361880437
0.3555750658472344
0.35565488067682977
0.35589432516561575
0.35605395482480645
0.35621358448399715
0.3563732141431878
0.3563732141431878
0.3563732141431878
0.3563732141431878
0.3565328438023785
0.3566924734615692
0.35693191795035517
0.35693191795035517
0.35693191795035517
0.3571713624391412
0.3572511772687365
0.35733099209833186
0.35765025141671325
0.35788969590549924
0.3581291403942853
0.3582887700534759
0.3582887700534759
0.3582887700534759
0.3582887700534759
0.3584483997126666
0.3584483997126666
0.35876765903104796
0.35876765903104796
0.35876765903104796
0.3588474738606433
0.35908691834942935
0.35908691834942935
0.35908691834942935
0.35916673317902464
0.35932636283821534
0.35932636283821534
0.35932636283821534
0.3594061776678107
0.35948599249740604
0.35956580732700133
0.35956580732700133
0.35956580732700133
0.35956580732700133
0.3598052518157874
0.3598850666453827
0.35996488147497807
0.36004469630457336
0.3601245111341687
0.3601245111341687
0.36020432596376406
0.3604437704525501
0.3605235852821454
0.36060340011174075
0.3606832149413361
0.36076302977093144
0.3608428446005268
0.36092265943012214
0.36100247425971743
0.36116210391890813
0.3613217335780988
0.3614015484076942
0.3614015484076942
0.3614015484076942
0.3614015484076942
0.36148136323728947
0.3615611780668848
0.36164099289648016
0.36180062255567086
0.3619602522148615
0.36204006704445685
0.36204006704445685
0.36204006704445685
0.3621198818740522
0.36219969670364754
0.36219969670364754
0.3622795115332429
0.36235932636283824
0.36235932636283824
0.36259877085162423
0.36259877085162423
0.3626785856812196
0.3626785856812196
0.3627584005108149
0.36291803017000557
0.3629978449996009
0.3629978449996009
0.3629978449996009
0.36323728948838696
0.36323728948838696
0.36331710431798225
0.36331710431798225
0.36331710431798225
0.3633969191475776
0.3633969191475776
0.36347673397717295
0.36347673397717295
0.36363636363636365
0.36363636363636365
0.36363636363636365
0.3637959932955543
0.3637959932955543
0.36387580812514964
0.36387580812514964
0.36387580812514964
0.36387580812514964
0.36387580812514964
0.36387580812514964
0.36387580812514964
0.36403543778434033
0.3642748822731263
0.36435469710272167
0.36435469710272167
0.364434511932317
0.364434511932317
0.36467395642110306
0.36467395642110306
0.36491340090988905
0.36507303056907975
0.3651528453986751
0.3652326602282704
0.3652326602282704
0.36531247505786574
0.36531247505786574
0.36531247505786574
0.36531247505786574
0.36531247505786574
0.36531247505786574
0.3653922898874611
0.3653922898874611
0.3653922898874611
0.3653922898874611
0.3655519195466518
0.3655519195466518
0.3655519195466518
0.36563173437624713
0.36579136403543777
0.36595099369462847
0.3660308085242238
0.36619043818341446
0.3662702530130098
0.3662702530130098
0.3662702530130098
0.3664298826722005
0.3664298826722005
0.3664298826722005
0.3664298826722005
0.36650969750179585
0.3668289568201772
0.36690877164977254
0.3669885864793679
0.3669885864793679
0.3669885864793679
0.36706840130896323
0.36706840130896323
0.3671482161385585
0.3671482161385585
0.3671482161385585
0.3672280309681539
0.3673078457977492
0.36738766062734457
0.36738766062734457
0.36738766062734457
0.36738766062734457
0.36738766062734457
0.3674674754569399
0.3674674754569399
0.3675472902865352
0.3675472902865352
0.3675472902865352
0.3675472902865352
0.36762710511613056
0.3677069199457259
0.3677069199457259
0.36778673477532126
0.36778673477532126
0.3678665496049166
0.3678665496049166
0.3678665496049166
0.3678665496049166
0.36794636443451195
0.36802617926410724
0.3681059940937026
0.3681059940937026
0.36818580892329794
0.36818580892329794
0.36818580892329794
0.36818580892329794
0.3682656237528933
0.3682656237528933
0.36834543858248864
0.3685050682416793
0.3685050682416793
0.3685848830712746
0.36866469790087
0.36866469790087
0.36866469790087
0.36882432756006067
0.36882432756006067
0.36882432756006067
0.36882432756006067
0.36882432756006067
0.36882432756006067
0.36882432756006067
0.36882432756006067
0.36882432756006067
0.36882432756006067
0.368904142389656
0.3689839572192513
0.369143586878442
0.36922340170803736
0.3693032165376327
0.36938303136722805
0.36938303136722805
0.3695426610264187
0.36962247585601404
0.36962247585601404
0.36962247585601404
0.36962247585601404
0.3697022906856094
0.36978210551520474
0.37002155000399073
0.3701013648335861
0.3701013648335861
0.3701013648335861
0.3701811796631814
0.3702609944927768
0.3702609944927768
0.3703408093223721
0.3703408093223721
0.3704206241519674
0.3704206241519674
0.3704206241519674
0.3704206241519674
0.3705802538111581
0.3705802538111581
0.3705802538111581
0.3705802538111581
0.37066006864075346
0.37066006864075346
0.37081969829994416
0.37089951312953945
0.3709793279591348
0.3709793279591348
0.3709793279591348
0.3709793279591348
0.3709793279591348
0.3709793279591348
0.37105914278873015
0.37121877244792084
0.37121877244792084
0.37121877244792084
0.37121877244792084
0.3713784021071115
0.3713784021071115
0.37145821693670683
0.3715380317663022
0.3715380317663022
0.3715380317663022
0.3715380317663022
0.3715380317663022
0.3715380317663022
0.3715380317663022
0.3716976614254929
0.3718572910846835
0.37193710591427886
0.37193710591427886
0.3720169207438742
0.3720169207438742
0.3720169207438742
0.3720169207438742
0.3720169207438742
0.3721765504030649
0.3721765504030649
0.3722563652326602
0.3722563652326602
0.3722563652326602
0.3722563652326602
0.3722563652326602
0.3722563652326602
0.3722563652326602
0.3722563652326602
0.3722563652326602
0.3722563652326602
0.3722563652326602
0.3722563652326602
0.37233618006225555
0.37233618006225555
0.37233618006225555
0.37233618006225555
0.37233618006225555
0.37233618006225555
0.37233618006225555
0.3724159948918509
0.37249580972144625
0.37249580972144625
0.37249580972144625
0.37249580972144625
0.3725756245510416
0.37265543938063694
0.37265543938063694
0.37265543938063694
0.37273525421023224
0.37273525421023224
0.3728150690398276
0.3728150690398276
0.37289488386942293
0.37289488386942293
0.37289488386942293
0.37289488386942293
0.37289488386942293
0.3729746986990183
0.3729746986990183
0.3729746986990183
0.3729746986990183
0.3729746986990183
0.37305451352861363
0.37305451352861363
0.373134328358209
0.373134328358209
0.373134328358209
0.373134328358209
0.373134328358209
0.37321414318780427
0.37321414318780427
0.37321414318780427
0.3732939580173996
0.3732939580173996
0.3732939580173996
0.3732939580173996
0.37337377284699497
0.3734535876765903
0.3734535876765903
0.3734535876765903
0.37353340250618566
0.37353340250618566
0.373613217335781
0.373613217335781
0.373613217335781
0.373613217335781
0.373613217335781
0.3736930321653763
0.3736930321653763
0.3736930321653763
0.3736930321653763
0.3736930321653763
0.3736930321653763
0.3736930321653763
0.3736930321653763
0.37377284699497165
0.37377284699497165
0.37377284699497165
0.37377284699497165
0.37377284699497165
0.37393247665416235
0.37393247665416235
0.37393247665416235
0.37393247665416235
0.37393247665416235
0.37393247665416235
0.3740122914837577
0.37417192114294834
0.37417192114294834
0.37417192114294834
0.37417192114294834
0.37417192114294834
0.37417192114294834
0.37417192114294834
0.37417192114294834
0.37417192114294834
0.37417192114294834
0.37417192114294834
0.37417192114294834
0.37417192114294834
0.37433155080213903
0.37433155080213903
0.37433155080213903
0.37433155080213903
0.37433155080213903
0.3744113656317344
0.3744113656317344
0.3744113656317344
0.3744113656317344
0.3744113656317344
0.3744113656317344
0.3744113656317344
0.3744113656317344
0.37449118046132973
0.37449118046132973
0.37449118046132973
0.37449118046132973
0.37449118046132973
0.3745709952909251
0.3745709952909251
0.3745709952909251
0.37465081012052037
0.37465081012052037
0.37465081012052037
0.37465081012052037
0.37465081012052037
0.37465081012052037
0.37465081012052037
0.37465081012052037
0.37465081012052037
0.37465081012052037
0.37465081012052037
0.37465081012052037
0.37481043977971107
0.37481043977971107
0.37481043977971107
0.37497006943890177
0.3750498842684971
0.3751296990980924
0.3751296990980924
0.3751296990980924
0.3751296990980924
0.3751296990980924
0.3751296990980924
0.37520951392768775
0.37520951392768775
0.37520951392768775
0.37520951392768775
0.37520951392768775
0.37520951392768775
0.37520951392768775
0.37520951392768775
0.37520951392768775
0.37520951392768775
0.37520951392768775
0.37520951392768775
0.37520951392768775
0.37520951392768775
0.37520951392768775
0.37520951392768775
0.37520951392768775
0.3752893287572831
0.3752893287572831
0.37536914358687845
0.3754489584164738
0.3754489584164738
0.3754489584164738
0.3754489584164738
0.3754489584164738
0.3754489584164738
0.3754489584164738
0.3754489584164738
0.3754489584164738
0.3754489584164738
0.3755287732460691
0.37560858807566444
0.3756884029052598
0.3756884029052598
0.3756884029052598
0.3756884029052598
0.3756884029052598
0.3756884029052598
0.3756884029052598
0.3756884029052598
0.3756884029052598
0.3756884029052598
0.3756884029052598
0.37576821773485514
0.37576821773485514
0.37576821773485514
0.37576821773485514
0.37576821773485514
0.37576821773485514
0.37576821773485514
0.37576821773485514
0.37576821773485514
0.37576821773485514
0.3758480325644505
0.37592784739404583
0.37592784739404583
0.37592784739404583
0.37592784739404583
0.37592784739404583
0.37592784739404583
0.37592784739404583
0.37592784739404583
0.3760076622236411
0.3760076622236411
0.3760076622236411
0.3760076622236411
0.3760874770532365
0.3760874770532365
0.3760874770532365
0.3760874770532365
0.37624710671242717
0.37624710671242717
0.37624710671242717
0.3763269215420225
0.3763269215420225
0.3763269215420225
0.3763269215420225
0.3763269215420225
0.37640673637161787
0.37640673637161787
0.37640673637161787
0.37640673637161787
0.37648655120121316
0.37648655120121316
0.37648655120121316
0.37648655120121316
0.37648655120121316
0.3765663660308085
0.3765663660308085
0.3765663660308085
0.37664618086040386
0.37664618086040386
0.37664618086040386
0.3767259956899992
0.3767259956899992
0.3767259956899992
0.3768856253491899
0.3768856253491899
0.3768856253491899
0.3768856253491899
0.3768856253491899
0.3769654401787852
0.3769654401787852
0.3769654401787852
0.3769654401787852
0.37704525500838054
0.37704525500838054
0.37704525500838054
0.3771250698379759
0.3771250698379759
0.37720488466757124
0.37720488466757124
0.37720488466757124
0.37720488466757124
0.37720488466757124
0.37720488466757124
0.3772846994971666
0.3772846994971666
0.3772846994971666
0.3772846994971666
0.37736451432676194
0.37744432915635723
0.37744432915635723
0.37744432915635723
0.37744432915635723
0.37744432915635723
0.3776039588155479
0.3777635884747386
0.37784340330433397
0.37784340330433397
0.37784340330433397
0.37784340330433397
0.37784340330433397
0.37784340330433397
0.37784340330433397
0.37792321813392926
0.37792321813392926
0.3780030329635246
0.37808284779311996
0.3781626626227153
0.37824247745231065
0.378322292281906
0.378322292281906
0.378322292281906
0.378322292281906
0.37848192194109664
0.37848192194109664
0.378561736770692
0.37864155160028734
0.37864155160028734
0.37864155160028734
0.3787213664298827
0.3787213664298827
0.37888099608907333
0.3789608109186687
0.379040625748264
0.379040625748264
0.379040625748264
0.379040625748264
0.379040625748264
0.379040625748264
0.379040625748264
0.379040625748264
0.379040625748264
0.3792002554074547
0.3792002554074547
0.3792002554074547
0.3792002554074547
0.37928007023705007
0.37928007023705007
0.37928007023705007
0.37928007023705007
0.37928007023705007
0.37935988506664536
0.37935988506664536
0.37935988506664536
0.37935988506664536
0.37935988506664536
0.37935988506664536
0.37935988506664536
0.37935988506664536
0.37935988506664536
0.37935988506664536
0.37935988506664536
0.37935988506664536
0.37935988506664536
0.37935988506664536
0.37935988506664536
0.37935988506664536
0.37935988506664536
0.3794396998962407
0.37951951472583606
0.37951951472583606
0.37951951472583606
0.37951951472583606
0.3795993295554314
0.3795993295554314
0.3795993295554314
0.3795993295554314
0.37967914438502676
0.37967914438502676
0.37967914438502676
0.37967914438502676
0.37967914438502676
0.37967914438502676
0.37975895921462205
0.37975895921462205
0.37975895921462205
0.37975895921462205
0.37975895921462205
0.37975895921462205
0.37975895921462205
0.3798387740442174
0.3798387740442174
0.3798387740442174
0.37991858887381275
0.37991858887381275
0.37991858887381275
0.37991858887381275
0.37991858887381275
0.37991858887381275
0.37991858887381275
0.3799984037034081
0.3799984037034081
0.3799984037034081
0.3799984037034081
0.3799984037034081
0.3799984037034081
0.3799984037034081
0.3799984037034081
0.3799984037034081
0.3799984037034081
0.3799984037034081
0.3799984037034081
0.3799984037034081
0.3799984037034081
0.3799984037034081
0.3799984037034081
0.3799984037034081
0.3799984037034081
0.38007821853300344
0.38007821853300344
0.38007821853300344
0.38007821853300344
0.38007821853300344
0.38007821853300344
0.38007821853300344
0.3801580333625988
0.3801580333625988
0.3801580333625988
0.3802378481921941
0.3802378481921941
0.3802378481921941
0.3802378481921941
0.3802378481921941
0.3802378481921941
0.3802378481921941
0.38031766302178943
0.38031766302178943
0.38031766302178943
0.38031766302178943
0.38031766302178943
0.38031766302178943
0.38031766302178943
0.38031766302178943
0.38031766302178943
0.38031766302178943
0.38031766302178943
0.38031766302178943
0.38031766302178943
0.38031766302178943
0.38031766302178943
0.38031766302178943
0.38031766302178943
0.38031766302178943
0.38031766302178943
0.38031766302178943
0.3803974778513848
0.3803974778513848
0.3803974778513848
0.3803974778513848
0.3803974778513848
0.3803974778513848
0.3803974778513848
0.38047729268098013
0.38047729268098013
0.38047729268098013
0.38047729268098013
0.38047729268098013
0.38047729268098013
0.38047729268098013
0.38047729268098013
0.38047729268098013
0.3805571075105755
0.3805571075105755
0.3805571075105755
0.3805571075105755
0.3805571075105755
0.3805571075105755
0.3805571075105755
0.3805571075105755
0.3805571075105755
0.3805571075105755
0.3805571075105755
0.3805571075105755
0.3805571075105755
0.3805571075105755
0.3805571075105755
0.3805571075105755
0.3805571075105755
0.3805571075105755
0.3805571075105755
0.3805571075105755
0.3806369223401708
0.3806369223401708
0.3806369223401708
0.3806369223401708
0.3806369223401708
0.3807167371697661
0.3807167371697661
0.3807167371697661
0.38079655199936147
0.3808763668289568
0.38095618165855216
0.38095618165855216
0.3810359964881475
0.3810359964881475
0.3810359964881475
0.3810359964881475
0.3810359964881475
0.38111581131774286
0.38111581131774286
0.38119562614733815
0.38119562614733815
0.38119562614733815
0.38119562614733815
0.38119562614733815
0.38119562614733815
0.38119562614733815
0.38119562614733815
0.38119562614733815
0.38119562614733815
0.38119562614733815
0.38119562614733815
0.38119562614733815
0.38119562614733815
0.38119562614733815
0.38119562614733815
0.38119562614733815
0.38119562614733815
0.38119562614733815
0.38119562614733815
0.38119562614733815
0.38119562614733815
0.38119562614733815
0.38119562614733815
0.3812754409769335
0.3812754409769335
0.3812754409769335
0.3812754409769335
0.3812754409769335
0.3812754409769335
0.3812754409769335
0.3812754409769335
0.3812754409769335
0.3812754409769335
0.38135525580652885
0.38135525580652885
0.3814350706361242
0.38151488546571954
0.38151488546571954
0.3815947002953149
0.3815947002953149
0.3816745151249102
0.38175432995450553
0.38175432995450553
0.3818341447841009
0.3818341447841009
0.3818341447841009
0.3818341447841009
0.3818341447841009
0.3818341447841009
0.38191395961369623
0.3819937744432916
0.3819937744432916
0.3819937744432916
0.3819937744432916
0.3819937744432916
0.3819937744432916
0.3819937744432916
0.3819937744432916
0.3819937744432916
0.3820735892728869
0.3820735892728869
0.3820735892728869
0.3820735892728869
0.3820735892728869
0.3820735892728869
0.3820735892728869
0.3820735892728869
0.3820735892728869
0.3821534041024822
0.3821534041024822
0.38223321893207757
0.38223321893207757
0.38223321893207757
0.38223321893207757
0.3823130337616729
0.3823130337616729
0.3823130337616729
0.3823130337616729
0.3823130337616729
0.3823130337616729
0.38239284859126826
0.38239284859126826
0.38239284859126826
0.38239284859126826
0.38239284859126826
0.38239284859126826
0.38239284859126826
0.38239284859126826
0.38239284859126826
0.38239284859126826
0.38239284859126826
0.38239284859126826
0.38239284859126826
0.38239284859126826
0.38239284859126826
0.3824726634208636
0.3824726634208636
0.3824726634208636
0.3824726634208636
0.3824726634208636
0.3824726634208636
0.3824726634208636
0.3824726634208636
0.3824726634208636
0.3824726634208636
0.3824726634208636
0.3824726634208636
0.3824726634208636
0.38255247825045896
0.38263229308005425
0.38263229308005425
0.38263229308005425
0.38263229308005425
0.38263229308005425
0.38263229308005425
0.38263229308005425
0.38263229308005425
0.38263229308005425
0.38263229308005425
0.38263229308005425
0.38263229308005425
0.38263229308005425
0.38263229308005425
0.38263229308005425
0.38263229308005425
0.38263229308005425
0.38263229308005425
0.38263229308005425
0.3827121079096496
0.3827121079096496
0.3827121079096496
0.3827121079096496
0.3827121079096496
0.3828717375688403
0.3828717375688403
0.3828717375688403
0.3828717375688403
0.3828717375688403
0.3828717375688403
