0.016592095451155853
0.026783494904300275
0.032252050708426544
0.03753417847377579
0.041759880686055184
0.045053442704449415
0.04760129256773552
0.05077056922694507
0.053131991051454136
0.05474770072085508
0.05673626646781009
0.0587248322147651
0.06002982848620433
0.061769823514789955
0.06357196122296793
0.0643798160576684
0.06556052696992294
0.06655480984340045
0.06748695003728561
0.0691648023862789
0.07040765597812577
0.07121551081282625
0.07214765100671142
0.07307979120059657
0.07376336067611236
0.0743847874720358
0.07506835694755158
0.07556549838429033
0.07618692518021378
0.07680835197613721
0.0773676360924683
0.0779269202087994
0.0786104896843152
0.07916977380064628
0.07991548595575441
0.08022619935371614
0.08078548347004723
0.08128262490678598
0.08177976634352473
0.08202833706189411
0.08252547849863286
0.08308476261496396
0.08345761869251803
0.08376833209047974
0.08432761620681084
0.08463832960477256
0.08482475764354959
0.08519761372110365
0.0856947551578424
0.08619189659458115
0.0868133233905046
0.08712403678846632
0.08749689286602039
0.0879318916231668
0.08855331841909023
0.08867760377827492
0.08892617449664429
0.08960974397216008
0.08985831469052946
0.09029331344767587
0.09054188416604524
0.0909147402435993
0.09134973900074571
0.09153616703952275
0.09190902311707681
0.09228187919463088
0.09253044991300025
0.09259259259259259
0.093027591349739
0.09327616206810838
0.09346259010688542
0.09389758886403182
0.09427044494158589
0.09439473030077057
0.09445687298036291
0.09489187173750932
0.0951404424558787
0.09520258513547104
0.09557544121302511
0.09576186925180213
0.09588615461098683
0.09619686800894854
0.09644543872731792
0.0966940094456873
0.09700472284364901
0.09706686552324137
0.0972532935620184
0.09737757892120308
0.09762614963957246
0.09781257767834949
0.09812329107631121
0.09830971911508825
0.09868257519264231
0.09893114591101168
0.09917971662938106
0.09930400198856575
0.09961471538652747
0.09998757146408153
0.1002361421824509
0.10042257022122794
0.10067114093959731
0.10098185433755903
0.10129256773552076
0.10160328113348248
0.10185185185185185
0.10197613721103654
0.10210042257022123
0.10222470792940591
0.10234899328859061
0.10259756400695998
0.10272184936614467
0.10278399204573702
0.10303256276410638
0.10309470544369873
0.10340541884166045
0.10352970420084515
0.10384041759880686
0.10415113099676858
0.10421327367636092
0.1044618443947303
0.10458612975391499
0.10520755654983843
0.10551826994780016
0.10576684066616952
0.1058911260253542
0.10595326870494656
0.1060154113845389
0.10620183942331593
0.10626398210290827
0.10657469550087
0.10676112353964703
0.10682326621923938
0.10694755157842406
0.1071339796172011
0.10738255033557047
0.10787969177230922
0.10806611981108626
0.10837683320904798
0.10850111856823266
0.108563261247825
0.10862540392741735
0.10874968928660204
0.10881183196619439
0.1091225453641561
0.10949540144171016
0.10961968680089486
0.10974397216007954
0.11005468555804127
0.11024111359681829
0.11024111359681829
0.11024111359681829
0.11042754163559533
0.11061396967437236
0.1108003977131494
0.11098682575192642
0.11098682575192642
0.11117325379070346
0.11129753914988814
0.11129753914988814
0.11135968182948049
0.11142182450907283
0.11160825254784987
0.11160825254784987
0.11173253790703455
0.11185682326621924
0.11198110862540393
0.11204325130499627
0.1122296793437733
0.112353964702958
0.11254039274173502
0.11266467810091971
0.11285110613969675
0.11291324881928909
0.11291324881928909
0.11291324881928909
0.11303753417847377
0.1133482475764355
0.1133482475764355
0.11353467561521252
0.11353467561521252
0.11372110365398956
0.11372110365398956
0.11384538901317424
0.11396967437235894
0.11403181705195128
0.11415610241113597
0.11428038777032065
0.114342530449913
0.11452895848869003
0.11465324384787472
0.11471538652746706
0.1149018145662441
0.11496395724583644
0.11515038528461347
0.11527467064379816
0.11539895600298285
0.11546109868257519
0.11552324136216753
0.11564752672135223
0.11570966940094457
0.11583395476012925
0.11583395476012925
0.1158960974397216
0.11595824011931395
0.11626895351727566
0.11651752423564504
0.11664180959482973
0.11670395227442207
0.11689038031319911
0.11695252299279145
0.11707680835197613
0.11713895103156848
0.11720109371116083
0.11720109371116083
0.11726323639075317
0.11732537907034551
0.1175739497887149
0.11763609246830724
0.11782252050708426
0.11782252050708426
0.1178846631866766
0.1180089485458613
0.11819537658463833
0.11831966194382301
0.11844394730300771
0.11850608998260005
0.1185682326621924
0.11881680338056178
0.11887894606015412
0.11894108873974646
0.1190032314193388
0.11912751677852348
0.11925180213770818
0.11931394481730052
0.11956251553566989
0.11956251553566989
0.11962465821526225
0.11962465821526225
0.11968680089485459
0.11974894357444693
0.11981108625403927
0.11987322893363161
0.11987322893363161
0.11993537161322396
0.12024608501118568
0.12024608501118568
0.12043251304996272
0.12061894108873975
0.12074322644792443
0.12080536912751678
0.12080536912751678
0.12086751180710913
0.12092965448670147
0.12117822520507084
0.12130251056425553
0.12142679592344022
0.1216753666418096
0.12179965200099428
0.12186179468058662
0.12192393736017897
0.12198608003977132
0.12204822271936366
0.12204822271936366
0.122110365398956
0.122110365398956
0.12223465075814069
0.12235893611732537
0.12242107879691773
0.12242107879691773
0.12242107879691773
0.12242107879691773
0.12254536415610241
0.12260750683569475
0.12260750683569475
0.12273179219487944
0.12285607755406414
0.12291822023365648
0.12304250559284116
0.12316679095202585
0.1232289336316182
0.1232289336316182
0.12335321899080288
0.12353964702957991
0.12360178970917227
0.12372607506835695
0.12378821774794929
0.12391250310713398
0.12403678846631867
0.12416107382550336
0.12416107382550336
0.12416107382550336
0.12428535918468804
0.12434750186428038
0.12434750186428038
0.12440964454387274
0.12447178722346508
0.12453392990305742
0.12459607258264976
0.12459607258264976
0.12472035794183445
0.12484464330101915
0.12496892866020383
0.12496892866020383
0.12503107133979618
0.12515535669898087
0.1253417847377579
0.12546607009694258
0.12559035545612726
0.12559035545612726
0.1256524981357196
0.12583892617449666
0.125901068854089
0.125901068854089
0.12596321153368134
0.12602535421327368
0.12608749689286602
0.12627392493164305
0.1263360676112354
0.12639821029082773
0.12652249565001242
0.12664678100919713
0.12664678100919713
0.12664678100919713
0.12670892368878947
0.1267710663683818
0.1267710663683818
0.12683320904797415
0.12683320904797415
0.1268953517275665
0.12701963708675118
0.12708177976634352
0.1272060651255282
0.1274546358438976
0.12751677852348994
0.12751677852348994
0.12757892120308229
0.12764106388267463
0.12770320656226697
0.1277653492418593
0.127889634601044
0.12795177728063634
0.12801391996022868
0.12801391996022868
0.12813820531941336
0.12813820531941336
0.1282003479990057
0.12826249067859807
0.12826249067859807
0.12826249067859807
0.12838677603778276
0.12851106139696744
0.12857320407655978
0.12857320407655978
0.12857320407655978
0.12857320407655978
0.12863534675615212
0.12863534675615212
0.12869748943574447
0.1288839174745215
0.12894606015411383
0.12894606015411383
0.12894606015411383
0.12894606015411383
0.1291324881928909
0.12925677355207557
0.12925677355207557
0.12925677355207557
0.1293189162316679
0.1293189162316679
0.1293189162316679
0.12938105891126025
0.12950534427044494
0.12969177230922196
0.12981605766840665
0.12981605766840665
0.12981605766840665
0.12987820034799902
0.12987820034799902
0.12994034302759136
0.13006462838677604
0.13012677106636839
0.13012677106636839
0.13025105642555307
0.1303131991051454
0.13037534178473775
0.1304374844643301
0.13049962714392244
0.13056176982351478
0.13062391250310712
0.13074819786229183
0.13074819786229183
0.13081034054188417
0.13087248322147652
0.13087248322147652
0.13087248322147652
0.13087248322147652
0.13087248322147652
0.13087248322147652
0.13087248322147652
0.13087248322147652
0.13093462590106886
0.13105891126025354
0.13105891126025354
0.13112105393984588
0.13112105393984588
0.13118319661943822
0.13118319661943822
0.13118319661943822
0.1313074819786229
0.13136962465821525
0.13143176733780762
0.13149391001739996
0.13149391001739996
0.1315560526969923
0.13161819537658465
0.13161819537658465
0.13161819537658465
0.13161819537658465
0.131680338056177
0.13174248073576933
0.13174248073576933
0.13174248073576933
0.13180462341536167
0.13180462341536167
0.13180462341536167
0.131866766094954
0.1319910514541387
0.1319910514541387
0.1319910514541387
0.1319910514541387
0.1319910514541387
0.13205319413373104
0.13205319413373104
0.13211533681332338
0.13211533681332338
0.13217747949291572
0.13217747949291572
0.13217747949291572
0.1322396221725081
0.13230176485210043
0.13230176485210043
0.13230176485210043
0.13230176485210043
0.13236390753169278
0.13242605021128512
0.13242605021128512
0.13242605021128512
0.13248819289087746
0.13248819289087746
0.13248819289087746
0.1325503355704698
0.13267462092965449
0.13267462092965449
0.13273676360924683
0.13273676360924683
0.13279890628883917
0.1328610489684315
0.1328610489684315
0.1328610489684315
0.13292319164802385
0.1329853343276162
0.13304747700720856
0.13304747700720856
0.13304747700720856
0.13304747700720856
0.1331096196868009
0.1332339050459856
0.1332339050459856
0.1332339050459856
0.13342033308476262
0.13342033308476262
0.13348247576435496
0.1335446184439473
0.13360676112353964
0.13360676112353964
0.13360676112353964
0.13366890380313198
0.13373104648272433
0.13385533184190904
0.13385533184190904
0.13385533184190904
0.13397961720109372
0.13404175988068606
0.13404175988068606
0.13404175988068606
0.13404175988068606
0.13404175988068606
0.1341039025602784
0.1341039025602784
0.13416604523987075
0.13435247327864777
0.13460104399701714
0.13460104399701714
0.13460104399701714
0.1346631866766095
0.1346631866766095
0.13472532935620185
0.13472532935620185
0.1347874720357942
0.13491175739497888
0.13497390007457122
0.1350981854337559
0.1350981854337559
0.1350981854337559
0.13516032811334824
0.13516032811334824
0.13516032811334824
0.13522247079294059
0.13528461347253293
0.1354088988317176
0.1354088988317176
0.1354088988317176
0.1354088988317176
0.13559532687049466
0.135657469550087
0.1357817549092717
0.1357817549092717
0.1357817549092717
0.1357817549092717
0.13584389758886403
0.13590604026845637
0.13590604026845637
0.13590604026845637
0.13596818294804872
0.13603032562764106
0.1360924683072334
0.13615461098682574
0.1363410390256028
0.1363410390256028
0.1363410390256028
0.13640318170519514
0.13640318170519514
0.13640318170519514
0.13640318170519514
0.13640318170519514
0.13646532438478748
0.13646532438478748
0.13646532438478748
0.13646532438478748
0.13652746706437982
0.13658960974397216
0.13658960974397216
0.13658960974397216
0.13658960974397216
0.13658960974397216
0.13671389510315685
0.1367760377827492
0.13683818046234153
0.13683818046234153
0.13683818046234153
0.13690032314193387
0.13690032314193387
0.13702460850111856
0.13708675118071093
0.13708675118071093
0.13714889386030327
0.1372110365398956
0.13727317921948795
0.1373353218990803
0.13739746457867263
0.13739746457867263
0.13739746457867263
0.13739746457867263
0.13739746457867263
0.13739746457867263
0.13739746457867263
0.13745960725826498
0.13752174993785732
0.13752174993785732
0.13752174993785732
0.13752174993785732
0.13758389261744966
0.137646035297042
0.13770817797663434
0.13770817797663434
0.13777032065622669
0.13777032065622669
0.13783246333581903
0.1378946060154114
0.13795674869500374
0.13795674869500374
0.13795674869500374
0.13795674869500374
0.13795674869500374
0.13795674869500374
0.13795674869500374
0.13801889137459608
0.13814317673378076
0.13814317673378076
0.13814317673378076
0.13814317673378076
0.13814317673378076
0.13814317673378076
0.1382053194133731
0.1382053194133731
0.1382053194133731
0.1382053194133731
0.1382053194133731
0.1383296047725578
0.1383296047725578
0.1383296047725578
0.1383296047725578
0.1383296047725578
0.1383296047725578
0.1383296047725578
0.13839174745215013
0.13839174745215013
0.13851603281133482
0.13851603281133482
0.13851603281133482
0.13851603281133482
0.13851603281133482
0.13851603281133482
0.13851603281133482
0.13851603281133482
0.13851603281133482
0.13851603281133482
0.13851603281133482
0.13851603281133482
0.13851603281133482
0.1386403181705195
0.1386403181705195
0.13870246085011187
0.13870246085011187
0.13870246085011187
0.13870246085011187
0.13870246085011187
0.13870246085011187
0.13870246085011187
0.13870246085011187
0.13870246085011187
0.13882674620929655
0.1388888888888889
0.1388888888888889
0.1388888888888889
0.1388888888888889
0.1388888888888889
0.1388888888888889
0.1388888888888889
0.1388888888888889
0.1388888888888889
0.1388888888888889
0.1388888888888889
0.13895103156848124
0.13895103156848124
0.13895103156848124
0.13901317424807358
0.13901317424807358
0.13901317424807358
0.13901317424807358
0.13913745960725826
0.13913745960725826
0.1391996022868506
0.1391996022868506
0.1391996022868506
0.1391996022868506
0.1393238876460353
0.13938603032562763
0.13951031568481234
0.13951031568481234
0.13951031568481234
0.13951031568481234
0.13951031568481234
0.13951031568481234
0.13951031568481234
0.13951031568481234
0.13969674372358937
0.13969674372358937
0.13969674372358937
0.13969674372358937
0.13969674372358937
0.13969674372358937
0.13982102908277405
0.13982102908277405
0.13982102908277405
0.1398831717623664
0.1398831717623664
0.1398831717623664
0.1398831717623664
0.1398831717623664
0.13994531444195873
0.13994531444195873
0.13994531444195873
0.13994531444195873
0.14000745712155108
0.14006959980114342
0.14006959980114342
0.14006959980114342
0.14013174248073576
0.1401938851603281
0.1401938851603281
0.1401938851603281
0.14025602783992044
0.14025602783992044
0.14025602783992044
0.1403181705195128
0.1403181705195128
0.14038031319910516
0.14038031319910516
0.14038031319910516
0.1404424558786975
0.1404424558786975
0.1404424558786975
0.14050459855828984
0.14050459855828984
0.14050459855828984
0.14050459855828984
0.14050459855828984
0.14050459855828984
0.14050459855828984
0.14050459855828984
0.14056674123788218
0.14056674123788218
0.14056674123788218
0.14056674123788218
0.14062888391747452
0.14062888391747452
0.14062888391747452
0.14069102659706686
0.14069102659706686
0.14069102659706686
0.14069102659706686
0.14069102659706686
0.14069102659706686
0.14069102659706686
0.14069102659706686
0.14069102659706686
0.1407531692766592
0.1407531692766592
0.1407531692766592
0.14081531195625155
0.1408774546358439
0.1408774546358439
0.14093959731543623
0.14093959731543623
0.14093959731543623
0.14093959731543623
0.14093959731543623
0.14100173999502857
0.14100173999502857
0.14106388267462092
0.14112602535421329
0.14112602535421329
0.14112602535421329
0.14112602535421329
0.14112602535421329
0.14112602535421329
0.14118816803380563
0.14118816803380563
0.14118816803380563
0.14118816803380563
0.14118816803380563
0.14118816803380563
0.14125031071339797
0.14125031071339797
0.14125031071339797
0.14125031071339797
0.14125031071339797
0.14125031071339797
0.14125031071339797
0.14125031071339797
0.14125031071339797
0.14125031071339797
0.14137459607258265
0.14137459607258265
0.14137459607258265
0.14137459607258265
0.14137459607258265
0.14137459607258265
0.14137459607258265
0.141436738752175
0.141436738752175
0.141436738752175
0.141436738752175
0.14149888143176734
0.14149888143176734
0.14149888143176734
0.14149888143176734
0.14156102411135968
0.14156102411135968
0.14156102411135968
0.14156102411135968
0.14162316679095202
0.14168530947054436
0.14168530947054436
0.1417474521501367
0.14180959482972905
0.14193388018891376
0.14193388018891376
0.14193388018891376
0.14193388018891376
0.14193388018891376
0.14193388018891376
0.14193388018891376
0.14205816554809844
0.14205816554809844
0.14205816554809844
0.14205816554809844
0.14205816554809844
0.14205816554809844
0.14212030822769078
0.14212030822769078
0.14212030822769078
0.14212030822769078
0.14212030822769078
0.14212030822769078
0.14212030822769078
0.14212030822769078
0.14218245090728313
0.14218245090728313
0.14224459358687547
0.1423067362664678
0.1423067362664678
0.14236887894606015
0.14236887894606015
0.1424310216256525
0.14249316430524483
0.14249316430524483
0.14249316430524483
0.14249316430524483
0.14249316430524483
0.14249316430524483
0.14249316430524483
0.14249316430524483
0.14249316430524483
0.14255530698483718
0.14255530698483718
0.14255530698483718
0.14261744966442952
0.14261744966442952
0.14261744966442952
0.14261744966442952
0.14267959234402186
0.14267959234402186
0.14274173502361423
0.14274173502361423
0.14274173502361423
0.14274173502361423
0.14280387770320657
0.14286602038279891
0.14286602038279891
0.14286602038279891
0.14286602038279891
0.14286602038279891
0.14286602038279891
0.14286602038279891
0.1429903057419836
0.1429903057419836
0.1429903057419836
0.1429903057419836
0.1429903057419836
0.1429903057419836
0.1429903057419836
0.1429903057419836
0.1429903057419836
0.1429903057419836
0.14311459110116828
0.14311459110116828
0.14311459110116828
0.14311459110116828
0.14311459110116828
0.14317673378076062
0.14317673378076062
0.14323887646035297
0.1433010191399453
0.1433010191399453
0.1433010191399453
0.1433010191399453
0.1433010191399453
0.1433010191399453
0.1433010191399453
0.14336316181953765
0.14342530449913
0.14348744717872233
0.1435495898583147
0.1435495898583147
0.1435495898583147
0.1435495898583147
0.1435495898583147
0.1435495898583147
0.1435495898583147
0.1435495898583147
0.1435495898583147
0.1435495898583147
0.1435495898583147
0.1435495898583147
0.14361173253790704
0.14361173253790704
0.14361173253790704
0.14361173253790704
0.14361173253790704
0.14361173253790704
0.14361173253790704
0.14367387521749939
0.14367387521749939
0.14373601789709173
0.14373601789709173
0.14373601789709173
0.14373601789709173
0.14373601789709173
0.14379816057668407
0.14379816057668407
0.14379816057668407
0.14379816057668407
0.1438603032562764
0.1438603032562764
0.1438603032562764
0.1439845886154611
0.14404673129505344
0.14404673129505344
0.14410887397464578
0.14410887397464578
0.14410887397464578
0.14410887397464578
0.14410887397464578
0.14410887397464578
0.14410887397464578
0.14410887397464578
0.14417101665423812
0.14417101665423812
0.14417101665423812
0.14417101665423812
0.14417101665423812
0.14417101665423812
0.14417101665423812
0.14417101665423812
0.14417101665423812
0.14417101665423812
0.14417101665423812
0.14417101665423812
0.14417101665423812
0.14417101665423812
0.14429530201342283
0.14429530201342283
0.14429530201342283
0.14435744469301517
0.14435744469301517
0.14435744469301517
0.14435744469301517
0.14435744469301517
0.14435744469301517
0.14435744469301517
0.14435744469301517
0.14435744469301517
0.14441958737260752
0.14441958737260752
0.14441958737260752
0.14441958737260752
0.14441958737260752
0.14448173005219986
0.1445438727317922
0.1445438727317922
0.14460601541138454
0.14460601541138454
0.14460601541138454
0.14466815809097688
0.14466815809097688
0.14479244345016157
0.14479244345016157
0.14479244345016157
0.14479244345016157
0.14479244345016157
0.14479244345016157
0.14479244345016157
0.14479244345016157
0.14479244345016157
0.14479244345016157
0.14479244345016157
0.1448545861297539
0.1448545861297539
0.1448545861297539
0.1448545861297539
0.14491672880934625
0.1449788714889386
0.1449788714889386
0.1449788714889386
0.14504101416853094
0.1451031568481233
0.1451031568481233
0.145227442207308
0.14528958488690033
0.14528958488690033
0.14535172756649267
0.14535172756649267
0.14535172756649267
0.14535172756649267
0.14535172756649267
0.14535172756649267
0.14535172756649267
0.14541387024608501
0.14541387024608501
0.14541387024608501
0.14541387024608501
0.14541387024608501
0.14541387024608501
0.14541387024608501
0.14541387024608501
0.14541387024608501
0.14541387024608501
0.14547601292567736
0.14547601292567736
