0.014479244345016157
0.02317921948794432
0.029579915485955753
0.03492418593089734
0.04001988565746955
0.04399701715137957
0.04747700720855083
0.04990057171265225
0.05238627889634601
0.05456127268207805
0.056176982351479
0.05741983594332588
0.05934625901068854
0.06096196868008948
0.06226696495152871
0.0633855331841909
0.06431767337807606
0.06543624161073826
0.0664926671638081
0.06810837683320904
0.06910265970668655
0.06984837186179468
0.07090479741486452
0.07165050956997265
0.07239622172508078
0.07289336316181953
0.07376336067611236
0.07444693015162814
0.07488192890877454
0.07568978374347501
0.07606263982102908
0.07662192393736018
0.07724335073328362
0.0779269202087994
0.0786104896843152
0.07885906040268456
0.07948048719860801
0.07991548595575441
0.08028834203330848
0.08084762614963957
0.08153119562515536
0.08171762366393238
0.08209047974148645
0.0825876211782252
0.08283619189659458
0.08333333333333333
0.08364404673129505
0.08407904548844146
0.08445190156599552
0.08507332836191897
0.08550832711906538
0.08612975391498881
0.08637832463335819
0.08687546607009694
0.087248322147651
0.08755903554561273
0.0878076062639821
0.0883668903803132
0.08873974645786727
0.0893611732537907
0.08973402933134476
0.09004474272930649
0.09029331344767587
0.09060402684563758
0.09110116828237634
0.09134973900074571
0.09153616703952275
0.09178473775789212
0.09228187919463088
0.09259259259259259
0.09296544867014665
0.09333830474770072
0.0935868754660701
0.0935868754660701
0.09371116082525478
0.09408401690280885
0.09420830226199353
0.09439473030077057
0.09464330101913994
0.09495401441710166
0.0951404424558787
0.09545115585384041
0.09569972657220979
0.0961347253293562
0.09632115336813324
0.09644543872731792
0.0966940094456873
0.09688043748446433
0.09712900820283371
0.09719115088242605
0.09743972160079542
0.09775043499875714
0.09812329107631121
0.09868257519264231
0.09886900323141934
0.09911757394978872
0.09942828734775043
0.09998757146408153
0.10011185682326622
0.1002361421824509
0.10042257022122794
0.10048471290082028
0.10073328361918966
0.10104399701715137
0.10160328113348248
0.1017897091722595
0.10210042257022123
0.10228685060899825
0.10241113596818295
0.10247327864777529
0.10259756400695998
0.10284613472532936
0.1029082774049217
0.10303256276410638
0.10340541884166045
0.10365398956002983
0.10421327367636092
0.10433755903554562
0.10452398707432264
0.10471041511309968
0.10520755654983843
0.1055804126273925
0.1058911260253542
0.1060154113845389
0.10607755406413125
0.10645041014168531
0.10651255282127765
0.10669898086005468
0.10694755157842406
0.10707183693760874
0.10719612229679344
0.10744469301516281
0.10756897837434751
0.10787969177230922
0.10800397713149391
0.10825254784986328
0.10843897588864032
0.10881183196619439
0.1091225453641561
0.1092468307233408
0.10937111608252548
0.10949540144171016
0.10961968680089486
0.10986825751926423
0.10999254287844892
0.11017897091722595
0.11048968431518767
0.1106761123539647
0.1108003977131494
0.11086254039274174
0.1111111111111111
0.1111111111111111
0.11135968182948049
0.11160825254784987
0.11173253790703455
0.1117946805866269
0.1117946805866269
0.11191896594581158
0.11216753666418096
0.1122296793437733
0.112353964702958
0.11247825006214268
0.11260253542132737
0.11266467810091971
0.1127889634601044
0.11291324881928909
0.11297539149888143
0.11322396221725081
0.11328610489684315
0.11359681829480488
0.11372110365398956
0.11396967437235894
0.11396967437235894
0.114342530449913
0.11446681580909769
0.11459110116828237
0.11465324384787472
0.11477752920705941
0.11483967188665176
0.11496395724583644
0.11508824260502112
0.11521252796420582
0.11527467064379816
0.1153368133233905
0.11539895600298285
0.11558538404175989
0.11564752672135223
0.11564752672135223
0.11564752672135223
0.11577181208053691
0.11595824011931395
0.11595824011931395
0.11608252547849864
0.116331096196868
0.1164553815560527
0.1164553815560527
0.11657966691523738
0.11695252299279145
0.11707680835197613
0.11713895103156848
0.11726323639075317
0.11732537907034551
0.1175739497887149
0.11763609246830724
0.1178846631866766
0.11794680586626895
0.11807109122545364
0.11807109122545364
0.11819537658463833
0.11825751926423067
0.11831966194382301
0.11863037534178474
0.11881680338056178
0.1190032314193388
0.1190032314193388
0.11906537409893114
0.11918965945811584
0.11925180213770818
0.11943823017648521
0.11962465821526225
0.11974894357444693
0.11981108625403927
0.11999751429281631
0.120121799652001
0.12024608501118568
0.12037037037037036
0.12043251304996272
0.1205567984091474
0.12086751180710913
0.12092965448670147
0.12099179716629381
0.1211160825254785
0.12130251056425553
0.12142679592344022
0.12148893860303256
0.1215510812826249
0.12173750932140194
0.12179965200099428
0.12198608003977132
0.122110365398956
0.122110365398956
0.122110365398956
0.122110365398956
0.12217250807854835
0.12223465075814069
0.12223465075814069
0.12235893611732537
0.12235893611732537
0.12254536415610241
0.12273179219487944
0.12304250559284116
0.1231046482724335
0.12316679095202585
0.1232289336316182
0.12335321899080288
0.12335321899080288
0.12353964702957991
0.12353964702957991
0.12372607506835695
0.12385036042754163
0.12391250310713398
0.12416107382550336
0.12416107382550336
0.12434750186428038
0.12447178722346508
0.12447178722346508
0.12447178722346508
0.12447178722346508
0.12459607258264976
0.12478250062142679
0.12478250062142679
0.12478250062142679
0.12496892866020383
0.12509321401938853
0.12515535669898087
0.12515535669898087
0.1252174993785732
0.1252174993785732
0.12527964205816555
0.1253417847377579
0.12571464081531195
0.12602535421327368
0.12614963957245837
0.12627392493164305
0.1263360676112354
0.12646035297042008
0.12658463832960476
0.12664678100919713
0.12670892368878947
0.12683320904797415
0.1268953517275665
0.12714392244593586
0.1273303504847129
0.1273303504847129
0.1273303504847129
0.1273303504847129
0.12739249316430523
0.1274546358438976
0.1274546358438976
0.12751677852348994
0.12770320656226697
0.127889634601044
0.127889634601044
0.12807606263982102
0.12826249067859807
0.12832463335819042
0.12838677603778276
0.12851106139696744
0.12851106139696744
0.12857320407655978
0.12882177479492915
0.1291324881928909
0.12925677355207557
0.12938105891126025
0.12938105891126025
0.12956748695003728
0.12969177230922196
0.12969177230922196
0.12969177230922196
0.12987820034799902
0.13006462838677604
0.13006462838677604
0.13012677106636839
0.13018891374596073
0.13025105642555307
0.1304374844643301
0.1304374844643301
0.13049962714392244
0.13056176982351478
0.13062391250310712
0.13062391250310712
0.1306860551826995
0.13074819786229183
0.1309967685806612
0.13112105393984588
0.13124533929903057
0.13136962465821525
0.13161819537658465
0.13174248073576933
0.13174248073576933
0.13192890877454636
0.13211533681332338
0.13211533681332338
0.13211533681332338
0.13211533681332338
0.13230176485210043
0.13230176485210043
0.13236390753169278
0.13248819289087746
0.13248819289087746
0.1325503355704698
0.13261247825006214
0.13267462092965449
0.13267462092965449
0.13273676360924683
0.13273676360924683
0.13273676360924683
0.13279890628883917
0.1328610489684315
0.13292319164802385
0.13292319164802385
0.13292319164802385
0.13292319164802385
0.13317176236639325
0.1332339050459856
0.13329604772557793
0.13342033308476262
0.1335446184439473
0.1335446184439473
0.1335446184439473
0.13360676112353964
0.13360676112353964
0.13373104648272433
0.13373104648272433
0.13379318916231667
0.13397961720109372
0.13397961720109372
0.13404175988068606
0.1341039025602784
0.13435247327864777
0.1345389013174248
0.13460104399701714
0.1346631866766095
0.1346631866766095
0.13472532935620185
0.13484961471538653
0.13497390007457122
0.13497390007457122
0.1350981854337559
0.1350981854337559
0.13522247079294059
0.13522247079294059
0.13528461347253293
0.13534675615212527
0.1354088988317176
0.1354088988317176
0.13553318419090232
0.13571961222967935
0.13584389758886403
0.13596818294804872
0.13596818294804872
0.13603032562764106
0.13603032562764106
0.13603032562764106
0.13603032562764106
0.1360924683072334
0.13615461098682574
0.13621675366641808
0.13627889634601045
0.1363410390256028
0.13640318170519514
0.13640318170519514
0.13652746706437982
0.1367760377827492
0.1367760377827492
0.1367760377827492
0.1367760377827492
0.13683818046234153
0.13683818046234153
0.13690032314193387
0.1369624658215262
0.13702460850111856
0.13702460850111856
0.13714889386030327
0.1372110365398956
0.1373353218990803
0.13745960725826498
0.13745960725826498
0.13752174993785732
0.13758389261744966
0.13777032065622669
0.13777032065622669
0.13795674869500374
0.13808103405418842
0.1382053194133731
0.1382053194133731
0.1383296047725578
0.13839174745215013
0.13839174745215013
0.13839174745215013
0.13851603281133482
0.13851603281133482
0.13851603281133482
0.13857817549092716
0.13857817549092716
0.13857817549092716
0.13857817549092716
0.13857817549092716
0.1386403181705195
0.13870246085011187
0.1387646035297042
0.1387646035297042
0.1387646035297042
0.13882674620929655
0.1388888888888889
0.1388888888888889
0.1388888888888889
0.13895103156848124
0.13895103156848124
0.13895103156848124
0.13913745960725826
0.13913745960725826
0.1393238876460353
0.1393238876460353
0.13938603032562763
0.13951031568481234
0.13957245836440468
0.13963460104399703
0.13963460104399703
0.13969674372358937
0.13969674372358937
0.13969674372358937
0.1397588864031817
0.1397588864031817
0.13982102908277405
0.1398831717623664
0.13994531444195873
0.14000745712155108
0.14013174248073576
0.1401938851603281
0.1401938851603281
0.14038031319910516
0.1404424558786975
0.1404424558786975
0.1404424558786975
0.14056674123788218
0.14056674123788218
0.14062888391747452
0.14069102659706686
0.1407531692766592
0.14081531195625155
0.14081531195625155
0.14106388267462092
0.14118816803380563
0.14137459607258265
0.141436738752175
0.141436738752175
0.141436738752175
0.14149888143176734
0.14156102411135968
0.14156102411135968
0.14162316679095202
0.14162316679095202
0.14168530947054436
0.1417474521501367
0.14180959482972905
0.14193388018891376
0.1419960228685061
0.14205816554809844
0.14212030822769078
0.14218245090728313
0.14218245090728313
0.1423067362664678
0.1423067362664678
0.14236887894606015
0.14236887894606015
0.1424310216256525
0.14249316430524483
0.14255530698483718
0.14255530698483718
0.14261744966442952
0.14261744966442952
0.14274173502361423
0.14274173502361423
0.14280387770320657
0.14280387770320657
0.14292816306239126
0.1429903057419836
0.1429903057419836
0.14305244842157594
0.14305244842157594
0.14305244842157594
0.14305244842157594
0.14305244842157594
0.14323887646035297
0.14323887646035297
0.14336316181953765
0.14348744717872233
0.1435495898583147
0.14361173253790704
0.14367387521749939
0.14367387521749939
0.14379816057668407
0.1438603032562764
0.14392244593586875
0.1439845886154611
0.1439845886154611
0.14410887397464578
0.14410887397464578
0.14410887397464578
0.14423315933383046
0.14435744469301517
0.14435744469301517
0.14460601541138454
0.14460601541138454
0.14466815809097688
0.14473030077056923
0.14491672880934625
0.14491672880934625
0.14491672880934625
0.14491672880934625
0.14491672880934625
0.1449788714889386
0.1449788714889386
0.1449788714889386
0.14504101416853094
0.1451031568481233
0.1451031568481233
0.145227442207308
0.14535172756649267
0.14535172756649267
0.14541387024608501
0.14541387024608501
0.14547601292567736
0.1455381556052697
0.14566244096445438
0.14572458364404672
0.14578672632363907
0.1458488690032314
0.1458488690032314
0.14591101168282378
0.14591101168282378
0.14591101168282378
0.14597315436241612
0.14597315436241612
0.14597315436241612
0.14597315436241612
0.14615958240119314
0.1462217250807855
0.1462217250807855
0.14628386776037783
0.14647029579915485
0.14647029579915485
0.1465324384787472
0.1465324384787472
0.1465324384787472
0.14665672383793188
0.14665672383793188
0.14671886651752425
0.14690529455630127
0.14696743723589362
0.14702957991548596
0.14702957991548596
0.14702957991548596
0.14702957991548596
0.1470917225950783
0.1470917225950783
0.14715386527467064
0.14715386527467064
0.14727815063385533
0.14727815063385533
0.14727815063385533
0.14727815063385533
0.14727815063385533
0.14727815063385533
0.14734029331344767
0.14734029331344767
0.14734029331344767
0.14734029331344767
0.14740243599304
0.14740243599304
0.14740243599304
0.14740243599304
0.14740243599304
0.14746457867263235
0.14746457867263235
0.14746457867263235
0.14746457867263235
0.14746457867263235
0.14746457867263235
0.14758886403181706
0.1476510067114094
0.1476510067114094
0.1476510067114094
0.1476510067114094
0.14771314939100175
0.1477752920705941
0.1477752920705941
0.1477752920705941
0.14783743475018643
0.14783743475018643
0.14789957742977877
0.14789957742977877
0.14789957742977877
0.14789957742977877
0.14796172010937111
0.14802386278896346
0.1480860054685558
0.1480860054685558
0.14821029082774048
0.14821029082774048
0.14827243350733282
0.14827243350733282
0.14827243350733282
0.14827243350733282
0.1483345761869252
0.14839671886651754
0.14839671886651754
0.14845886154610988
0.14852100422570222
0.14858314690529456
0.14858314690529456
0.1486452895848869
0.14870743226447924
0.14870743226447924
0.14870743226447924
0.14870743226447924
0.14870743226447924
0.1487695749440716
0.14883171762366393
0.14883171762366393
0.14883171762366393
0.14889386030325627
0.1489560029828486
0.14901814566244095
0.14901814566244095
0.1490802883420333
0.1490802883420333
0.1490802883420333
0.1490802883420333
0.1490802883420333
0.1490802883420333
0.14914243102162567
0.14914243102162567
0.14926671638081035
0.14926671638081035
0.14926671638081035
0.14926671638081035
0.1493288590604027
0.14945314441958737
0.14951528709917972
0.14951528709917972
0.14951528709917972
0.14951528709917972
0.14957742977877206
0.14970171513795674
0.14970171513795674
0.14976385781754908
0.14976385781754908
0.14976385781754908
0.14976385781754908
0.14976385781754908
0.14988814317673377
0.14995028585632614
0.14995028585632614
0.14995028585632614
0.14995028585632614
0.14995028585632614
0.15001242853591848
0.15001242853591848
0.15007457121551082
0.15007457121551082
0.15013671389510316
0.15026099925428785
0.15026099925428785
0.1503231419338802
0.15038528461347253
0.15038528461347253
0.15044742729306487
0.15050956997265721
0.15057171265224956
0.15057171265224956
0.15057171265224956
0.15057171265224956
0.15057171265224956
0.15057171265224956
0.1506338553318419
0.15069599801143424
0.15069599801143424
0.15069599801143424
0.15069599801143424
0.1507581406910266
0.1507581406910266
0.15082028337061895
0.1508824260502113
0.1508824260502113
0.15094456872980364
0.15094456872980364
0.15094456872980364
0.15100671140939598
0.15100671140939598
0.15100671140939598
0.151193139448173
0.15125528212776534
0.15125528212776534
0.15125528212776534
0.15125528212776534
0.1513174248073577
0.1513174248073577
0.1513174248073577
0.1513174248073577
0.1513174248073577
0.1513174248073577
0.1513174248073577
0.1513174248073577
0.15137956748695003
0.15137956748695003
0.15144171016654237
0.15144171016654237
0.15144171016654237
0.15144171016654237
0.15144171016654237
0.15144171016654237
0.15144171016654237
0.15144171016654237
0.15144171016654237
0.1515038528461347
0.15162813820531942
0.15162813820531942
0.15169028088491177
0.15169028088491177
0.1517524235645041
0.1517524235645041
0.1517524235645041
0.1517524235645041
0.1517524235645041
0.15181456624409645
0.15181456624409645
0.15181456624409645
0.1518767089236888
0.1518767089236888
0.1518767089236888
0.1518767089236888
0.15200099428287348
0.15206313696246582
0.15206313696246582
0.15206313696246582
0.15206313696246582
0.15206313696246582
0.1521874223216505
0.1521874223216505
0.15231170768083518
0.15237385036042755
0.15237385036042755
0.15237385036042755
0.15237385036042755
0.15237385036042755
0.15249813571961224
0.15249813571961224
0.15249813571961224
0.15256027839920458
0.15256027839920458
0.15256027839920458
0.15262242107879692
0.15268456375838926
0.15268456375838926
0.15268456375838926
0.15268456375838926
0.15268456375838926
0.15268456375838926
0.15268456375838926
0.15268456375838926
0.15268456375838926
0.15280884911757395
0.15280884911757395
0.15280884911757395
0.15293313447675863
0.15293313447675863
0.15299527715635097
0.15299527715635097
0.15299527715635097
0.15299527715635097
0.15299527715635097
0.15299527715635097
0.15305741983594331
0.15305741983594331
0.15311956251553566
0.15311956251553566
0.15311956251553566
0.15311956251553566
0.15311956251553566
0.15311956251553566
0.15311956251553566
0.15311956251553566
0.15318170519512803
0.15318170519512803
0.15324384787472037
0.15324384787472037
0.15324384787472037
0.1533059905543127
0.15336813323390505
0.15336813323390505
0.15336813323390505
0.15336813323390505
0.15336813323390505
0.15336813323390505
0.15336813323390505
0.15336813323390505
0.15336813323390505
0.15336813323390505
0.1534302759134974
0.15349241859308974
0.15349241859308974
0.15349241859308974
0.15355456127268208
0.15355456127268208
0.15355456127268208
0.15355456127268208
0.15367884663186676
0.15380313199105144
0.1538652746706438
0.1539895600298285
0.1539895600298285
0.1539895600298285
0.1539895600298285
0.1539895600298285
0.15405170270942084
0.15405170270942084
0.15405170270942084
0.15411384538901318
0.15411384538901318
0.15423813074819787
0.1543002734277902
0.15436241610738255
0.15436241610738255
0.15436241610738255
0.15436241610738255
0.1544245587869749
0.1544245587869749
0.15448670146656723
0.15448670146656723
0.15454884414615958
0.15454884414615958
0.15454884414615958
0.15454884414615958
0.15454884414615958
0.15461098682575192
0.15461098682575192
0.15461098682575192
0.15467312950534426
0.1547352721849366
0.15479741486452897
0.1548595575441213
0.1548595575441213
0.1548595575441213
0.1548595575441213
0.1548595575441213
0.154983842903306
0.15510812826249068
0.15510812826249068
0.15523241362167536
0.15523241362167536
0.15535669898086005
0.15535669898086005
0.1554188416604524
0.1554188416604524
0.15548098434004473
0.15548098434004473
0.15554312701963707
0.15560526969922944
0.15560526969922944
0.15566741237882178
0.15566741237882178
0.15566741237882178
0.15572955505841413
0.1558538404175988
0.1558538404175988
0.15591598309719115
0.15591598309719115
0.1559781257767835
0.1559781257767835
0.15604026845637584
0.15604026845637584
0.15604026845637584
0.15604026845637584
0.15604026845637584
0.15604026845637584
0.15604026845637584
0.15604026845637584
0.15604026845637584
0.15604026845637584
0.15604026845637584
0.15610241113596818
0.15616455381556052
0.15622669649515286
0.15647526721352226
0.15647526721352226
0.15647526721352226
0.15647526721352226
0.15647526721352226
0.15647526721352226
0.1565374098931146
0.1565374098931146
0.15659955257270694
0.15659955257270694
0.15659955257270694
0.15659955257270694
0.15659955257270694
0.15659955257270694
0.15666169525229928
0.15672383793189162
0.15678598061148397
0.15691026597066865
0.15691026597066865
0.15691026597066865
0.156972408650261
0.156972408650261
0.156972408650261
0.156972408650261
0.156972408650261
0.156972408650261
0.156972408650261
0.156972408650261
0.156972408650261
0.156972408650261
0.15703455132985333
0.15703455132985333
0.15703455132985333
0.15703455132985333
0.15703455132985333
0.15703455132985333
0.15709669400944568
0.15709669400944568
0.15709669400944568
0.15709669400944568
0.15709669400944568
0.15709669400944568
0.15709669400944568
0.15709669400944568
0.15709669400944568
0.15709669400944568
0.15709669400944568
0.15709669400944568
0.15709669400944568
0.15709669400944568
0.15715883668903805
0.15715883668903805
0.1572209793686304
0.1572209793686304
0.1572209793686304
0.1572209793686304
0.1572209793686304
0.1572209793686304
0.1572209793686304
0.15728312204822273
0.15728312204822273
0.15728312204822273
0.15728312204822273
0.15728312204822273
0.15728312204822273
0.15728312204822273
