0.016592095451155853
0.026783494904300275
0.032252050708426544
0.03753417847377579
0.041759880686055184
0.04492915734526473
0.04747700720855083
0.05027342779020631
0.052510564255530696
0.053877703206562266
0.055741983594332585
0.05779269202087994
0.059159830971911506
0.0602783992045737
0.06214267959234402
0.06375838926174497
0.06469052945563013
0.0654983842903306
0.06692766592095452
0.06754909271687795
0.06897837434750187
0.07046979865771812
0.0711533681332339
0.07202336564752672
0.07314193388018891
0.07376336067611236
0.07432264479244345
0.07506835694755158
0.07581406910265971
0.07624906785980612
0.07687049465572955
0.07755406413124534
0.0779269202087994
0.0784862043251305
0.07898334576186926
0.07979120059656973
0.0800397713149391
0.08090976882923191
0.08134476758637832
0.08190405170270942
0.08215262242107879
0.0827119065374099
0.08308476261496396
0.08345761869251803
0.08376833209047974
0.08432761620681084
0.08463832960477256
0.08476261496395725
0.08519761372110365
0.08575689783743475
0.08619189659458115
0.0868133233905046
0.08706189410887398
0.08743475018642805
0.08799403430275914
0.08855331841909023
0.08873974645786727
0.08898831717623663
0.0894854586129754
0.08985831469052946
0.09029331344767587
0.09054188416604524
0.0909147402435993
0.09116331096196868
0.09153616703952275
0.09190902311707681
0.09228187919463088
0.0924683072334079
0.09259259259259259
0.09296544867014665
0.09327616206810838
0.09340044742729306
0.09383544618443947
0.09427044494158589
0.09439473030077057
0.09445687298036291
0.09489187173750932
0.0951404424558787
0.09520258513547104
0.09557544121302511
0.09576186925180213
0.09582401193139448
0.0961347253293562
0.09650758140691026
0.09663186676609495
0.09700472284364901
0.09706686552324137
0.0972532935620184
0.09743972160079542
0.09762614963957246
0.09781257767834949
0.09799900571712652
0.09830971911508825
0.09868257519264231
0.09893114591101168
0.0992418593089734
0.09930400198856575
0.09967685806611981
0.0998011434253045
0.1002361421824509
0.10048471290082028
0.10067114093959731
0.10085756897837435
0.10129256773552076
0.10154113845389014
0.10172756649266716
0.10197613721103654
0.10210042257022123
0.10222470792940591
0.10228685060899825
0.10247327864777529
0.10278399204573702
0.10278399204573702
0.10303256276410638
0.10315684812329108
0.10340541884166045
0.10340541884166045
0.10371613223962217
0.1040268456375839
0.10421327367636092
0.10439970171513796
0.10458612975391499
0.10520755654983843
0.10551826994780016
0.10576684066616952
0.10582898334576187
0.10595326870494656
0.1060154113845389
0.10620183942331593
0.10632612478250063
0.10663683818046234
0.10669898086005468
0.10682326621923938
0.1070096942580164
0.1070096942580164
0.10756897837434751
0.10775540641312453
0.10800397713149391
0.10831469052945562
0.10850111856823266
0.108563261247825
0.10862540392741735
0.10881183196619439
0.10906040268456375
0.10906040268456375
0.1092468307233408
0.10961968680089486
0.10980611483967188
0.10999254287844892
0.11017897091722595
0.11024111359681829
0.11030325627641063
0.11036539895600299
0.1106761123539647
0.11092468307233408
0.11098682575192642
0.11104896843151876
0.11117325379070346
0.11129753914988814
0.11129753914988814
0.11129753914988814
0.11142182450907283
0.11154610986825753
0.11160825254784987
0.1117946805866269
0.11185682326621924
0.11198110862540393
0.11198110862540393
0.11216753666418096
0.112353964702958
0.11254039274173502
0.1127889634601044
0.11285110613969675
0.11291324881928909
0.11291324881928909
0.11297539149888143
0.11316181953765847
0.1133482475764355
0.11341039025602784
0.11353467561521252
0.11353467561521252
0.11365896097439722
0.1137832463335819
0.11384538901317424
0.11390753169276659
0.11390753169276659
0.11403181705195128
0.11421824509072831
0.11421824509072831
0.11440467312950535
0.11459110116828237
0.11459110116828237
0.11477752920705941
0.11502609992542878
0.11515038528461347
0.11521252796420582
0.11539895600298285
0.11546109868257519
0.11558538404175989
0.11558538404175989
0.11570966940094457
0.11577181208053691
0.11583395476012925
0.1158960974397216
0.1160203827989063
0.11620681083768332
0.1164553815560527
0.1164553815560527
0.11676609495401442
0.11689038031319911
0.11695252299279145
0.11707680835197613
0.11713895103156848
0.11720109371116083
0.11726323639075317
0.11732537907034551
0.11738752174993786
0.11751180710912254
0.11763609246830724
0.11776037782749192
0.11782252050708426
0.11782252050708426
0.11794680586626895
0.11819537658463833
0.11831966194382301
0.11838180462341537
0.11850608998260005
0.1185682326621924
0.11869251802137708
0.11875466070096942
0.11887894606015412
0.1190032314193388
0.11906537409893114
0.11918965945811584
0.11931394481730052
0.11956251553566989
0.11956251553566989
0.11962465821526225
0.11962465821526225
0.11962465821526225
0.11974894357444693
0.11981108625403927
0.11987322893363161
0.11987322893363161
0.11993537161322396
0.120121799652001
0.12030822769077802
0.12043251304996272
0.12074322644792443
0.12074322644792443
0.12074322644792443
0.12086751180710913
0.12092965448670147
0.12105393984588615
0.12124036788466319
0.12130251056425553
0.12161322396221726
0.12173750932140194
0.12173750932140194
0.12186179468058662
0.12192393736017897
0.12198608003977132
0.12204822271936366
0.12204822271936366
0.122110365398956
0.12223465075814069
0.12229679343773303
0.12229679343773303
0.12242107879691773
0.12242107879691773
0.12242107879691773
0.12242107879691773
0.12248322147651007
0.12254536415610241
0.12254536415610241
0.12291822023365648
0.12291822023365648
0.12291822023365648
0.12298036291324882
0.1231046482724335
0.1232289336316182
0.12329107631121054
0.12341536167039523
0.12360178970917227
0.12372607506835695
0.12372607506835695
0.12391250310713398
0.12391250310713398
0.12409893114591102
0.12416107382550336
0.1242232165050957
0.1242232165050957
0.1242232165050957
0.12434750186428038
0.12434750186428038
0.12434750186428038
0.12440964454387274
0.12453392990305742
0.12453392990305742
0.1246582152622421
0.12478250062142679
0.12478250062142679
0.12490678598061149
0.12496892866020383
0.12503107133979618
0.12515535669898087
0.12527964205816555
0.12540392741735024
0.12559035545612726
0.1256524981357196
0.12571464081531195
0.12583892617449666
0.12583892617449666
0.125901068854089
0.12596321153368134
0.12602535421327368
0.1262117822520507
0.1262117822520507
0.12639821029082773
0.12639821029082773
0.12652249565001242
0.12658463832960476
0.12664678100919713
0.12664678100919713
0.12670892368878947
0.1267710663683818
0.1268953517275665
0.12695749440715884
0.12695749440715884
0.12701963708675118
0.12708177976634352
0.12714392244593586
0.1272060651255282
0.1274546358438976
0.12751677852348994
0.12757892120308229
0.12757892120308229
0.12757892120308229
0.12770320656226697
0.12770320656226697
0.127889634601044
0.127889634601044
0.12795177728063634
0.12801391996022868
0.12813820531941336
0.1282003479990057
0.12826249067859807
0.12826249067859807
0.12826249067859807
0.12832463335819042
0.1284489187173751
0.1284489187173751
0.12851106139696744
0.12857320407655978
0.12863534675615212
0.12863534675615212
0.12869748943574447
0.12882177479492915
0.12882177479492915
0.1288839174745215
0.1288839174745215
0.12894606015411383
0.12894606015411383
0.12900820283370618
0.1291324881928909
0.12919463087248323
0.12919463087248323
0.12919463087248323
0.1293189162316679
0.1293189162316679
0.1293189162316679
0.12938105891126025
0.12956748695003728
0.1297539149888143
0.1297539149888143
0.12981605766840665
0.12981605766840665
0.12987820034799902
0.12987820034799902
0.12987820034799902
0.1300024857071837
0.13018891374596073
0.13025105642555307
0.1303131991051454
0.13037534178473775
0.1304374844643301
0.1304374844643301
0.13062391250310712
0.13062391250310712
0.13062391250310712
0.13062391250310712
0.1306860551826995
0.13074819786229183
0.13087248322147652
0.13087248322147652
0.13087248322147652
0.13087248322147652
0.13087248322147652
0.13087248322147652
0.13087248322147652
0.13087248322147652
0.13093462590106886
0.1309967685806612
0.1309967685806612
0.13105891126025354
0.13112105393984588
0.13112105393984588
0.1313074819786229
0.1313074819786229
0.13136962465821525
0.13136962465821525
0.13143176733780762
0.1315560526969923
0.1315560526969923
0.1315560526969923
0.1315560526969923
0.13161819537658465
0.13161819537658465
0.13161819537658465
0.13174248073576933
0.13180462341536167
0.13180462341536167
0.13180462341536167
0.131866766094954
0.131866766094954
0.131866766094954
0.13192890877454636
0.13205319413373104
0.13205319413373104
0.13205319413373104
0.13205319413373104
0.13205319413373104
0.13205319413373104
0.13205319413373104
0.13211533681332338
0.13217747949291572
0.13217747949291572
0.13217747949291572
0.13217747949291572
0.13217747949291572
0.13230176485210043
0.13230176485210043
0.13230176485210043
0.13236390753169278
0.13236390753169278
0.13242605021128512
0.13242605021128512
0.13242605021128512
0.1325503355704698
0.13261247825006214
0.13261247825006214
0.13267462092965449
0.13279890628883917
0.13279890628883917
0.13279890628883917
0.13279890628883917
0.13279890628883917
0.1328610489684315
0.1328610489684315
0.1328610489684315
0.13292319164802385
0.1329853343276162
0.1329853343276162
0.13304747700720856
0.1331096196868009
0.1331096196868009
0.13317176236639325
0.1332339050459856
0.1332339050459856
0.13329604772557793
0.13329604772557793
0.13335819040517027
0.13348247576435496
0.13348247576435496
0.1335446184439473
0.1335446184439473
0.13360676112353964
0.13366890380313198
0.13366890380313198
0.13379318916231667
0.13385533184190904
0.13404175988068606
0.13404175988068606
0.13404175988068606
0.13404175988068606
0.13404175988068606
0.13404175988068606
0.13416604523987075
0.1342281879194631
0.1342281879194631
0.1342281879194631
0.13447675863783246
0.1345389013174248
0.13460104399701714
0.13472532935620185
0.13472532935620185
0.1347874720357942
0.13484961471538653
0.13491175739497888
0.13491175739497888
0.13497390007457122
0.13503604275416356
0.13516032811334824
0.13516032811334824
0.13516032811334824
0.13516032811334824
0.13516032811334824
0.13522247079294059
0.13522247079294059
0.13522247079294059
0.13528461347253293
0.13534675615212527
0.13534675615212527
0.13553318419090232
0.13559532687049466
0.135657469550087
0.13571961222967935
0.13571961222967935
0.13571961222967935
0.1357817549092717
0.13590604026845637
0.13596818294804872
0.13603032562764106
0.13603032562764106
0.1360924683072334
0.1360924683072334
0.13615461098682574
0.13621675366641808
0.13627889634601045
0.1363410390256028
0.1363410390256028
0.1363410390256028
0.13640318170519514
0.13640318170519514
0.13640318170519514
0.13646532438478748
0.13646532438478748
0.13646532438478748
0.13646532438478748
0.13646532438478748
0.13652746706437982
0.13658960974397216
0.1366517524235645
0.1366517524235645
0.1366517524235645
0.1366517524235645
0.13683818046234153
0.13683818046234153
0.13683818046234153
0.1369624658215262
0.13702460850111856
0.13702460850111856
0.13702460850111856
0.13714889386030327
0.13714889386030327
0.13727317921948795
0.13727317921948795
0.13727317921948795
0.1373353218990803
0.1373353218990803
0.13739746457867263
0.13739746457867263
0.13739746457867263
0.13739746457867263
0.13739746457867263
0.13739746457867263
0.13745960725826498
0.13752174993785732
0.13752174993785732
0.13752174993785732
0.13752174993785732
0.13758389261744966
0.137646035297042
0.137646035297042
0.13770817797663434
0.13777032065622669
0.13783246333581903
0.13783246333581903
0.1378946060154114
0.13795674869500374
0.13795674869500374
0.13795674869500374
0.13795674869500374
0.13795674869500374
0.13795674869500374
0.13801889137459608
0.13808103405418842
0.13814317673378076
0.13814317673378076
0.13814317673378076
0.13814317673378076
0.1382053194133731
0.1382053194133731
0.1382053194133731
0.1382053194133731
0.1382053194133731
0.1382053194133731
0.13826746209296545
0.1383296047725578
0.1383296047725578
0.1383296047725578
0.1383296047725578
0.1383296047725578
0.13839174745215013
0.13839174745215013
0.13839174745215013
0.13845389013174247
0.13845389013174247
0.13845389013174247
0.13845389013174247
0.13845389013174247
0.13851603281133482
0.13851603281133482
0.13851603281133482
0.13851603281133482
0.13851603281133482
0.13851603281133482
0.13851603281133482
0.13851603281133482
0.13857817549092716
0.13857817549092716
0.13870246085011187
0.13870246085011187
0.13870246085011187
0.13870246085011187
0.13870246085011187
0.13870246085011187
0.13870246085011187
0.13870246085011187
0.13870246085011187
0.1387646035297042
0.13882674620929655
0.1388888888888889
0.1388888888888889
0.1388888888888889
0.1388888888888889
0.1388888888888889
0.1388888888888889
0.1388888888888889
0.1388888888888889
0.13895103156848124
0.13895103156848124
0.13895103156848124
0.13895103156848124
0.13901317424807358
0.13901317424807358
0.13901317424807358
0.13901317424807358
0.13907531692766592
0.13913745960725826
0.1391996022868506
0.1391996022868506
0.13926174496644295
0.13926174496644295
0.1393238876460353
0.1393238876460353
0.13938603032562763
0.13944817300521997
0.13944817300521997
0.13944817300521997
0.13944817300521997
0.13944817300521997
0.13944817300521997
0.13944817300521997
0.13951031568481234
0.13957245836440468
0.13969674372358937
0.13969674372358937
0.13969674372358937
0.13969674372358937
0.1397588864031817
0.13982102908277405
0.13982102908277405
0.1398831717623664
0.13994531444195873
0.13994531444195873
0.13994531444195873
0.13994531444195873
0.13994531444195873
0.13994531444195873
0.13994531444195873
0.14000745712155108
0.14000745712155108
0.14006959980114342
0.14006959980114342
0.14013174248073576
0.1401938851603281
0.1401938851603281
0.1401938851603281
0.14025602783992044
0.14025602783992044
0.14025602783992044
0.1403181705195128
0.1403181705195128
0.1403181705195128
0.14038031319910516
0.14038031319910516
0.14038031319910516
0.1404424558786975
0.1404424558786975
0.1404424558786975
0.14050459855828984
0.14050459855828984
0.14050459855828984
0.14050459855828984
0.14050459855828984
0.14050459855828984
0.14050459855828984
0.14050459855828984
0.14050459855828984
0.14056674123788218
0.14062888391747452
0.14062888391747452
0.14062888391747452
0.14062888391747452
0.14069102659706686
0.14069102659706686
0.14069102659706686
0.14069102659706686
0.14069102659706686
0.14069102659706686
0.14069102659706686
0.14069102659706686
0.14069102659706686
0.14069102659706686
0.14069102659706686
0.1407531692766592
0.1407531692766592
0.14081531195625155
0.14093959731543623
0.14100173999502857
0.14100173999502857
0.14100173999502857
0.14100173999502857
0.14100173999502857
0.14100173999502857
0.14106388267462092
0.14106388267462092
0.14106388267462092
0.14106388267462092
0.14106388267462092
0.14106388267462092
0.14112602535421329
0.14112602535421329
0.14112602535421329
0.14112602535421329
0.14112602535421329
0.14112602535421329
0.14112602535421329
0.14118816803380563
0.14118816803380563
0.14118816803380563
0.14118816803380563
0.14118816803380563
0.14118816803380563
0.14118816803380563
0.14118816803380563
0.14118816803380563
0.14118816803380563
0.14118816803380563
0.14118816803380563
0.14118816803380563
0.14125031071339797
0.1413124533929903
0.1413124533929903
0.1413124533929903
0.1413124533929903
0.14137459607258265
0.14137459607258265
0.14137459607258265
0.14137459607258265
0.14137459607258265
0.141436738752175
0.141436738752175
0.141436738752175
0.141436738752175
0.141436738752175
0.14149888143176734
0.14156102411135968
0.14156102411135968
0.14162316679095202
0.14162316679095202
0.14162316679095202
0.1417474521501367
0.14180959482972905
0.14193388018891376
0.14193388018891376
0.14193388018891376
0.14193388018891376
0.14193388018891376
0.1419960228685061
0.1419960228685061
0.14205816554809844
0.14212030822769078
0.14212030822769078
0.14212030822769078
0.14212030822769078
0.14212030822769078
0.14212030822769078
0.14212030822769078
0.14212030822769078
0.14212030822769078
0.14212030822769078
0.14212030822769078
0.14212030822769078
0.14212030822769078
0.14212030822769078
0.14224459358687547
0.14224459358687547
0.14224459358687547
0.1423067362664678
0.14236887894606015
0.1424310216256525
0.1424310216256525
0.1424310216256525
0.14249316430524483
0.14249316430524483
0.14249316430524483
0.14249316430524483
0.14249316430524483
0.14249316430524483
0.14255530698483718
0.14255530698483718
0.14255530698483718
0.14255530698483718
0.14255530698483718
0.14255530698483718
0.14255530698483718
0.14255530698483718
0.14255530698483718
0.14261744966442952
0.14261744966442952
0.14267959234402186
0.14274173502361423
0.14274173502361423
0.14274173502361423
0.14274173502361423
0.14286602038279891
0.14286602038279891
0.14286602038279891
0.14286602038279891
0.14286602038279891
0.14286602038279891
0.14286602038279891
0.14292816306239126
0.1429903057419836
0.1429903057419836
0.1429903057419836
0.1429903057419836
0.1429903057419836
0.1429903057419836
0.1429903057419836
0.1429903057419836
0.1429903057419836
0.14305244842157594
0.14311459110116828
0.14311459110116828
0.14311459110116828
0.14317673378076062
0.14323887646035297
0.14323887646035297
0.14323887646035297
0.14323887646035297
0.14323887646035297
0.1433010191399453
0.1433010191399453
0.1433010191399453
0.1433010191399453
0.14336316181953765
0.14336316181953765
0.14342530449913
0.14348744717872233
0.14348744717872233
0.14348744717872233
0.14348744717872233
0.14348744717872233
0.14348744717872233
0.14348744717872233
0.14348744717872233
0.14348744717872233
0.14348744717872233
0.14348744717872233
0.14348744717872233
0.14348744717872233
0.14348744717872233
0.14348744717872233
0.14348744717872233
0.14361173253790704
0.14361173253790704
0.14361173253790704
0.14361173253790704
0.14361173253790704
0.14367387521749939
0.14367387521749939
0.14373601789709173
0.14373601789709173
0.14373601789709173
0.14373601789709173
0.14373601789709173
0.14373601789709173
0.14373601789709173
0.14373601789709173
0.14379816057668407
0.14379816057668407
0.14379816057668407
0.14392244593586875
0.14392244593586875
0.14404673129505344
0.14404673129505344
0.14404673129505344
0.14404673129505344
0.14404673129505344
0.14404673129505344
0.14404673129505344
0.14404673129505344
0.14404673129505344
0.14404673129505344
0.14410887397464578
0.14410887397464578
0.14410887397464578
0.14410887397464578
0.14410887397464578
0.14410887397464578
0.14410887397464578
0.14410887397464578
0.14410887397464578
0.14410887397464578
0.14410887397464578
0.14410887397464578
0.14417101665423812
0.14417101665423812
0.14423315933383046
0.14429530201342283
0.14429530201342283
0.14429530201342283
0.14429530201342283
0.14429530201342283
0.14429530201342283
0.14429530201342283
0.14429530201342283
0.14429530201342283
0.14429530201342283
0.14429530201342283
0.14441958737260752
0.14441958737260752
0.14441958737260752
0.14448173005219986
0.14448173005219986
0.14448173005219986
0.14448173005219986
0.14448173005219986
0.1445438727317922
0.1445438727317922
0.14460601541138454
0.14460601541138454
0.14460601541138454
0.14466815809097688
0.14473030077056923
0.14473030077056923
0.14479244345016157
0.14479244345016157
0.14479244345016157
0.14479244345016157
0.14479244345016157
0.14479244345016157
0.14479244345016157
0.14479244345016157
0.14479244345016157
0.14479244345016157
0.14479244345016157
0.14479244345016157
0.14479244345016157
0.1448545861297539
0.1448545861297539
0.1448545861297539
0.14491672880934625
0.14504101416853094
0.14504101416853094
0.1451031568481233
0.1451031568481233
0.14516529952771565
0.145227442207308
0.145227442207308
0.145227442207308
0.14528958488690033
0.14528958488690033
0.14528958488690033
0.14528958488690033
0.14535172756649267
0.14535172756649267
0.14535172756649267
0.14535172756649267
0.14535172756649267
0.14541387024608501
0.14541387024608501
0.14541387024608501
0.14541387024608501
0.14541387024608501
0.14541387024608501
0.14541387024608501
0.14541387024608501
