0.018767089236887895
0.028212776534924187
0.034427044494158586
0.03933631618195377
0.043189162316679096
0.04604772557792692
0.04896843151876709
0.051205567984091475
0.05338056176982352
0.055804126273924934
0.057730549341287594
0.05891126025354213
0.059905543127019636
0.061210539398458864
0.06251553566989809
0.06369624658215262
0.06406910265970668
0.06469052945563013
0.06599552572706935
0.0670519512801392
0.06798409147402436
0.0686055182699478
0.06978622918220234
0.07046979865771812
0.07121551081282625
0.07233407904548844
0.07295550584141189
0.07345264727815064
0.07432264479244345
0.07500621426795924
0.07550335570469799
0.07600049714143674
0.07668406661695253
0.07711906537409893
0.07761620681083768
0.07829977628635347
0.07885906040268456
0.07923191648023863
0.07954262987820035
0.07997762863534676
0.08041262739249316
0.08084762614963957
0.08134476758637832
0.08209047974148645
0.08252547849863286
0.08289833457618692
0.08351976137211037
0.08401690280884912
0.08445190156599552
0.0847004722843649
0.08494904300273427
0.08532189908028834
0.08606761123539647
0.08644046731295053
0.0868133233905046
0.087248322147651
0.08749689286602039
0.08799403430275914
0.08842903305990554
0.08886403181705195
0.08929903057419836
0.08960974397216008
0.0897961720109371
0.0904797414864529
0.09079045488441462
0.09128759632115337
0.09178473775789212
0.09228187919463088
0.09253044991300025
0.09271687795177729
0.09333830474770072
0.09340044742729306
0.09371116082525478
0.09395973154362416
0.09414615958240119
0.09420830226199353
0.0947054436987323
0.09489187173750932
0.09507829977628636
0.09545115585384041
0.09563758389261745
0.09601043997017152
0.09619686800894854
0.09638329604772558
0.09638329604772558
0.09650758140691026
0.0966940094456873
0.09688043748446433
0.09700472284364901
0.09712900820283371
0.09731543624161074
0.09737757892120308
0.0976882923191648
0.09775043499875714
0.09799900571712652
0.09818543375590355
0.09837186179468059
0.09849614715386527
0.09855828983345762
0.09868257519264231
0.09899328859060402
0.09942828734775043
0.09955257270693513
0.09998757146408153
0.10011185682326622
0.10017399950285856
0.10029828486204326
0.1003604275416356
0.1003604275416356
0.10042257022122794
0.10073328361918966
0.10085756897837435
0.10116828237633607
0.10141685309470544
0.10160328113348248
0.10166542381307482
0.10166542381307482
0.10185185185185185
0.10216256524981357
0.10247327864777529
0.10247327864777529
0.10259756400695998
0.1029082774049217
0.10309470544369873
0.1033432761620681
0.1033432761620681
0.10352970420084515
0.10359184688043749
0.10371613223962217
0.10384041759880686
0.1040268456375839
0.10408898831717624
0.10452398707432264
0.10477255779269203
0.10489684315187671
0.10495898583146905
0.10508327119065373
0.10526969922943077
0.1054561272682078
0.1054561272682078
0.10551826994780016
0.10551826994780016
0.1055804126273925
0.10576684066616952
0.10576684066616952
0.10595326870494656
0.1060154113845389
0.1060154113845389
0.10613969674372359
0.10626398210290827
0.10638826746209297
0.10676112353964703
0.10688540889883172
0.1070096942580164
0.10707183693760874
0.1071339796172011
0.10719612229679344
0.10732040765597813
0.10738255033557047
0.10750683569475515
0.10763112105393985
0.10781754909271687
0.10794183445190157
0.10806611981108626
0.10806611981108626
0.10819040517027094
0.10837683320904798
0.10862540392741735
0.10874968928660204
0.10893611732537907
0.10899826000497141
0.1091225453641561
0.1092468307233408
0.10937111608252548
0.10937111608252548
0.10943325876211782
0.10961968680089486
0.10974397216007954
0.10980611483967188
0.10980611483967188
0.10993040019885658
0.10993040019885658
0.10993040019885658
0.11005468555804127
0.11024111359681829
0.11042754163559533
0.11055182699478001
0.11061396967437236
0.1108003977131494
0.11092468307233408
0.11098682575192642
0.1111111111111111
0.11117325379070346
0.1112353964702958
0.11135968182948049
0.11148396718866517
0.11167039522744221
0.11185682326621924
0.11185682326621924
0.11185682326621924
0.11191896594581158
0.11210539398458862
0.11216753666418096
0.11229182202336564
0.112353964702958
0.11241610738255034
0.11247825006214268
0.11260253542132737
0.11272682078051205
0.11272682078051205
0.1127889634601044
0.1127889634601044
0.1127889634601044
0.11291324881928909
0.11291324881928909
0.11291324881928909
0.11291324881928909
0.11297539149888143
0.11303753417847377
0.11303753417847377
0.11303753417847377
0.11309967685806611
0.11316181953765847
0.11322396221725081
0.11328610489684315
0.11347253293562018
0.11347253293562018
0.11353467561521252
0.11359681829480488
0.11372110365398956
0.11372110365398956
0.1137832463335819
0.11384538901317424
0.11384538901317424
0.11390753169276659
0.11396967437235894
0.11409395973154363
0.11415610241113597
0.114342530449913
0.114342530449913
0.11446681580909769
0.11446681580909769
0.11459110116828237
0.11471538652746706
0.11471538652746706
0.11471538652746706
0.11483967188665176
0.11496395724583644
0.11496395724583644
0.11502609992542878
0.11515038528461347
0.11546109868257519
0.11546109868257519
0.11546109868257519
0.11552324136216753
0.11570966940094457
0.11583395476012925
0.1158960974397216
0.1158960974397216
0.1158960974397216
0.11595824011931395
0.1160203827989063
0.11620681083768332
0.11626895351727566
0.116331096196868
0.116331096196868
0.11639323887646036
0.11639323887646036
0.11651752423564504
0.11657966691523738
0.11657966691523738
0.11657966691523738
0.11657966691523738
0.11657966691523738
0.11664180959482973
0.11664180959482973
0.11664180959482973
0.11676609495401442
0.11682823763360677
0.11695252299279145
0.11701466567238379
0.11701466567238379
0.11707680835197613
0.11720109371116083
0.11726323639075317
0.11738752174993786
0.1174496644295302
0.11751180710912254
0.1175739497887149
0.1175739497887149
0.11763609246830724
0.11763609246830724
0.11763609246830724
0.11763609246830724
0.11763609246830724
0.11769823514789958
0.11776037782749192
0.1178846631866766
0.1178846631866766
0.1178846631866766
0.1178846631866766
0.11807109122545364
0.11807109122545364
0.11813323390504599
0.11831966194382301
0.11838180462341537
0.11838180462341537
0.11838180462341537
0.11844394730300771
0.11850608998260005
0.1185682326621924
0.11869251802137708
0.11881680338056178
0.11887894606015412
0.11894108873974646
0.1190032314193388
0.11912751677852348
0.11912751677852348
0.11918965945811584
0.11937608749689287
0.11943823017648521
0.11943823017648521
0.11943823017648521
0.11962465821526225
0.11968680089485459
0.11968680089485459
0.11974894357444693
0.11974894357444693
0.11987322893363161
0.11987322893363161
0.11987322893363161
0.11993537161322396
0.11993537161322396
0.11993537161322396
0.12005965697240865
0.12018394233159334
0.12018394233159334
0.12024608501118568
0.12024608501118568
0.12024608501118568
0.12024608501118568
0.12024608501118568
0.12030822769077802
0.12037037037037036
0.12043251304996272
0.12068108376833209
0.12068108376833209
0.12074322644792443
0.12080536912751678
0.12080536912751678
0.12080536912751678
0.12086751180710913
0.12099179716629381
0.12099179716629381
0.12105393984588615
0.12105393984588615
0.12124036788466319
0.12124036788466319
0.12148893860303256
0.12148893860303256
0.1215510812826249
0.1215510812826249
0.1216753666418096
0.12173750932140194
0.12173750932140194
0.12173750932140194
0.12173750932140194
0.12186179468058662
0.12192393736017897
0.122110365398956
0.122110365398956
0.122110365398956
0.122110365398956
0.12223465075814069
0.12235893611732537
0.12248322147651007
0.12248322147651007
0.12260750683569475
0.1226696495152871
0.1226696495152871
0.12273179219487944
0.1227939348744718
0.1227939348744718
0.12285607755406414
0.12285607755406414
0.12285607755406414
0.12285607755406414
0.12285607755406414
0.12291822023365648
0.12298036291324882
0.12304250559284116
0.1231046482724335
0.12316679095202585
0.12329107631121054
0.12347750434998757
0.12347750434998757
0.12353964702957991
0.12372607506835695
0.12372607506835695
0.12378821774794929
0.12391250310713398
0.12397464578672632
0.12397464578672632
0.12397464578672632
0.12409893114591102
0.12409893114591102
0.12434750186428038
0.12434750186428038
0.12434750186428038
0.12434750186428038
0.12440964454387274
0.12447178722346508
0.12453392990305742
0.12453392990305742
0.1246582152622421
0.12478250062142679
0.12496892866020383
0.12503107133979618
0.12503107133979618
0.12503107133979618
0.12503107133979618
0.12503107133979618
0.12503107133979618
0.12509321401938853
0.12509321401938853
0.12509321401938853
0.12509321401938853
0.12509321401938853
0.12509321401938853
0.12509321401938853
0.12515535669898087
0.12515535669898087
0.1252174993785732
0.12540392741735024
0.12559035545612726
0.1256524981357196
0.1256524981357196
0.1256524981357196
0.1257767834949043
0.125901068854089
0.12596321153368134
0.12596321153368134
0.12602535421327368
0.12614963957245837
0.1262117822520507
0.1262117822520507
0.1262117822520507
0.1262117822520507
0.1262117822520507
0.12627392493164305
0.12627392493164305
0.1263360676112354
0.1263360676112354
0.12639821029082773
0.12652249565001242
0.12658463832960476
0.12670892368878947
0.1267710663683818
0.1267710663683818
0.1267710663683818
0.1267710663683818
0.1267710663683818
0.1267710663683818
0.12683320904797415
0.1268953517275665
0.12695749440715884
0.12695749440715884
0.12701963708675118
0.12701963708675118
0.12701963708675118
0.12701963708675118
0.12708177976634352
0.12708177976634352
0.12708177976634352
0.12714392244593586
0.1272060651255282
0.1272060651255282
0.1272060651255282
0.12726820780512055
0.12726820780512055
0.1273303504847129
0.1274546358438976
0.1274546358438976
0.12751677852348994
0.12751677852348994
0.12757892120308229
0.12764106388267463
0.12782749192145165
0.127889634601044
0.12795177728063634
0.12795177728063634
0.12795177728063634
0.12795177728063634
0.12795177728063634
0.12801391996022868
0.12801391996022868
0.12813820531941336
0.12813820531941336
0.1282003479990057
0.1282003479990057
0.1282003479990057
0.12826249067859807
0.12826249067859807
0.12832463335819042
0.12838677603778276
0.1284489187173751
0.12857320407655978
0.12857320407655978
0.12863534675615212
0.12863534675615212
0.12869748943574447
0.12869748943574447
0.12882177479492915
0.1288839174745215
0.1288839174745215
0.1288839174745215
0.1288839174745215
0.12900820283370618
0.12900820283370618
0.12900820283370618
0.12907034551329855
0.12919463087248323
0.1293189162316679
0.1293189162316679
0.1293189162316679
0.12938105891126025
0.12950534427044494
0.12950534427044494
0.12950534427044494
0.12950534427044494
0.12956748695003728
0.12956748695003728
0.12956748695003728
0.12956748695003728
0.12956748695003728
0.12969177230922196
0.12981605766840665
0.12987820034799902
0.12987820034799902
0.12987820034799902
0.12987820034799902
0.12987820034799902
0.1300024857071837
0.1300024857071837
0.1300024857071837
0.13006462838677604
0.13006462838677604
0.13018891374596073
0.13018891374596073
0.13018891374596073
0.13018891374596073
0.13018891374596073
0.13025105642555307
0.13025105642555307
0.13025105642555307
0.1303131991051454
0.1303131991051454
0.13037534178473775
0.13037534178473775
0.13037534178473775
0.13037534178473775
0.13037534178473775
0.1304374844643301
0.13049962714392244
0.1306860551826995
0.13074819786229183
0.13074819786229183
0.13081034054188417
0.13081034054188417
0.13081034054188417
0.13087248322147652
0.1309967685806612
0.13105891126025354
0.13105891126025354
0.13112105393984588
0.13112105393984588
0.13112105393984588
0.13118319661943822
0.13118319661943822
0.13118319661943822
0.13118319661943822
0.13118319661943822
0.13124533929903057
0.1313074819786229
0.13136962465821525
0.13136962465821525
0.13136962465821525
0.1315560526969923
0.13161819537658465
0.131680338056177
0.131680338056177
0.13174248073576933
0.13174248073576933
0.13174248073576933
0.13180462341536167
0.13180462341536167
0.131866766094954
0.131866766094954
0.1319910514541387
0.13217747949291572
0.1322396221725081
0.1322396221725081
0.13230176485210043
0.13230176485210043
0.13236390753169278
0.13248819289087746
0.1325503355704698
0.13261247825006214
0.13261247825006214
0.13267462092965449
0.13267462092965449
0.13267462092965449
0.13273676360924683
0.13273676360924683
0.13279890628883917
0.1328610489684315
0.1328610489684315
0.1328610489684315
0.13292319164802385
0.13292319164802385
0.1329853343276162
0.1329853343276162
0.1329853343276162
0.1329853343276162
0.1331096196868009
0.1331096196868009
0.13317176236639325
0.13329604772557793
0.13329604772557793
0.13329604772557793
0.13335819040517027
0.13342033308476262
0.13342033308476262
0.13348247576435496
0.13360676112353964
0.13360676112353964
0.13366890380313198
0.13373104648272433
0.13379318916231667
0.13379318916231667
0.13379318916231667
0.13379318916231667
0.13397961720109372
0.13397961720109372
0.13397961720109372
0.13397961720109372
0.1341039025602784
0.1341039025602784
0.1341039025602784
0.1342281879194631
0.13429033059905543
0.13429033059905543
0.13429033059905543
0.13435247327864777
0.1344146159582401
0.13447675863783246
0.13447675863783246
0.13447675863783246
0.13447675863783246
0.1345389013174248
0.1345389013174248
0.13460104399701714
0.1346631866766095
0.1346631866766095
0.1346631866766095
0.1347874720357942
0.1347874720357942
0.1347874720357942
0.1347874720357942
0.13484961471538653
0.13484961471538653
0.13484961471538653
0.13484961471538653
0.13484961471538653
0.13491175739497888
0.13491175739497888
0.13497390007457122
0.13497390007457122
0.1350981854337559
0.1350981854337559
0.13516032811334824
0.13528461347253293
0.13534675615212527
0.1354088988317176
0.13553318419090232
0.13553318419090232
0.13553318419090232
0.13553318419090232
0.13553318419090232
0.135657469550087
0.13571961222967935
0.13571961222967935
0.1357817549092717
0.13584389758886403
0.13584389758886403
0.13590604026845637
0.13596818294804872
0.13596818294804872
0.13596818294804872
0.13596818294804872
0.13596818294804872
0.13603032562764106
0.13603032562764106
0.13603032562764106
0.13603032562764106
0.13603032562764106
0.13603032562764106
0.1360924683072334
0.1360924683072334
0.1360924683072334
0.1360924683072334
0.13615461098682574
0.13615461098682574
0.13615461098682574
0.13615461098682574
0.13627889634601045
0.13627889634601045
0.13627889634601045
0.13627889634601045
0.1363410390256028
0.1363410390256028
0.13640318170519514
0.13640318170519514
0.13640318170519514
0.13640318170519514
0.13646532438478748
0.13646532438478748
0.13646532438478748
0.13646532438478748
0.13646532438478748
0.13658960974397216
0.13658960974397216
0.13658960974397216
0.1366517524235645
0.13671389510315685
0.13671389510315685
0.13683818046234153
0.13708675118071093
0.13714889386030327
0.13714889386030327
0.13714889386030327
0.1372110365398956
0.1372110365398956
0.1372110365398956
0.1372110365398956
0.13727317921948795
0.13739746457867263
0.13739746457867263
0.13739746457867263
0.13739746457867263
0.13739746457867263
0.13745960725826498
0.13745960725826498
0.13745960725826498
0.13745960725826498
0.13752174993785732
0.13758389261744966
0.13758389261744966
0.13758389261744966
0.13758389261744966
0.13758389261744966
0.13758389261744966
0.13758389261744966
0.13758389261744966
0.13758389261744966
0.13758389261744966
0.13758389261744966
0.137646035297042
0.13770817797663434
0.13770817797663434
0.13770817797663434
0.13783246333581903
0.1378946060154114
0.1378946060154114
0.1378946060154114
0.1378946060154114
0.1378946060154114
0.1378946060154114
0.1378946060154114
0.1378946060154114
0.1378946060154114
0.13795674869500374
0.13795674869500374
0.13795674869500374
0.13808103405418842
0.13808103405418842
0.13808103405418842
0.13808103405418842
0.13808103405418842
0.13814317673378076
0.1382053194133731
0.1382053194133731
0.13839174745215013
0.13839174745215013
0.13839174745215013
0.13839174745215013
0.13839174745215013
0.13839174745215013
0.13839174745215013
0.13839174745215013
0.13839174745215013
0.13839174745215013
0.13839174745215013
0.13839174745215013
0.13845389013174247
0.13851603281133482
0.13857817549092716
0.1386403181705195
0.13870246085011187
0.13870246085011187
0.13870246085011187
0.13870246085011187
0.13870246085011187
0.13882674620929655
0.1388888888888889
0.13901317424807358
0.13907531692766592
0.13907531692766592
0.13907531692766592
0.13907531692766592
0.13913745960725826
0.13913745960725826
0.1391996022868506
0.1391996022868506
0.13926174496644295
0.13926174496644295
0.13926174496644295
0.13926174496644295
0.13926174496644295
0.13926174496644295
0.1393238876460353
0.1393238876460353
0.13951031568481234
0.13957245836440468
0.13963460104399703
0.13963460104399703
0.13963460104399703
0.13963460104399703
0.13963460104399703
0.13963460104399703
0.13963460104399703
0.13963460104399703
0.13969674372358937
0.1397588864031817
0.1397588864031817
0.13982102908277405
0.13982102908277405
0.1398831717623664
0.1398831717623664
0.13994531444195873
0.14000745712155108
0.14000745712155108
0.14000745712155108
0.14000745712155108
0.14006959980114342
0.14013174248073576
0.14013174248073576
0.14013174248073576
0.14013174248073576
0.14013174248073576
0.1401938851603281
0.14025602783992044
0.14025602783992044
0.1403181705195128
0.1403181705195128
0.1403181705195128
0.14038031319910516
0.14038031319910516
0.14038031319910516
0.14038031319910516
0.14050459855828984
0.14050459855828984
0.14050459855828984
0.14050459855828984
0.14050459855828984
0.14050459855828984
0.14050459855828984
0.14050459855828984
0.14050459855828984
0.14050459855828984
0.14050459855828984
0.14050459855828984
0.14050459855828984
0.14050459855828984
0.14050459855828984
0.14050459855828984
0.14050459855828984
0.14062888391747452
0.14062888391747452
0.14062888391747452
0.1407531692766592
0.1407531692766592
0.1407531692766592
0.1407531692766592
0.14081531195625155
0.14081531195625155
0.1408774546358439
0.1408774546358439
0.1408774546358439
0.14093959731543623
0.14093959731543623
0.14093959731543623
0.14093959731543623
0.14100173999502857
0.14100173999502857
0.14100173999502857
0.14100173999502857
0.14100173999502857
0.14100173999502857
0.14100173999502857
0.14100173999502857
0.14106388267462092
0.14106388267462092
0.14106388267462092
0.14106388267462092
0.14106388267462092
0.14106388267462092
0.14106388267462092
0.14106388267462092
0.14106388267462092
0.14112602535421329
0.14112602535421329
0.14118816803380563
0.14125031071339797
0.14125031071339797
0.1413124533929903
0.1413124533929903
0.14149888143176734
0.14149888143176734
0.14156102411135968
0.14162316679095202
0.14168530947054436
0.14168530947054436
0.14168530947054436
0.1417474521501367
0.14180959482972905
0.1418717375093214
0.1418717375093214
0.1418717375093214
0.1418717375093214
0.1418717375093214
0.1418717375093214
0.1418717375093214
0.14193388018891376
0.14193388018891376
0.14193388018891376
0.14193388018891376
0.14193388018891376
0.14193388018891376
0.14193388018891376
0.14193388018891376
0.14193388018891376
0.1419960228685061
0.1419960228685061
0.1419960228685061
0.1419960228685061
0.1419960228685061
0.1419960228685061
0.14212030822769078
0.14218245090728313
0.14218245090728313
0.14224459358687547
0.14224459358687547
0.14224459358687547
0.14224459358687547
0.14224459358687547
0.1423067362664678
0.1423067362664678
0.1423067362664678
0.14249316430524483
0.14249316430524483
0.14255530698483718
0.14255530698483718
0.14255530698483718
0.14255530698483718
0.14255530698483718
0.14255530698483718
0.14261744966442952
0.14274173502361423
0.14274173502361423
0.14286602038279891
0.14292816306239126
0.14292816306239126
0.1429903057419836
0.1429903057419836
0.14311459110116828
0.14311459110116828
0.14317673378076062
0.14317673378076062
0.14317673378076062
0.14317673378076062
0.14317673378076062
0.14323887646035297
0.1433010191399453
0.1433010191399453
0.1433010191399453
0.1433010191399453
0.1433010191399453
0.1433010191399453
0.1433010191399453
