0.01603281133482476
0.024794929157345266
0.030014914243102164
0.03293562018394233
0.035794183445190156
0.037907034551329856
0.039771314939100175
0.041138453890131745
0.04281630623912503
0.043934874471787226
0.045177728063634105
0.04561272682078051
0.04666915237385036
0.04760129256773552
0.04834700472284365
0.0494034302759135
0.050459855828983345
0.05114342530449913
0.05139199602286851
0.05219985085756898
0.05275913497390008
0.053691275167785234
0.054436987322893364
0.05487198608003977
0.05536912751677853
0.05592841163310962
0.05630126771066368
0.056611981108625406
0.05692269450658712
0.05760626398210291
0.05804126273924932
0.05822769077802635
0.05853840417598807
0.05884911757394979
0.05934625901068854
0.05934625901068854
0.05965697240865026
0.06021625652498136
0.06058911260253542
0.06089982600049714
0.061210539398458864
0.06152125279642058
0.06208053691275168
0.062453392990305744
0.06263982102908278
0.06307481978622918
0.06326124782500621
0.06350981854337559
0.06369624658215262
0.06419338801889138
0.06456624409644544
0.06475267213522247
0.06512552821277653
0.06556052696992294
0.06599552572706935
0.06636838180462341
0.06674123788217748
0.06686552324136216
0.06711409395973154
0.06730052199850857
0.06736266467810093
0.06761123539647029
0.06792194879443202
0.06810837683320904
0.06835694755157842
0.0686055182699478
0.06866766094954015
0.06885408898831717
0.0691648023862789
0.06953765846383296
0.06978622918220234
0.06997265722097937
0.07028337061894109
0.07053194133731046
0.0707183693760875
0.07121551081282625
0.07152622421078797
0.07177479492915735
0.07208550832711906
0.07233407904548844
0.07270693512304251
0.07295550584141189
0.0732662192393736
0.07345264727815064
0.07357693263733532
0.07388764603529704
0.07394978871488939
0.07419835943325877
0.07426050211285111
0.07432264479244345
0.07469550086999752
0.07469550086999752
0.07506835694755158
0.0753790703455133
0.07587621178225205
0.07624906785980612
0.07655978125776783
0.07680835197613721
0.07705692269450659
0.07742977877206066
0.07761620681083768
0.07774049217002237
0.07774049217002237
0.07774049217002237
0.07798906288839175
0.07823763360676113
0.0784862043251305
0.0786104896843152
0.07873477504349988
0.0789212030822769
0.0790454884414616
0.07916977380064628
0.07935620183942331
0.07948048719860801
0.07960477255779269
0.07960477255779269
0.07985334327616207
0.07985334327616207
0.07997762863534676
0.08041262739249316
0.0804747700720855
0.08053691275167785
0.08066119811086254
0.08084762614963957
0.08090976882923191
0.08103405418841661
0.08128262490678598
0.08153119562515536
0.0815933383047477
0.08177976634352473
0.08184190902311708
0.08209047974148645
0.08221476510067115
0.08252547849863286
0.08264976385781755
0.08289833457618692
0.08308476261496396
0.08320904797414864
0.08333333333333333
0.08351976137211037
0.08376833209047974
0.08389261744966443
0.08407904548844146
0.0842654735272185
0.08445190156599552
0.08451404424558787
0.08463832960477256
0.08476261496395725
0.08476261496395725
0.08488690032314193
0.08488690032314193
0.08494904300273427
0.08501118568232663
0.08513547104151131
0.08519761372110365
0.08532189908028834
0.08550832711906538
0.08563261247825006
0.0858190405170271
0.08594332587621178
0.08594332587621178
0.08612975391498881
0.08637832463335819
0.08662689535172757
0.08675118071091226
0.08693760874968928
0.08718617946805866
0.08737260750683569
0.08743475018642805
0.08749689286602039
0.08762117822520507
0.08774546358438975
0.0878076062639821
0.08786974894357445
0.08786974894357445
0.0879318916231668
0.08811831966194382
0.08830474770072086
0.08842903305990554
0.08861546109868257
0.08880188913745961
0.08892617449664429
0.08905045985582899
0.08917474521501367
0.08923688789460602
0.08929903057419836
0.08942331593338304
0.0894854586129754
0.08967188665175242
0.08985831469052946
0.08998260004971415
0.08998260004971415
0.09023117076808351
0.09060402684563758
0.09066616952522993
0.09066616952522993
0.09072831220482228
0.09085259756400696
0.09110116828237634
0.09128759632115337
0.0914740243599304
0.0914740243599304
0.09159830971911509
0.09166045239870743
0.09172259507829977
0.09172259507829977
0.09190902311707681
0.0920333084762615
0.0920333084762615
0.09215759383544618
0.09215759383544618
0.09221973651503852
0.09228187919463088
0.09234402187422322
0.09234402187422322
0.0924683072334079
0.09253044991300025
0.09271687795177729
0.09284116331096197
0.09284116331096197
0.09284116331096197
0.09290330599055431
0.093027591349739
0.09308973402933135
0.09315187670892369
0.09321401938851603
0.09340044742729306
0.09352473278647776
0.09377330350484712
0.09377330350484712
0.09389758886403182
0.09395973154362416
0.0940218742232165
0.0940218742232165
0.09420830226199353
0.09420830226199353
0.09433258762117823
0.09445687298036291
0.09451901565995526
0.09451901565995526
0.09464330101913994
0.0947054436987323
0.09482972905791698
0.09482972905791698
0.09489187173750932
0.095016157096694
0.09520258513547104
0.09520258513547104
0.09526472781506339
0.09532687049465573
0.09551329853343277
0.09551329853343277
0.09557544121302511
0.09557544121302511
0.09569972657220979
0.09576186925180213
0.09594829729057917
0.09594829729057917
0.09594829729057917
0.0961347253293562
0.09625901068854088
0.09632115336813324
0.09632115336813324
0.09632115336813324
0.09632115336813324
0.09632115336813324
0.09632115336813324
0.09632115336813324
0.09632115336813324
0.09638329604772558
0.09638329604772558
0.09644543872731792
0.09644543872731792
0.09650758140691026
0.09663186676609495
0.09675615212527965
0.09681829480487199
0.09688043748446433
0.09688043748446433
0.09688043748446433
0.09694258016405667
0.09700472284364901
0.09712900820283371
0.09719115088242605
0.0972532935620184
0.0972532935620184
0.0972532935620184
0.0972532935620184
0.09731543624161074
0.09731543624161074
0.09731543624161074
0.09737757892120308
0.09737757892120308
0.09743972160079542
0.09743972160079542
0.09750186428038778
0.09762614963957246
0.0976882923191648
0.0976882923191648
0.0976882923191648
0.09775043499875714
0.09793686303753418
0.09806114839671887
0.09812329107631121
0.09824757643549589
0.09824757643549589
0.09824757643549589
0.09830971911508825
0.09830971911508825
0.09830971911508825
0.09830971911508825
0.09830971911508825
0.09830971911508825
0.09830971911508825
0.09837186179468059
0.09837186179468059
0.09837186179468059
0.09849614715386527
0.09849614715386527
0.09855828983345762
0.09855828983345762
0.09855828983345762
0.09855828983345762
0.09862043251304996
0.09862043251304996
0.09862043251304996
0.09862043251304996
0.09862043251304996
0.09868257519264231
0.09868257519264231
0.09868257519264231
0.09874471787223466
0.098806860551827
0.098806860551827
0.098806860551827
0.098806860551827
0.098806860551827
0.098806860551827
0.09886900323141934
0.09886900323141934
0.09886900323141934
0.09893114591101168
0.09899328859060402
0.09911757394978872
0.09911757394978872
0.09911757394978872
0.0992418593089734
0.09936614466815809
0.09936614466815809
0.09942828734775043
0.09942828734775043
0.09942828734775043
0.09949043002734279
0.09949043002734279
0.09955257270693513
0.09955257270693513
0.09955257270693513
0.09955257270693513
0.09955257270693513
0.09955257270693513
0.09955257270693513
0.09955257270693513
0.09955257270693513
0.09961471538652747
0.09973900074571215
0.0998011434253045
0.09986328610489684
0.09986328610489684
0.09986328610489684
0.09992542878448919
0.09992542878448919
0.09992542878448919
0.09998757146408153
0.09998757146408153
0.10004971414367388
0.10017399950285856
0.10017399950285856
0.1002361421824509
0.10029828486204326
0.10029828486204326
0.10029828486204326
0.1003604275416356
0.1003604275416356
0.1003604275416356
0.1003604275416356
0.10042257022122794
0.10042257022122794
0.10042257022122794
0.10054685558041263
0.10054685558041263
0.10054685558041263
0.10054685558041263
0.10054685558041263
0.10054685558041263
0.10054685558041263
0.10054685558041263
0.10060899826000497
0.10067114093959731
0.10067114093959731
0.10067114093959731
0.10067114093959731
0.10067114093959731
0.10067114093959731
0.10067114093959731
0.10067114093959731
0.10073328361918966
0.10073328361918966
0.10073328361918966
0.100795426298782
0.100795426298782
0.100795426298782
0.100795426298782
0.100795426298782
0.100795426298782
0.100795426298782
0.100795426298782
0.10085756897837435
0.10091971165796669
0.10098185433755903
0.10098185433755903
0.10098185433755903
0.10098185433755903
0.10104399701715137
0.10104399701715137
0.10104399701715137
0.10104399701715137
0.10104399701715137
0.10104399701715137
0.10104399701715137
0.10110613969674373
0.10116828237633607
0.10129256773552076
0.10129256773552076
0.10129256773552076
0.10129256773552076
0.1013547104151131
0.1013547104151131
0.10141685309470544
0.10154113845389014
0.10154113845389014
0.10154113845389014
0.10160328113348248
0.10172756649266716
0.10172756649266716
0.1019139945314442
0.10197613721103654
0.10203827989062889
0.10203827989062889
0.10216256524981357
0.10216256524981357
0.10216256524981357
0.10216256524981357
0.10216256524981357
0.10216256524981357
0.10222470792940591
0.10222470792940591
0.10228685060899825
0.10228685060899825
0.10228685060899825
0.10228685060899825
0.10228685060899825
0.10241113596818295
0.10241113596818295
0.10241113596818295
0.10241113596818295
0.10241113596818295
0.10241113596818295
0.10247327864777529
0.10247327864777529
0.10247327864777529
0.10247327864777529
0.10247327864777529
0.10247327864777529
0.10247327864777529
0.10247327864777529
0.10247327864777529
0.10247327864777529
0.10259756400695998
0.10259756400695998
0.10259756400695998
0.10265970668655232
0.10265970668655232
0.10265970668655232
0.10265970668655232
0.10272184936614467
0.10272184936614467
0.10278399204573702
0.10278399204573702
0.10278399204573702
0.10278399204573702
0.10278399204573702
0.10284613472532936
0.1029082774049217
0.10297042008451404
0.10303256276410638
0.10315684812329108
0.10321899080288342
0.10328113348247576
0.1033432761620681
0.1033432761620681
0.10340541884166045
0.10340541884166045
0.10340541884166045
0.10346756152125279
0.10346756152125279
0.10352970420084515
0.10359184688043749
0.10359184688043749
0.10359184688043749
0.10359184688043749
0.10365398956002983
0.10371613223962217
0.10371613223962217
0.10384041759880686
0.10384041759880686
0.10384041759880686
0.10390256027839921
0.10390256027839921
0.10390256027839921
0.10390256027839921
0.10390256027839921
0.10390256027839921
0.10390256027839921
0.1040268456375839
0.10408898831717624
0.10408898831717624
0.10408898831717624
0.10408898831717624
0.10408898831717624
0.10415113099676858
0.10421327367636092
0.10427541635595326
0.10433755903554562
0.10433755903554562
0.10433755903554562
0.10433755903554562
0.10433755903554562
0.10439970171513796
0.10439970171513796
0.10439970171513796
0.10439970171513796
0.10439970171513796
0.1044618443947303
0.1044618443947303
0.1044618443947303
0.10452398707432264
0.10452398707432264
0.10452398707432264
0.10452398707432264
0.10452398707432264
0.10452398707432264
0.10452398707432264
0.10452398707432264
0.10452398707432264
0.10452398707432264
0.10452398707432264
0.10452398707432264
0.10452398707432264
0.10452398707432264
0.10458612975391499
0.10464827243350733
0.10471041511309968
0.10471041511309968
0.10477255779269203
0.10477255779269203
0.10477255779269203
0.10477255779269203
0.10483470047228437
0.10483470047228437
0.10483470047228437
0.10483470047228437
0.10483470047228437
0.10483470047228437
0.10489684315187671
0.10495898583146905
0.10502112851106139
0.10502112851106139
0.10502112851106139
0.10508327119065373
0.10508327119065373
0.10508327119065373
0.10514541387024609
0.10514541387024609
0.10514541387024609
0.10514541387024609
0.10514541387024609
0.10514541387024609
0.10520755654983843
0.10520755654983843
0.10526969922943077
0.10526969922943077
0.10539398458861546
0.1054561272682078
0.1054561272682078
0.10551826994780016
0.10551826994780016
0.10551826994780016
0.10551826994780016
0.1055804126273925
0.10564255530698484
0.10570469798657718
0.10576684066616952
0.10582898334576187
0.10582898334576187
0.1058911260253542
0.1058911260253542
0.1058911260253542
0.1058911260253542
0.10607755406413125
0.10613969674372359
0.10626398210290827
0.10626398210290827
0.10626398210290827
0.10632612478250063
0.10638826746209297
0.10638826746209297
0.10638826746209297
0.10645041014168531
0.10657469550087
0.10663683818046234
0.10663683818046234
0.10663683818046234
0.10663683818046234
0.10663683818046234
0.10663683818046234
0.10663683818046234
0.10669898086005468
0.10669898086005468
0.10669898086005468
0.10669898086005468
0.10676112353964703
0.10676112353964703
0.10682326621923938
0.10682326621923938
0.10682326621923938
0.10682326621923938
0.10682326621923938
0.10682326621923938
0.10682326621923938
0.10694755157842406
0.10694755157842406
0.10694755157842406
0.10694755157842406
0.1070096942580164
0.1071339796172011
0.10719612229679344
0.10719612229679344
0.10719612229679344
0.10719612229679344
0.10719612229679344
0.10719612229679344
0.10719612229679344
0.10719612229679344
0.10719612229679344
0.10719612229679344
0.10719612229679344
0.10719612229679344
0.10719612229679344
0.10725826497638578
0.10732040765597813
0.10732040765597813
0.10732040765597813
0.10732040765597813
0.10732040765597813
0.10732040765597813
0.10732040765597813
0.10732040765597813
0.10732040765597813
0.10732040765597813
0.10732040765597813
0.10732040765597813
0.10738255033557047
0.10738255033557047
0.10738255033557047
0.10738255033557047
0.10744469301516281
0.10744469301516281
0.10744469301516281
0.10744469301516281
0.10744469301516281
0.10744469301516281
0.10744469301516281
0.10744469301516281
0.10744469301516281
0.10750683569475515
0.10750683569475515
0.10750683569475515
0.10756897837434751
0.10756897837434751
0.10756897837434751
0.10756897837434751
0.10756897837434751
0.10763112105393985
0.10763112105393985
0.10763112105393985
0.10763112105393985
0.10763112105393985
0.10769326373353219
0.10769326373353219
0.10769326373353219
0.10769326373353219
0.10769326373353219
0.10769326373353219
0.10781754909271687
0.10781754909271687
0.10781754909271687
0.10787969177230922
0.10787969177230922
0.10787969177230922
0.10787969177230922
0.10787969177230922
0.10800397713149391
0.10800397713149391
0.10800397713149391
0.10800397713149391
0.10800397713149391
0.10800397713149391
0.10806611981108626
0.10806611981108626
0.10806611981108626
0.10806611981108626
0.10806611981108626
0.10806611981108626
0.10806611981108626
0.10806611981108626
0.10806611981108626
0.10806611981108626
0.1081282624906786
0.1081282624906786
0.1081282624906786
0.10819040517027094
0.10831469052945562
0.10850111856823266
0.10850111856823266
0.10850111856823266
0.10850111856823266
0.10850111856823266
0.10862540392741735
0.10868754660700969
0.10868754660700969
0.10874968928660204
0.10881183196619439
0.10887397464578673
0.10887397464578673
0.10887397464578673
0.10887397464578673
0.10887397464578673
0.10899826000497141
0.10899826000497141
0.10899826000497141
0.10899826000497141
0.10906040268456375
0.10906040268456375
0.10906040268456375
0.10906040268456375
0.10906040268456375
0.10906040268456375
0.10906040268456375
0.10906040268456375
0.10906040268456375
0.1091225453641561
0.1091225453641561
0.10918468804374845
0.10918468804374845
0.10918468804374845
0.10918468804374845
0.1092468307233408
0.1092468307233408
0.10930897340293314
0.10930897340293314
0.10930897340293314
0.10930897340293314
0.10937111608252548
0.10943325876211782
0.10943325876211782
0.10943325876211782
0.10949540144171016
0.10949540144171016
0.10949540144171016
0.10949540144171016
0.10949540144171016
0.10949540144171016
0.10949540144171016
0.10949540144171016
0.10949540144171016
0.10949540144171016
0.10949540144171016
0.10949540144171016
0.10949540144171016
0.10955754412130252
0.10961968680089486
0.10961968680089486
0.10961968680089486
0.10961968680089486
0.10961968680089486
0.10961968680089486
0.10961968680089486
0.10961968680089486
0.10961968680089486
0.10961968680089486
0.10961968680089486
0.10961968680089486
0.10961968680089486
0.10961968680089486
0.10961968680089486
0.10961968680089486
0.1096818294804872
0.1096818294804872
0.1096818294804872
0.1096818294804872
0.1096818294804872
0.10974397216007954
0.10974397216007954
0.10980611483967188
0.10986825751926423
0.10986825751926423
0.10986825751926423
0.10993040019885658
0.10993040019885658
0.10999254287844892
0.10999254287844892
0.10999254287844892
0.10999254287844892
0.10999254287844892
0.10999254287844892
0.10999254287844892
0.10999254287844892
0.10999254287844892
0.10999254287844892
0.10999254287844892
0.10999254287844892
0.10999254287844892
0.10999254287844892
0.10999254287844892
0.11005468555804127
0.11005468555804127
0.11005468555804127
0.11011682823763361
0.11011682823763361
0.11011682823763361
0.11011682823763361
0.11011682823763361
0.11011682823763361
0.11011682823763361
0.11011682823763361
0.11011682823763361
0.11017897091722595
0.11017897091722595
0.11017897091722595
0.11017897091722595
0.11017897091722595
0.11017897091722595
0.11017897091722595
0.11017897091722595
0.11017897091722595
0.11017897091722595
0.11017897091722595
0.11017897091722595
0.11017897091722595
0.11017897091722595
0.11024111359681829
0.11030325627641063
0.11030325627641063
0.11030325627641063
0.11030325627641063
0.11030325627641063
0.11030325627641063
0.11030325627641063
0.11036539895600299
0.11042754163559533
0.11042754163559533
0.11042754163559533
0.11042754163559533
0.11042754163559533
0.11042754163559533
0.11042754163559533
0.11042754163559533
0.11042754163559533
0.11042754163559533
0.11042754163559533
0.11042754163559533
0.11042754163559533
0.11042754163559533
0.11048968431518767
0.11048968431518767
0.11061396967437236
0.11061396967437236
0.11061396967437236
0.11061396967437236
0.11061396967437236
0.11061396967437236
0.11073825503355705
0.11073825503355705
0.11073825503355705
0.11073825503355705
0.11073825503355705
0.11073825503355705
0.11073825503355705
0.11073825503355705
0.1108003977131494
0.1108003977131494
0.1108003977131494
0.1108003977131494
0.1108003977131494
0.1108003977131494
0.1108003977131494
0.1108003977131494
0.1108003977131494
0.1108003977131494
0.1108003977131494
0.1108003977131494
0.1108003977131494
0.1108003977131494
0.1108003977131494
0.1108003977131494
0.1108003977131494
0.1108003977131494
0.1108003977131494
0.1108003977131494
0.1108003977131494
0.1108003977131494
0.1108003977131494
0.1108003977131494
0.11092468307233408
0.11092468307233408
0.11092468307233408
0.11098682575192642
0.11098682575192642
0.11098682575192642
0.11098682575192642
0.11098682575192642
0.11098682575192642
0.11098682575192642
0.11104896843151876
0.11104896843151876
0.11104896843151876
0.1111111111111111
0.1111111111111111
0.1111111111111111
0.1111111111111111
0.1111111111111111
0.1111111111111111
0.1111111111111111
0.11117325379070346
0.11117325379070346
0.11117325379070346
0.11117325379070346
0.11117325379070346
0.11117325379070346
0.11117325379070346
0.11117325379070346
0.11117325379070346
0.11117325379070346
0.11117325379070346
0.11117325379070346
0.11117325379070346
0.11117325379070346
0.11117325379070346
0.11129753914988814
0.11129753914988814
0.11129753914988814
0.11129753914988814
0.11129753914988814
0.11129753914988814
0.11129753914988814
0.11129753914988814
0.11129753914988814
0.11129753914988814
0.11135968182948049
0.11135968182948049
0.11135968182948049
0.11142182450907283
0.11142182450907283
0.11142182450907283
0.11142182450907283
0.11142182450907283
0.11142182450907283
0.11142182450907283
0.11142182450907283
0.11142182450907283
0.11142182450907283
0.11142182450907283
0.11142182450907283
0.11142182450907283
0.11142182450907283
0.11148396718866517
0.11148396718866517
0.11148396718866517
0.11154610986825753
0.11154610986825753
0.11154610986825753
0.11154610986825753
0.11160825254784987
0.11160825254784987
0.11160825254784987
0.11160825254784987
0.11160825254784987
0.11160825254784987
0.11160825254784987
0.11160825254784987
0.11160825254784987
