0.006400695998011434
0.01174496644295302
0.014852100422570222
0.01696495152870992
0.018642803877703208
0.020320656226696494
0.021563509818543377
0.02268207805120557
0.02317921948794432
0.023738503604275416
0.024546358438975888
0.025292070594084018
0.02566492667163808
0.026348496147153865
0.02672135222470793
0.027094208302261995
0.027404921700223715
0.027715635098185434
0.02796420581655481
0.028337061894108874
0.028523489932885907
0.028958488690032314
0.0296420581655481
0.02982848620432513
0.030077056922694505
0.030325627641063883
0.030387770320656225
0.030512055679840916
0.030636341039025603
0.03107133979617201
0.03144419587372607
0.031630623912503104
0.03169276659209545
0.03194133731046483
0.032500621426795925
0.03293562018394233
0.03318419090231171
0.03349490430027343
0.033743475018642805
0.03399204573701218
0.034364901814566244
0.03473775789212031
0.034986328610489684
0.03542132736763609
0.035794183445190156
0.03622918220233656
0.037037037037037035
0.03753417847377579
0.03815560526969923
0.03877703206562267
0.039025602783992044
0.039647029579915484
0.039895600298284865
0.040454884414615956
0.04070345513298534
0.04088988317176236
0.041138453890131745
0.04144916728809346
0.041822023365647526
0.04225702212279393
0.042443450161570966
0.04300273427790206
0.043313447675863787
0.04356201839423316
0.04399701715137957
0.04412130251056426
0.044556301267710666
0.04468058662689535
0.045053442704449415
0.045177728063634105
0.04536415610241114
0.04542629878200348
0.04561272682078051
0.04598558289833458
0.046296296296296294
0.046420581655480984
0.04679343773303505
0.04691772309221973
0.047166293810589115
0.04753914988814318
0.04760129256773552
0.047849863286104896
0.047849863286104896
0.04797414864528959
0.04816057668406662
0.048409147402435994
0.04865771812080537
0.04890628883917474
0.049154859557544124
0.04927914491672881
0.0494034302759135
0.04952771563509818
0.049838429033059906
0.05002485707183694
0.05027342779020631
0.050397713149391
0.05083271190653741
0.051081282624906785
0.05114342530449913
0.05126771066368382
0.05139199602286851
0.05151628138205319
0.05157842406164554
0.051702709420830224
0.051702709420830224
0.051826994780014915
0.05188913745960726
0.05226199353716132
0.05226199353716132
0.052448421575938355
0.052572706935123045
0.05269699229430773
0.05300770569226945
0.05300770569226945
0.05300770569226945
0.053194133731046485
0.05344270444941586
0.05356698980860055
0.05362913248819289
0.053877703206562266
0.0540641312453393
0.05431270196370867
0.05431270196370867
0.0546234153616704
0.05487198608003977
0.05499627143922446
0.055182699478001494
0.055244842157593836
0.05530698483718618
0.055866268953517276
0.05592841163310962
0.05605269699229431
0.056176982351479
0.05623912503107134
0.05630126771066368
0.056611981108625406
0.05667412378821775
0.05667412378821775
0.05679840914740244
0.05686055182699478
0.05692269450658712
0.05704697986577181
0.0571712652249565
0.05729555058414119
0.05735769326373353
0.05748197862291822
0.05779269202087994
0.057979120059656976
0.058165548098434
0.058351976137211034
0.05841411881680338
0.05853840417598807
0.058600546855580415
0.05878697489435745
0.05891126025354213
0.05903554561272682
0.059221973651503855
0.05947054436987323
0.05953268704946557
0.05953268704946557
0.059719115088242604
0.059843400447427295
0.05996768580661198
0.06021625652498136
0.06021625652498136
0.060340541884166043
0.060340541884166043
0.06040268456375839
0.06040268456375839
0.060526969922943076
0.06071339796172011
0.0608376833209048
0.06102411135968183
0.06145911011682824
0.06145911011682824
0.06152125279642058
0.06170768083519761
0.061831966194382304
0.06195625155356699
0.06208053691275168
0.06214267959234402
0.06226696495152871
0.06232910763112105
0.06251553566989809
0.06257767834949043
0.06276410638826746
0.0629505344270445
0.06307481978622918
0.06319910514541387
0.06326124782500621
0.06332339050459856
0.06344767586378325
0.06344767586378325
0.06357196122296793
0.06369624658215262
0.06369624658215262
0.06382053194133731
0.06400695998011434
0.06413124533929904
0.06413124533929904
0.06413124533929904
0.06431767337807606
0.06431767337807606
0.0643798160576684
0.06444195873726075
0.06462838677603779
0.06469052945563013
0.06481481481481481
0.06481481481481481
0.06481481481481481
0.06487695749440715
0.06493910017399951
0.06500124285359185
0.06500124285359185
0.06506338553318419
0.06512552821277653
0.06531195625155356
0.06543624161073826
0.0654983842903306
0.06556052696992294
0.06562266964951528
0.06562266964951528
0.06574695500869998
0.06574695500869998
0.06580909768829232
0.06580909768829232
0.065933383047477
0.06605766840666169
0.06611981108625405
0.06618195376584639
0.06618195376584639
0.06618195376584639
0.06624409644543873
0.06630623912503107
0.06630623912503107
0.06643052448421576
0.0664926671638081
0.0664926671638081
0.06655480984340045
0.06655480984340045
0.06667909520258514
0.06667909520258514
0.06667909520258514
0.06686552324136216
0.06692766592095452
0.06698980860054686
0.06698980860054686
0.0670519512801392
0.06711409395973154
0.06711409395973154
0.06711409395973154
0.06711409395973154
0.06717623663932389
0.06717623663932389
0.06717623663932389
0.06723837931891623
0.06723837931891623
0.06730052199850857
0.06748695003728561
0.06754909271687795
0.06754909271687795
0.06761123539647029
0.06779766343524733
0.06792194879443202
0.06792194879443202
0.0680462341536167
0.0681705195128014
0.06823266219239374
0.06823266219239374
0.06829480487198608
0.06829480487198608
0.06829480487198608
0.0684812329107631
0.0684812329107631
0.0686055182699478
0.06879194630872483
0.06879194630872483
0.06879194630872483
0.06885408898831717
0.06891623166790951
0.06891623166790951
0.06910265970668655
0.0691648023862789
0.06922694506587124
0.06935123042505593
0.06941337310464828
0.06947551578424062
0.06953765846383296
0.06953765846383296
0.0695998011434253
0.06966194382301764
0.06966194382301764
0.06978622918220234
0.06978622918220234
0.06984837186179468
0.06991051454138703
0.07003479990057171
0.0701590852597564
0.07022122793934875
0.07022122793934875
0.07028337061894109
0.07034551329853343
0.07046979865771812
0.07046979865771812
0.07053194133731046
0.07059408401690281
0.07059408401690281
0.0707183693760875
0.07078051205567984
0.07084265473527218
0.07109122545364156
0.07121551081282625
0.07127765349241859
0.07133979617201093
0.07140193885160329
0.07146408153119563
0.07158836689038031
0.07165050956997265
0.07165050956997265
0.07165050956997265
0.071712652249565
0.071712652249565
0.07177479492915735
0.07183693760874969
0.07183693760874969
0.07183693760874969
0.07202336564752672
0.07202336564752672
0.07220979368630376
0.07245836440467313
0.07245836440467313
0.07245836440467313
0.07252050708426547
0.07252050708426547
0.07252050708426547
0.07258264976385782
0.07258264976385782
0.07264479244345017
0.07276907780263485
0.07276907780263485
0.07283122048222719
0.07289336316181953
0.07289336316181953
0.07295550584141189
0.07301764852100423
0.07301764852100423
0.07301764852100423
0.07314193388018891
0.07314193388018891
0.07314193388018891
0.07320407655978126
0.0732662192393736
0.07332836191896594
0.07332836191896594
0.0733905045985583
0.0733905045985583
0.07351478995774298
0.07357693263733532
0.07363907531692766
0.07370121799652
0.07376336067611236
0.0738255033557047
0.0738255033557047
0.0738255033557047
0.0738255033557047
0.07394978871488939
0.07394978871488939
0.07407407407407407
0.07413621675366641
0.07413621675366641
0.07419835943325877
0.07426050211285111
0.0743847874720358
0.07450907283122048
0.07450907283122048
0.07457121551081283
0.07469550086999752
0.0748197862291822
0.0748197862291822
0.0748197862291822
0.0748197862291822
0.07494407158836688
0.07494407158836688
0.07500621426795924
0.07500621426795924
0.07513049962714392
0.07513049962714392
0.07513049962714392
0.07513049962714392
0.07525478498632861
0.07531692766592095
0.0753790703455133
0.07544121302510565
0.07550335570469799
0.07556549838429033
0.07556549838429033
0.07556549838429033
0.07575192642306736
0.07581406910265971
0.07587621178225205
0.07587621178225205
0.0759383544618444
0.07600049714143674
0.07600049714143674
0.07606263982102908
0.07618692518021378
0.07618692518021378
0.07618692518021378
0.07618692518021378
0.07618692518021378
0.07631121053939846
0.07643549589858314
0.07655978125776783
0.07674620929654487
0.07680835197613721
0.07680835197613721
0.07680835197613721
0.07680835197613721
0.07680835197613721
0.07680835197613721
0.07680835197613721
0.07680835197613721
0.07680835197613721
0.07680835197613721
0.07680835197613721
0.07680835197613721
0.07680835197613721
0.07687049465572955
0.07687049465572955
0.07687049465572955
0.0769326373353219
0.07699478001491425
0.07699478001491425
0.07699478001491425
0.07699478001491425
0.07699478001491425
0.07699478001491425
0.07699478001491425
0.07705692269450659
0.07724335073328362
0.07742977877206066
0.07742977877206066
0.077491921451653
0.077491921451653
0.077491921451653
0.07755406413124534
0.07767834949043002
0.07774049217002237
0.07786477752920706
0.07786477752920706
0.07786477752920706
0.07786477752920706
0.07805120556798409
0.07811334824757643
0.07817549092716879
0.07829977628635347
0.07829977628635347
0.07829977628635347
0.07829977628635347
0.07829977628635347
0.07842406164553815
0.07842406164553815
0.07842406164553815
0.07854834700472284
0.0786104896843152
0.07867263236390754
0.07867263236390754
0.07873477504349988
0.07873477504349988
0.0789212030822769
0.0790454884414616
0.0790454884414616
0.07910763112105394
0.07910763112105394
0.07929405915983097
0.07935620183942331
0.07935620183942331
0.07935620183942331
0.07935620183942331
0.07935620183942331
0.07941834451901567
0.07941834451901567
0.07941834451901567
0.07954262987820035
0.07954262987820035
0.07954262987820035
0.07960477255779269
0.07972905791697737
0.07972905791697737
0.07972905791697737
0.07979120059656973
0.07979120059656973
0.07985334327616207
0.07985334327616207
0.07985334327616207
0.07985334327616207
0.07997762863534676
0.08016405667412378
0.08028834203330848
0.08041262739249316
0.08041262739249316
0.08041262739249316
0.08041262739249316
0.08053691275167785
0.08053691275167785
0.08053691275167785
0.08053691275167785
0.0805990554312702
0.08078548347004723
0.08078548347004723
0.08078548347004723
0.08084762614963957
0.08097191150882425
0.08097191150882425
0.08103405418841661
0.08103405418841661
0.08109619686800895
0.08109619686800895
0.0811583395476013
0.08122048222719364
0.08122048222719364
0.08128262490678598
0.08146905294556302
0.08153119562515536
0.08153119562515536
0.08153119562515536
0.08165548098434004
0.08165548098434004
0.08165548098434004
0.08171762366393238
0.08171762366393238
0.08171762366393238
0.08184190902311708
0.08190405170270942
0.08196619438230177
0.08196619438230177
0.08202833706189411
0.08202833706189411
0.08202833706189411
0.08202833706189411
0.08209047974148645
0.08209047974148645
0.08209047974148645
0.08209047974148645
0.08209047974148645
0.08215262242107879
0.08221476510067115
0.08221476510067115
0.08227690778026349
0.08233905045985583
0.08240119313944817
0.08240119313944817
0.08240119313944817
0.08246333581904051
0.08246333581904051
0.08246333581904051
0.08252547849863286
0.08252547849863286
0.0825876211782252
0.0825876211782252
0.0825876211782252
0.08264976385781755
0.08264976385781755
0.0827119065374099
0.08277404921700224
0.08277404921700224
0.08283619189659458
0.08283619189659458
0.08283619189659458
0.08283619189659458
0.08283619189659458
0.08283619189659458
0.08289833457618692
0.08289833457618692
0.08296047725577926
0.08296047725577926
0.08296047725577926
0.08296047725577926
0.08296047725577926
0.08296047725577926
0.08296047725577926
0.08296047725577926
0.08296047725577926
0.08302261993537162
0.08302261993537162
0.0831469052945563
0.0831469052945563
0.0831469052945563
0.08320904797414864
0.08327119065374099
0.08327119065374099
0.08327119065374099
0.08345761869251803
0.08345761869251803
0.08351976137211037
0.08351976137211037
0.08358190405170271
0.08358190405170271
0.08358190405170271
0.08358190405170271
0.08358190405170271
0.08358190405170271
0.08358190405170271
0.08364404673129505
0.0837061894108874
0.0837061894108874
0.08376833209047974
0.08383047477007209
0.08389261744966443
0.08389261744966443
0.08395476012925678
0.08395476012925678
0.08401690280884912
0.08407904548844146
0.08407904548844146
0.0841411881680338
0.08420333084762614
0.0842654735272185
0.0842654735272185
0.08432761620681084
0.08432761620681084
0.08432761620681084
0.08432761620681084
0.08432761620681084
0.08438975888640318
0.08445190156599552
0.08445190156599552
0.08451404424558787
0.08451404424558787
0.08451404424558787
0.08457618692518021
0.08457618692518021
0.08463832960477256
0.08476261496395725
0.08494904300273427
0.08501118568232663
0.08501118568232663
0.08501118568232663
0.08501118568232663
0.08501118568232663
0.08507332836191897
0.08513547104151131
0.085259756400696
0.085259756400696
0.085259756400696
0.08532189908028834
0.08532189908028834
0.08538404175988068
0.08538404175988068
0.08538404175988068
0.08538404175988068
0.08538404175988068
0.08538404175988068
0.08544618443947304
0.08550832711906538
0.08550832711906538
0.08550832711906538
0.08557046979865772
0.08557046979865772
0.08557046979865772
0.08557046979865772
0.08557046979865772
0.08557046979865772
0.08557046979865772
0.08563261247825006
0.08563261247825006
0.08563261247825006
0.08563261247825006
0.08563261247825006
0.08575689783743475
0.0858190405170271
0.08588118319661944
0.08594332587621178
0.08594332587621178
0.08594332587621178
0.08594332587621178
0.08594332587621178
0.08600546855580413
0.08600546855580413
0.08600546855580413
0.08606761123539647
0.08612975391498881
0.08612975391498881
0.08612975391498881
0.08612975391498881
0.08612975391498881
0.08619189659458115
0.08619189659458115
0.08619189659458115
0.08619189659458115
0.08625403927417351
0.08631618195376585
0.08637832463335819
0.08637832463335819
0.08637832463335819
0.08637832463335819
0.08644046731295053
0.08662689535172757
0.08662689535172757
0.08668903803131991
0.08668903803131991
0.0868133233905046
0.0868133233905046
0.0868133233905046
0.08687546607009694
0.08699975142928162
0.08706189410887398
0.08706189410887398
0.08718617946805866
0.08718617946805866
0.087248322147651
0.087248322147651
0.08731046482724335
0.08731046482724335
0.08737260750683569
0.08737260750683569
0.08737260750683569
0.08737260750683569
0.08743475018642805
0.08749689286602039
0.08749689286602039
0.08749689286602039
0.08749689286602039
0.08755903554561273
0.08768332090479741
0.08768332090479741
0.08774546358438975
0.08774546358438975
0.0878076062639821
0.08799403430275914
0.08799403430275914
0.08799403430275914
0.08799403430275914
0.08805617698235148
0.08805617698235148
0.08811831966194382
0.08811831966194382
0.08818046234153616
0.08824260502112852
0.08830474770072086
0.08830474770072086
0.0883668903803132
0.0883668903803132
0.0883668903803132
0.0883668903803132
0.08842903305990554
0.08855331841909023
0.08861546109868257
0.08861546109868257
0.08861546109868257
0.08861546109868257
0.08873974645786727
0.08873974645786727
0.08886403181705195
0.08886403181705195
0.08886403181705195
0.08892617449664429
0.08892617449664429
0.08892617449664429
0.08892617449664429
0.08892617449664429
0.08892617449664429
0.08892617449664429
0.08892617449664429
0.08898831717623663
0.08898831717623663
0.08905045985582899
0.08905045985582899
0.08905045985582899
0.08905045985582899
0.08905045985582899
0.08905045985582899
0.08905045985582899
0.08905045985582899
0.08905045985582899
0.08905045985582899
0.08905045985582899
0.08905045985582899
0.08911260253542133
0.08911260253542133
0.08911260253542133
0.08911260253542133
0.08911260253542133
0.08911260253542133
0.08911260253542133
0.08917474521501367
0.08917474521501367
0.08917474521501367
0.08917474521501367
0.08923688789460602
0.08923688789460602
0.08923688789460602
0.0893611732537907
0.0893611732537907
0.0893611732537907
0.08942331593338304
0.08942331593338304
0.08942331593338304
0.08942331593338304
0.0894854586129754
0.0894854586129754
0.0894854586129754
0.0894854586129754
0.0894854586129754
0.0894854586129754
0.0894854586129754
0.0894854586129754
0.0894854586129754
0.0894854586129754
0.0894854586129754
0.08954760129256774
0.08954760129256774
0.08954760129256774
0.08954760129256774
0.08967188665175242
0.08967188665175242
0.08973402933134476
0.08973402933134476
0.08973402933134476
0.08973402933134476
0.08973402933134476
0.08973402933134476
0.08973402933134476
0.08973402933134476
0.08973402933134476
0.08973402933134476
0.08973402933134476
0.0897961720109371
0.0897961720109371
0.0897961720109371
0.0897961720109371
0.0897961720109371
0.0897961720109371
0.0897961720109371
0.0897961720109371
0.0897961720109371
0.0897961720109371
0.0897961720109371
0.0897961720109371
0.0897961720109371
0.0897961720109371
0.0897961720109371
0.08985831469052946
0.08985831469052946
0.08985831469052946
0.08998260004971415
0.09004474272930649
0.09004474272930649
0.09004474272930649
0.09010688540889883
0.09010688540889883
0.09010688540889883
0.09010688540889883
0.09010688540889883
0.09010688540889883
0.09010688540889883
0.09010688540889883
0.09010688540889883
0.09016902808849117
0.09016902808849117
0.09016902808849117
0.09016902808849117
0.09023117076808351
0.09023117076808351
0.09029331344767587
0.09029331344767587
0.09029331344767587
0.09035545612726821
0.09035545612726821
0.09035545612726821
0.09035545612726821
0.09041759880686055
0.0904797414864529
0.0904797414864529
0.0904797414864529
0.0904797414864529
0.0904797414864529
0.09054188416604524
0.09066616952522993
0.09066616952522993
0.09066616952522993
0.09066616952522993
0.09066616952522993
0.09072831220482228
0.09079045488441462
0.09079045488441462
0.0909147402435993
0.0909147402435993
0.0909147402435993
0.0909147402435993
0.09097688292319164
0.09097688292319164
0.09097688292319164
0.09097688292319164
0.09097688292319164
0.09097688292319164
0.09097688292319164
0.091039025602784
0.091039025602784
0.09110116828237634
0.09110116828237634
0.09110116828237634
0.09110116828237634
0.09110116828237634
0.09110116828237634
0.09110116828237634
0.09110116828237634
0.09110116828237634
0.09110116828237634
0.09110116828237634
0.09110116828237634
0.09110116828237634
0.09110116828237634
0.09110116828237634
0.09110116828237634
0.09110116828237634
0.09110116828237634
0.09110116828237634
0.09110116828237634
0.09110116828237634
0.09110116828237634
0.09110116828237634
0.09110116828237634
0.09110116828237634
0.09116331096196868
0.09116331096196868
0.09116331096196868
0.09116331096196868
0.09116331096196868
0.09116331096196868
0.09122545364156102
0.09128759632115337
0.09128759632115337
0.09128759632115337
0.09128759632115337
0.09128759632115337
0.09128759632115337
0.09128759632115337
0.09128759632115337
0.09134973900074571
0.09134973900074571
0.09134973900074571
0.09134973900074571
0.09134973900074571
0.09134973900074571
0.09134973900074571
0.09134973900074571
0.09134973900074571
0.09134973900074571
0.09134973900074571
0.09134973900074571
0.09134973900074571
0.09134973900074571
0.09134973900074571
0.09134973900074571
0.09134973900074571
0.09134973900074571
0.09134973900074571
0.09134973900074571
0.09134973900074571
0.09134973900074571
0.09134973900074571
0.09134973900074571
0.09134973900074571
0.09134973900074571
0.09134973900074571
0.09134973900074571
0.09134973900074571
0.09141188168033805
0.09141188168033805
0.0914740243599304
0.0914740243599304
0.0914740243599304
0.09153616703952275
0.09153616703952275
0.09153616703952275
0.09153616703952275
0.09159830971911509
0.09159830971911509
0.09159830971911509
0.09159830971911509
0.09159830971911509
0.09159830971911509
0.09159830971911509
0.09159830971911509
0.09159830971911509
0.09159830971911509
0.09159830971911509
0.09159830971911509
0.09159830971911509
0.09159830971911509
0.09159830971911509
0.09159830971911509
0.09166045239870743
0.09166045239870743
0.09166045239870743
0.09166045239870743
0.09166045239870743
0.09166045239870743
0.09166045239870743
