0.015287099179716629
0.025727069351230425
0.032252050708426544
0.035794183445190156
0.039025602783992044
0.04144916728809346
0.04405915983097191
0.0457370121799652
0.04753914988814318
0.04952771563509818
0.05151628138205319
0.0529455630126771
0.05474770072085508
0.05642555306984837
0.05760626398210291
0.05853840417598807
0.059097688292319164
0.06015411384538901
0.06145911011682824
0.06251553566989809
0.06350981854337559
0.06419338801889138
0.06475267213522247
0.06537409893114592
0.06630623912503107
0.06686552324136216
0.06742480735769327
0.06785980611483967
0.0686055182699478
0.06910265970668655
0.06966194382301764
0.07009694258016405
0.07084265473527218
0.07140193885160329
0.07214765100671142
0.07264479244345017
0.0733905045985583
0.07426050211285111
0.07475764354958986
0.07531692766592095
0.07556549838429033
0.07606263982102908
0.07643549589858314
0.07687049465572955
0.07718120805369127
0.077491921451653
0.07767834949043002
0.07823763360676113
0.07867263236390754
0.07885906040268456
0.07923191648023863
0.07948048719860801
0.07985334327616207
0.08035048471290082
0.0804747700720855
0.08078548347004723
0.08103405418841661
0.08134476758637832
0.08184190902311708
0.08227690778026349
0.08252547849863286
0.0831469052945563
0.08320904797414864
0.08358190405170271
0.08376833209047974
0.08389261744966443
0.08432761620681084
0.08488690032314193
0.08513547104151131
0.08538404175988068
0.08544618443947304
0.0856947551578424
0.08600546855580413
0.08625403927417351
0.08644046731295053
0.08668903803131991
0.08693760874968928
0.08718617946805866
0.08749689286602039
0.0878076062639821
0.0879318916231668
0.08824260502112852
0.08867760377827492
0.08886403181705195
0.08911260253542133
0.0893611732537907
0.08998260004971415
0.09004474272930649
0.09060402684563758
0.09085259756400696
0.091039025602784
0.0914740243599304
0.09159830971911509
0.09172259507829977
0.09178473775789212
0.09197116579666915
0.09215759383544618
0.09221973651503852
0.09234402187422322
0.09259259259259259
0.09277902063136963
0.09296544867014665
0.09333830474770072
0.09340044742729306
0.09352473278647776
0.09383544618443947
0.09395973154362416
0.09427044494158589
0.09445687298036291
0.09451901565995526
0.09476758637832464
0.09476758637832464
0.09507829977628636
0.09545115585384041
0.09576186925180213
0.09588615461098683
0.09601043997017152
0.09607258264976386
0.09625901068854088
0.0966940094456873
0.09688043748446433
0.09694258016405667
0.09712900820283371
0.09712900820283371
0.0972532935620184
0.09750186428038778
0.09775043499875714
0.09812329107631121
0.09824757643549589
0.09830971911508825
0.09855828983345762
0.09874471787223466
0.09886900323141934
0.09911757394978872
0.09911757394978872
0.09942828734775043
0.09949043002734279
0.09961471538652747
0.09998757146408153
0.10017399950285856
0.10042257022122794
0.10054685558041263
0.10073328361918966
0.10085756897837435
0.10104399701715137
0.10129256773552076
0.10160328113348248
0.1019139945314442
0.10197613721103654
0.10216256524981357
0.10234899328859061
0.10241113596818295
0.10265970668655232
0.1029082774049217
0.10297042008451404
0.10309470544369873
0.10340541884166045
0.10365398956002983
0.10384041759880686
0.1040268456375839
0.10408898831717624
0.10439970171513796
0.1044618443947303
0.10458612975391499
0.10471041511309968
0.10483470047228437
0.10483470047228437
0.10495898583146905
0.10495898583146905
0.10508327119065373
0.10508327119065373
0.10533184190902312
0.10539398458861546
0.10539398458861546
0.1054561272682078
0.1054561272682078
0.10551826994780016
0.10576684066616952
0.10576684066616952
0.10582898334576187
0.1058911260253542
0.10595326870494656
0.10595326870494656
0.10613969674372359
0.10620183942331593
0.10620183942331593
0.10626398210290827
0.10651255282127765
0.10669898086005468
0.10694755157842406
0.10707183693760874
0.10732040765597813
0.10769326373353219
0.10781754909271687
0.10781754909271687
0.10787969177230922
0.10800397713149391
0.10800397713149391
0.10800397713149391
0.10819040517027094
0.10850111856823266
0.10868754660700969
0.10893611732537907
0.10899826000497141
0.10918468804374845
0.10918468804374845
0.10930897340293314
0.10949540144171016
0.10955754412130252
0.10961968680089486
0.10961968680089486
0.10961968680089486
0.10980611483967188
0.10980611483967188
0.11005468555804127
0.11011682823763361
0.11017897091722595
0.11055182699478001
0.11055182699478001
0.11061396967437236
0.1108003977131494
0.11086254039274174
0.11104896843151876
0.11104896843151876
0.1111111111111111
0.11117325379070346
0.11148396718866517
0.11160825254784987
0.11160825254784987
0.11173253790703455
0.11173253790703455
0.11198110862540393
0.11216753666418096
0.11216753666418096
0.1122296793437733
0.11229182202336564
0.11254039274173502
0.11260253542132737
0.11272682078051205
0.1127889634601044
0.1127889634601044
0.1127889634601044
0.1127889634601044
0.11285110613969675
0.11291324881928909
0.11309967685806611
0.11328610489684315
0.11341039025602784
0.11341039025602784
0.11341039025602784
0.11341039025602784
0.11347253293562018
0.11353467561521252
0.11359681829480488
0.11384538901317424
0.11384538901317424
0.11396967437235894
0.11403181705195128
0.11415610241113597
0.11415610241113597
0.114342530449913
0.11440467312950535
0.11440467312950535
0.11452895848869003
0.11452895848869003
0.11459110116828237
0.11459110116828237
0.11459110116828237
0.11465324384787472
0.11471538652746706
0.11471538652746706
0.11483967188665176
0.1149018145662441
0.1149018145662441
0.1149018145662441
0.1149018145662441
0.11515038528461347
0.11521252796420582
0.11527467064379816
0.11539895600298285
0.11546109868257519
0.11552324136216753
0.11552324136216753
0.11558538404175989
0.11558538404175989
0.11570966940094457
0.11570966940094457
0.11577181208053691
0.1158960974397216
0.1158960974397216
0.1158960974397216
0.1158960974397216
0.11595824011931395
0.1160203827989063
0.11608252547849864
0.11620681083768332
0.11620681083768332
0.11620681083768332
0.11620681083768332
0.11620681083768332
0.11620681083768332
0.11620681083768332
0.11620681083768332
0.11620681083768332
0.11620681083768332
0.11626895351727566
0.116331096196868
0.116331096196868
0.11639323887646036
0.11639323887646036
0.11639323887646036
0.11651752423564504
0.11664180959482973
0.11670395227442207
0.11670395227442207
0.11682823763360677
0.11689038031319911
0.11689038031319911
0.11695252299279145
0.11701466567238379
0.11707680835197613
0.11720109371116083
0.11720109371116083
0.11738752174993786
0.11738752174993786
0.11738752174993786
0.11738752174993786
0.1174496644295302
0.11751180710912254
0.1175739497887149
0.11763609246830724
0.11769823514789958
0.11776037782749192
0.11782252050708426
0.1178846631866766
0.1178846631866766
0.11794680586626895
0.1180089485458613
0.11819537658463833
0.11819537658463833
0.11831966194382301
0.11831966194382301
0.11838180462341537
0.11850608998260005
0.1185682326621924
0.1185682326621924
0.1185682326621924
0.1185682326621924
0.11869251802137708
0.11869251802137708
0.11881680338056178
0.11881680338056178
0.11894108873974646
0.11894108873974646
0.11912751677852348
0.11918965945811584
0.11925180213770818
0.11937608749689287
0.11943823017648521
0.11956251553566989
0.11956251553566989
0.11962465821526225
0.11962465821526225
0.11974894357444693
0.11993537161322396
0.11999751429281631
0.12018394233159334
0.12018394233159334
0.12024608501118568
0.12030822769077802
0.12030822769077802
0.12030822769077802
0.12037037037037036
0.12037037037037036
0.12049465572955506
0.12049465572955506
0.12061894108873975
0.12061894108873975
0.12061894108873975
0.12061894108873975
0.12061894108873975
0.12068108376833209
0.12068108376833209
0.12074322644792443
0.12080536912751678
0.12080536912751678
0.12092965448670147
0.12092965448670147
0.12092965448670147
0.12092965448670147
0.12099179716629381
0.12099179716629381
0.12117822520507084
0.12117822520507084
0.12117822520507084
0.12117822520507084
0.12117822520507084
0.12117822520507084
0.12124036788466319
0.12124036788466319
0.12130251056425553
0.12136465324384788
0.12136465324384788
0.12142679592344022
0.12142679592344022
0.12142679592344022
0.12142679592344022
0.12142679592344022
0.12142679592344022
0.12148893860303256
0.12161322396221726
0.12161322396221726
0.12161322396221726
0.12161322396221726
0.1216753666418096
0.1216753666418096
0.12173750932140194
0.12173750932140194
0.12173750932140194
0.12173750932140194
0.12179965200099428
0.12186179468058662
0.12186179468058662
0.12192393736017897
0.12192393736017897
0.12198608003977132
0.12198608003977132
0.12198608003977132
0.12198608003977132
0.12198608003977132
0.12198608003977132
0.12204822271936366
0.12204822271936366
0.12204822271936366
0.122110365398956
0.122110365398956
0.12217250807854835
0.12229679343773303
0.12229679343773303
0.12229679343773303
0.12235893611732537
0.12235893611732537
0.12235893611732537
0.12254536415610241
0.12254536415610241
0.12260750683569475
0.1226696495152871
0.1227939348744718
0.1227939348744718
0.1227939348744718
0.12285607755406414
0.12285607755406414
0.12291822023365648
0.12291822023365648
0.12291822023365648
0.12304250559284116
0.12304250559284116
0.12304250559284116
0.12316679095202585
0.1232289336316182
0.1232289336316182
0.1232289336316182
0.1232289336316182
0.1232289336316182
0.12329107631121054
0.12329107631121054
0.12335321899080288
0.12335321899080288
0.12341536167039523
0.12341536167039523
0.12341536167039523
0.12347750434998757
0.12353964702957991
0.12353964702957991
0.12353964702957991
0.12353964702957991
0.12366393238876461
0.12366393238876461
0.12366393238876461
0.12366393238876461
0.12366393238876461
0.12372607506835695
0.12372607506835695
0.12372607506835695
0.12385036042754163
0.12391250310713398
0.12391250310713398
0.12397464578672632
0.12397464578672632
0.12397464578672632
0.12397464578672632
0.12397464578672632
0.12409893114591102
0.12409893114591102
0.12409893114591102
0.12409893114591102
0.1242232165050957
0.1242232165050957
0.1242232165050957
0.12434750186428038
0.12440964454387274
0.12453392990305742
0.12459607258264976
0.12459607258264976
0.12459607258264976
0.12459607258264976
0.12459607258264976
0.1246582152622421
0.1246582152622421
0.1246582152622421
0.12472035794183445
0.12472035794183445
0.12478250062142679
0.12478250062142679
0.12478250062142679
0.12478250062142679
0.12484464330101915
0.12484464330101915
0.12484464330101915
0.12490678598061149
0.12496892866020383
0.12496892866020383
0.12496892866020383
0.12496892866020383
0.12496892866020383
0.12496892866020383
0.12496892866020383
0.12496892866020383
0.12496892866020383
0.12503107133979618
0.12503107133979618
0.12509321401938853
0.12509321401938853
0.12509321401938853
0.12509321401938853
0.12509321401938853
0.12515535669898087
0.12515535669898087
0.12527964205816555
0.12527964205816555
0.12527964205816555
0.12527964205816555
0.1253417847377579
0.1253417847377579
0.1253417847377579
0.12540392741735024
0.12540392741735024
0.12546607009694258
0.12552821277653492
0.12552821277653492
0.12552821277653492
0.12552821277653492
0.12552821277653492
0.12552821277653492
0.1256524981357196
0.12571464081531195
0.1257767834949043
0.1257767834949043
0.12583892617449666
0.12583892617449666
0.12583892617449666
0.12583892617449666
0.12583892617449666
0.12583892617449666
0.12583892617449666
0.12583892617449666
0.125901068854089
0.125901068854089
0.125901068854089
0.125901068854089
0.12596321153368134
0.12596321153368134
0.12596321153368134
0.12596321153368134
0.12596321153368134
0.12596321153368134
0.12596321153368134
0.12596321153368134
0.12602535421327368
0.12608749689286602
0.12608749689286602
0.12614963957245837
0.1262117822520507
0.1262117822520507
0.1262117822520507
0.1262117822520507
0.1262117822520507
0.1262117822520507
0.1262117822520507
0.1262117822520507
0.1262117822520507
0.1262117822520507
0.12627392493164305
0.12627392493164305
0.12627392493164305
0.1263360676112354
0.1263360676112354
0.12639821029082773
0.12639821029082773
0.12639821029082773
0.12652249565001242
0.12652249565001242
0.12652249565001242
0.12658463832960476
0.12658463832960476
0.12664678100919713
0.12664678100919713
0.12664678100919713
0.12664678100919713
0.12670892368878947
0.1267710663683818
0.1267710663683818
0.1267710663683818
0.1267710663683818
0.12683320904797415
0.12683320904797415
0.12683320904797415
0.1268953517275665
0.1268953517275665
0.12695749440715884
0.12695749440715884
0.12695749440715884
0.12695749440715884
0.12695749440715884
0.12701963708675118
0.12701963708675118
0.12701963708675118
0.12701963708675118
0.12708177976634352
0.12714392244593586
0.12714392244593586
0.12714392244593586
0.12714392244593586
0.12714392244593586
0.12714392244593586
0.12714392244593586
0.12714392244593586
0.1272060651255282
0.1272060651255282
0.1272060651255282
0.12726820780512055
0.1273303504847129
0.1273303504847129
0.12751677852348994
0.12757892120308229
0.12770320656226697
0.12770320656226697
0.12770320656226697
0.12770320656226697
0.1277653492418593
0.1277653492418593
0.12782749192145165
0.12782749192145165
0.12782749192145165
0.12782749192145165
0.12782749192145165
0.12782749192145165
0.127889634601044
0.127889634601044
0.127889634601044
0.127889634601044
0.127889634601044
0.127889634601044
0.127889634601044
0.12795177728063634
0.12795177728063634
0.12795177728063634
0.12795177728063634
0.12801391996022868
0.12801391996022868
0.12801391996022868
0.12801391996022868
0.12801391996022868
0.12801391996022868
0.12801391996022868
0.12813820531941336
0.12813820531941336
0.12813820531941336
0.1282003479990057
0.1282003479990057
0.1282003479990057
0.1282003479990057
0.1282003479990057
0.1282003479990057
0.1282003479990057
0.1282003479990057
0.12826249067859807
0.12832463335819042
0.12832463335819042
0.1284489187173751
0.1284489187173751
0.1284489187173751
0.1284489187173751
0.1284489187173751
0.1284489187173751
0.1284489187173751
0.1284489187173751
0.1284489187173751
0.1284489187173751
0.1284489187173751
0.1284489187173751
0.1284489187173751
0.12851106139696744
0.12857320407655978
0.12869748943574447
0.12869748943574447
0.12869748943574447
0.12869748943574447
0.12869748943574447
0.12869748943574447
0.12869748943574447
0.12869748943574447
0.1287596321153368
0.1287596321153368
0.1287596321153368
0.1287596321153368
0.1287596321153368
0.1287596321153368
0.1287596321153368
0.1287596321153368
0.12882177479492915
0.12882177479492915
0.1288839174745215
0.12894606015411383
0.12894606015411383
0.12894606015411383
0.12894606015411383
0.12900820283370618
0.12900820283370618
0.12900820283370618
0.12907034551329855
0.12907034551329855
0.12907034551329855
0.12907034551329855
0.12907034551329855
0.12907034551329855
0.12907034551329855
0.1291324881928909
0.1293189162316679
0.12950534427044494
0.12950534427044494
0.12956748695003728
0.12956748695003728
0.12969177230922196
0.12969177230922196
0.12969177230922196
0.12969177230922196
0.12969177230922196
0.12969177230922196
0.12969177230922196
0.12981605766840665
0.12981605766840665
0.12981605766840665
0.12981605766840665
0.12981605766840665
0.12981605766840665
0.12981605766840665
0.12987820034799902
0.12994034302759136
0.12994034302759136
0.1300024857071837
0.1300024857071837
0.13012677106636839
0.13012677106636839
0.13012677106636839
0.13018891374596073
0.13018891374596073
0.13018891374596073
0.13018891374596073
0.13018891374596073
0.13018891374596073
0.13018891374596073
0.13018891374596073
0.13018891374596073
0.13025105642555307
0.1303131991051454
0.1303131991051454
0.1303131991051454
0.1303131991051454
0.13037534178473775
0.13037534178473775
0.1304374844643301
0.13049962714392244
0.13049962714392244
0.13056176982351478
0.13056176982351478
0.13056176982351478
0.13056176982351478
0.13056176982351478
0.13056176982351478
0.13062391250310712
0.13062391250310712
0.13062391250310712
0.13062391250310712
0.13062391250310712
0.13062391250310712
0.13062391250310712
0.13062391250310712
0.1306860551826995
0.1306860551826995
0.1306860551826995
0.1306860551826995
0.1306860551826995
0.1306860551826995
0.1306860551826995
0.1306860551826995
0.1306860551826995
0.1306860551826995
0.1306860551826995
0.1306860551826995
0.13074819786229183
0.13074819786229183
0.13074819786229183
0.13074819786229183
0.13074819786229183
0.13074819786229183
0.13074819786229183
0.13074819786229183
0.13074819786229183
0.13074819786229183
0.13074819786229183
0.13081034054188417
0.13081034054188417
0.13087248322147652
0.13087248322147652
0.13087248322147652
0.13087248322147652
0.13087248322147652
0.13087248322147652
0.13087248322147652
0.13087248322147652
0.13093462590106886
0.13093462590106886
0.13093462590106886
0.13093462590106886
0.13093462590106886
0.13093462590106886
0.13093462590106886
0.13093462590106886
0.13093462590106886
0.13093462590106886
0.1309967685806612
0.13105891126025354
0.13105891126025354
0.13105891126025354
0.13105891126025354
0.13105891126025354
0.13105891126025354
0.13105891126025354
0.13105891126025354
0.13105891126025354
0.13118319661943822
0.13124533929903057
0.1313074819786229
0.1313074819786229
0.1313074819786229
0.13136962465821525
0.13136962465821525
0.13149391001739996
0.13149391001739996
0.13149391001739996
0.13149391001739996
0.13149391001739996
0.13149391001739996
0.1315560526969923
0.1315560526969923
0.131680338056177
0.131680338056177
0.131680338056177
0.13174248073576933
0.13174248073576933
0.13174248073576933
0.13174248073576933
0.13174248073576933
0.13174248073576933
0.13180462341536167
0.13180462341536167
0.13180462341536167
0.13192890877454636
0.13192890877454636
0.13192890877454636
0.13192890877454636
0.13192890877454636
0.13192890877454636
0.13192890877454636
0.13192890877454636
0.13192890877454636
0.13192890877454636
0.13192890877454636
0.13192890877454636
0.1319910514541387
0.1319910514541387
0.1319910514541387
0.13205319413373104
0.13205319413373104
0.13205319413373104
0.13205319413373104
0.13205319413373104
0.13211533681332338
0.13211533681332338
0.13211533681332338
0.1322396221725081
0.1322396221725081
0.1322396221725081
0.1322396221725081
0.1322396221725081
0.13230176485210043
0.13230176485210043
0.13230176485210043
0.13236390753169278
0.13236390753169278
0.13236390753169278
0.13236390753169278
0.13236390753169278
0.13242605021128512
0.13242605021128512
0.13242605021128512
0.13248819289087746
0.13248819289087746
0.1325503355704698
0.1325503355704698
0.1325503355704698
0.1325503355704698
0.1325503355704698
0.1325503355704698
0.1325503355704698
0.1325503355704698
0.1325503355704698
0.1325503355704698
0.1325503355704698
0.1325503355704698
0.1325503355704698
0.1325503355704698
0.13261247825006214
0.13267462092965449
0.13267462092965449
0.13267462092965449
0.13267462092965449
0.13267462092965449
0.13267462092965449
0.13267462092965449
0.13267462092965449
0.13267462092965449
0.13267462092965449
0.13267462092965449
0.13267462092965449
0.13267462092965449
0.13267462092965449
0.13267462092965449
0.13267462092965449
0.13267462092965449
0.13267462092965449
0.13267462092965449
0.13267462092965449
0.13267462092965449
0.13267462092965449
0.13267462092965449
0.13267462092965449
0.13267462092965449
0.13267462092965449
0.13273676360924683
0.13273676360924683
0.13273676360924683
0.13273676360924683
0.13273676360924683
0.13279890628883917
0.1328610489684315
0.1328610489684315
0.1328610489684315
0.1328610489684315
0.1328610489684315
0.1328610489684315
0.1328610489684315
0.1328610489684315
0.1328610489684315
0.1328610489684315
0.1328610489684315
0.1328610489684315
0.1328610489684315
0.13292319164802385
0.1329853343276162
0.1329853343276162
0.1329853343276162
0.13304747700720856
0.13304747700720856
0.1331096196868009
0.13317176236639325
0.13317176236639325
0.1332339050459856
0.1332339050459856
0.13329604772557793
0.13329604772557793
0.13329604772557793
0.13329604772557793
0.13335819040517027
0.13335819040517027
0.13335819040517027
0.13335819040517027
0.13335819040517027
0.13335819040517027
0.13335819040517027
