0.005219985085756898
0.009072831220482228
0.01081282624906786
0.012490678598061149
0.017648521004225703
0.02467064379816058
0.02815063385533184
0.029579915485955753
0.030947054436987323
0.033122048222719365
0.033743475018642805
0.034427044494158586
0.03492418593089734
0.036477752920705944
0.03821774794929157
0.04014417101665424
0.041697738006462835
0.042443450161570966
0.043064876957494405
0.04343773303504847
0.04387273179219488
0.044307730549341284
0.04461844394730301
0.04523987074322645
0.04542629878200348
0.0457370121799652
0.045923440218742236
0.04660700969425802
0.04679343773303505
0.047104151130996766
0.0472905791697738
0.04760129256773552
0.04822271936365896
0.04865771812080537
0.04903057419835943
0.049217002237136466
0.04958985831469053
0.04990057171265225
0.050459855828983345
0.05126771066368382
0.05164056674123788
0.05226199353716132
0.05282127765349242
0.05338056176982352
0.053691275167785234
0.05431270196370867
0.05468555804126274
0.05493412875963211
0.055182699478001494
0.055804126273924934
0.05611483967188665
0.05692269450658712
0.05760626398210291
0.05804126273924932
0.058351976137211034
0.05866268953517276
0.059097688292319164
0.05934625901068854
0.059719115088242604
0.06002982848620433
0.06021625652498136
0.06040268456375839
0.06071339796172011
0.06102411135968183
0.06133482475764355
0.06158339547601292
0.06208053691275168
0.06251553566989809
0.06270196370867512
0.06270196370867512
0.0629505344270445
0.06307481978622918
0.06332339050459856
0.06344767586378325
0.06369624658215262
0.06419338801889138
0.06481481481481481
0.06512552821277653
0.06543624161073826
0.06580909768829232
0.06599552572706935
0.06630623912503107
0.06674123788217748
0.06680338056176982
0.06698980860054686
0.06730052199850857
0.06761123539647029
0.06792194879443202
0.06841909023117076
0.0684812329107631
0.06872980362913249
0.06885408898831717
0.06904051702709421
0.06935123042505593
0.06941337310464828
0.06966194382301764
0.06984837186179468
0.07009694258016405
0.07034551329853343
0.07040765597812577
0.07059408401690281
0.0707183693760875
0.07102908277404922
0.07127765349241859
0.07133979617201093
0.07146408153119563
0.07165050956997265
0.071712652249565
0.07177479492915735
0.07189908028834203
0.07208550832711906
0.0722719363658961
0.0722719363658961
0.07245836440467313
0.07276907780263485
0.07276907780263485
0.07283122048222719
0.07289336316181953
0.07314193388018891
0.0732662192393736
0.07345264727815064
0.07370121799652
0.07388764603529704
0.07407407407407407
0.07432264479244345
0.0743847874720358
0.07450907283122048
0.07457121551081283
0.07463335819040517
0.07469550086999752
0.07475764354958986
0.07475764354958986
0.0748197862291822
0.07488192890877454
0.07494407158836688
0.07500621426795924
0.07500621426795924
0.07506835694755158
0.07513049962714392
0.07519264230673627
0.07531692766592095
0.07531692766592095
0.07556549838429033
0.07575192642306736
0.07587621178225205
0.0759383544618444
0.07612478250062142
0.07618692518021378
0.07618692518021378
0.0763733532189908
0.0763733532189908
0.0763733532189908
0.07649763857817549
0.07649763857817549
0.07655978125776783
0.07655978125776783
0.07662192393736018
0.07662192393736018
0.07668406661695253
0.07668406661695253
0.07674620929654487
0.07674620929654487
0.0769326373353219
0.0769326373353219
0.07699478001491425
0.07705692269450659
0.07711906537409893
0.07711906537409893
0.07724335073328362
0.0773676360924683
0.07742977877206066
0.07742977877206066
0.07742977877206066
0.07755406413124534
0.07767834949043002
0.07774049217002237
0.07774049217002237
0.07774049217002237
0.07774049217002237
0.07786477752920706
0.0779269202087994
0.0779269202087994
0.07805120556798409
0.07836191896594581
0.07842406164553815
0.0786104896843152
0.07879691772309222
0.07916977380064628
0.07929405915983097
0.07929405915983097
0.07929405915983097
0.07941834451901567
0.07941834451901567
0.07948048719860801
0.07948048719860801
0.07948048719860801
0.07960477255779269
0.07960477255779269
0.07966691523738503
0.07972905791697737
0.07979120059656973
0.07979120059656973
0.07979120059656973
0.07991548595575441
0.07991548595575441
0.07991548595575441
0.07991548595575441
0.07997762863534676
0.07997762863534676
0.07997762863534676
0.0800397713149391
0.08010191399453144
0.08016405667412378
0.08016405667412378
0.08016405667412378
0.08022619935371614
0.08022619935371614
0.08022619935371614
0.08022619935371614
0.08022619935371614
0.08022619935371614
0.08022619935371614
0.08022619935371614
0.08022619935371614
0.08028834203330848
0.08035048471290082
0.08035048471290082
0.08035048471290082
0.08041262739249316
0.08041262739249316
0.0804747700720855
0.0804747700720855
0.0804747700720855
0.08053691275167785
0.08053691275167785
0.08066119811086254
0.08066119811086254
0.08072334079045489
0.08072334079045489
0.08072334079045489
0.08078548347004723
0.08078548347004723
0.08084762614963957
0.08084762614963957
0.08090976882923191
0.08090976882923191
0.08090976882923191
0.08090976882923191
0.08090976882923191
0.08097191150882425
0.08097191150882425
0.0811583395476013
0.08122048222719364
0.08128262490678598
0.08128262490678598
0.08128262490678598
0.08128262490678598
0.08128262490678598
0.08134476758637832
0.08140691026597068
0.08140691026597068
0.08140691026597068
0.08140691026597068
0.08140691026597068
0.08171762366393238
0.08171762366393238
0.08171762366393238
0.08177976634352473
0.08177976634352473
0.08184190902311708
0.08184190902311708
0.08196619438230177
0.08196619438230177
0.08196619438230177
0.08209047974148645
0.08215262242107879
0.08227690778026349
0.08227690778026349
0.08233905045985583
0.08233905045985583
0.08233905045985583
0.08233905045985583
0.08233905045985583
0.08233905045985583
0.08240119313944817
0.08240119313944817
0.08240119313944817
0.08246333581904051
0.08246333581904051
0.08252547849863286
0.0825876211782252
0.08264976385781755
0.08289833457618692
0.08308476261496396
0.0831469052945563
0.0831469052945563
0.0831469052945563
0.08333333333333333
0.08333333333333333
0.08339547601292567
0.08351976137211037
0.08376833209047974
0.08383047477007209
0.08383047477007209
0.08389261744966443
0.08389261744966443
0.08401690280884912
0.08401690280884912
0.08401690280884912
0.08401690280884912
0.08401690280884912
0.0841411881680338
0.0841411881680338
0.08445190156599552
0.08445190156599552
0.08445190156599552
0.08457618692518021
0.0847004722843649
0.08482475764354959
0.08482475764354959
0.08494904300273427
0.08501118568232663
0.08507332836191897
0.085259756400696
0.08538404175988068
0.08538404175988068
0.08550832711906538
0.08557046979865772
0.08557046979865772
0.08557046979865772
0.08557046979865772
0.08557046979865772
0.08557046979865772
0.08557046979865772
0.0856947551578424
0.0856947551578424
0.0856947551578424
0.08594332587621178
0.08606761123539647
0.08619189659458115
0.08625403927417351
0.08637832463335819
0.08637832463335819
0.08637832463335819
0.08656475267213522
0.08662689535172757
0.08668903803131991
0.0868133233905046
0.0868133233905046
0.08699975142928162
0.08699975142928162
0.08699975142928162
0.08699975142928162
0.08699975142928162
0.08699975142928162
0.08699975142928162
0.08706189410887398
0.08706189410887398
0.08712403678846632
0.08712403678846632
0.08712403678846632
0.08718617946805866
0.08718617946805866
0.087248322147651
0.087248322147651
0.087248322147651
0.087248322147651
0.087248322147651
0.08731046482724335
0.08731046482724335
0.08743475018642805
0.08749689286602039
0.08749689286602039
0.08755903554561273
0.08762117822520507
0.08762117822520507
0.08762117822520507
0.08762117822520507
0.08768332090479741
0.08768332090479741
0.08774546358438975
0.08774546358438975
0.0878076062639821
0.0878076062639821
0.0878076062639821
0.0879318916231668
0.08805617698235148
0.08818046234153616
0.08824260502112852
0.08824260502112852
0.08824260502112852
0.08824260502112852
0.08824260502112852
0.08824260502112852
0.08842903305990554
0.08842903305990554
0.08842903305990554
0.08861546109868257
0.08861546109868257
0.08861546109868257
0.08861546109868257
0.08861546109868257
0.08861546109868257
0.08867760377827492
0.08873974645786727
0.08880188913745961
0.08880188913745961
0.08880188913745961
0.08886403181705195
0.08886403181705195
0.08886403181705195
0.08892617449664429
0.08892617449664429
0.08898831717623663
0.08905045985582899
0.08905045985582899
0.08905045985582899
0.08917474521501367
0.08917474521501367
0.08923688789460602
0.08923688789460602
0.08929903057419836
0.08929903057419836
0.08929903057419836
0.08929903057419836
0.0893611732537907
0.0894854586129754
0.0894854586129754
0.0894854586129754
0.0894854586129754
0.0894854586129754
0.0894854586129754
0.0894854586129754
0.0894854586129754
0.08954760129256774
0.08954760129256774
0.08954760129256774
0.08954760129256774
0.08954760129256774
0.08960974397216008
0.08960974397216008
0.08967188665175242
0.08967188665175242
0.08973402933134476
0.0897961720109371
0.0897961720109371
0.0897961720109371
0.08985831469052946
0.0899204573701218
0.0899204573701218
0.0899204573701218
0.0899204573701218
0.0899204573701218
0.0899204573701218
0.0899204573701218
0.08998260004971415
0.08998260004971415
0.08998260004971415
0.08998260004971415
0.08998260004971415
0.08998260004971415
0.08998260004971415
0.09004474272930649
0.09004474272930649
0.09010688540889883
0.09016902808849117
0.09016902808849117
0.09035545612726821
0.09035545612726821
0.09035545612726821
0.09041759880686055
0.09054188416604524
0.09054188416604524
0.09060402684563758
0.09060402684563758
0.09072831220482228
0.09072831220482228
0.09072831220482228
0.09072831220482228
0.09072831220482228
0.09079045488441462
0.0909147402435993
0.0909147402435993
0.09097688292319164
0.091039025602784
0.09110116828237634
0.09110116828237634
0.09116331096196868
0.09116331096196868
0.09116331096196868
0.09122545364156102
0.09128759632115337
0.09128759632115337
0.09128759632115337
0.09128759632115337
0.09128759632115337
0.09134973900074571
0.09141188168033805
0.09141188168033805
0.09141188168033805
0.0914740243599304
0.09159830971911509
0.09159830971911509
0.09159830971911509
0.09159830971911509
0.09166045239870743
0.09166045239870743
0.09166045239870743
0.09172259507829977
0.09190902311707681
0.09190902311707681
0.09209545115585384
0.09209545115585384
0.09215759383544618
0.09221973651503852
0.09221973651503852
0.09240616455381556
0.0924683072334079
0.0924683072334079
0.09265473527218494
0.09265473527218494
0.09271687795177729
0.09271687795177729
0.09271687795177729
0.09271687795177729
0.09277902063136963
0.09277902063136963
0.09277902063136963
0.09284116331096197
0.09284116331096197
0.09290330599055431
0.09308973402933135
0.09315187670892369
0.09315187670892369
0.09321401938851603
0.09327616206810838
0.09333830474770072
0.09340044742729306
0.09352473278647776
0.09352473278647776
0.09352473278647776
0.0935868754660701
0.09364901814566244
0.09371116082525478
0.09377330350484712
0.09377330350484712
0.09377330350484712
0.09383544618443947
0.0940218742232165
0.0940218742232165
0.09408401690280885
0.09414615958240119
0.09414615958240119
0.09420830226199353
0.09427044494158589
0.09433258762117823
0.09451901565995526
0.09451901565995526
0.0945811583395476
0.09464330101913994
0.09464330101913994
0.09464330101913994
0.0947054436987323
0.0947054436987323
0.09476758637832464
0.09476758637832464
0.09476758637832464
0.09489187173750932
0.095016157096694
0.095016157096694
0.09507829977628636
0.09507829977628636
0.09507829977628636
0.09507829977628636
0.09507829977628636
0.09507829977628636
0.09520258513547104
0.09520258513547104
0.09520258513547104
0.09520258513547104
0.09520258513547104
0.09520258513547104
0.09520258513547104
0.09520258513547104
0.09526472781506339
0.09526472781506339
0.09526472781506339
0.09538901317424807
0.09538901317424807
0.09538901317424807
0.09538901317424807
0.09538901317424807
0.09538901317424807
0.09538901317424807
0.09545115585384041
0.09545115585384041
0.09545115585384041
0.09545115585384041
0.09545115585384041
0.09545115585384041
0.09551329853343277
0.09551329853343277
0.09551329853343277
0.09551329853343277
0.09557544121302511
0.09557544121302511
0.09557544121302511
0.09563758389261745
0.09569972657220979
0.09569972657220979
0.09569972657220979
0.09569972657220979
0.09576186925180213
0.09582401193139448
0.09582401193139448
0.09582401193139448
0.09582401193139448
0.09594829729057917
0.09594829729057917
0.09594829729057917
0.09594829729057917
0.09594829729057917
0.09594829729057917
0.09594829729057917
0.09594829729057917
0.09594829729057917
0.09594829729057917
0.09594829729057917
0.09594829729057917
0.09601043997017152
0.09601043997017152
0.09601043997017152
0.09601043997017152
0.09601043997017152
0.09607258264976386
0.09607258264976386
0.09607258264976386
0.09607258264976386
0.09607258264976386
0.09607258264976386
0.09607258264976386
0.09607258264976386
0.0961347253293562
0.09619686800894854
0.09619686800894854
0.09619686800894854
0.09625901068854088
0.09625901068854088
0.09632115336813324
0.09638329604772558
0.09638329604772558
0.09638329604772558
0.09644543872731792
0.09644543872731792
0.09644543872731792
0.09644543872731792
0.09644543872731792
0.09644543872731792
0.09650758140691026
0.09650758140691026
0.09650758140691026
0.09650758140691026
0.09650758140691026
0.09650758140691026
0.0965697240865026
0.09663186676609495
0.09663186676609495
0.09663186676609495
0.0966940094456873
0.0966940094456873
0.0966940094456873
0.0966940094456873
0.0966940094456873
0.0966940094456873
0.0966940094456873
0.0966940094456873
0.0966940094456873
0.09681829480487199
0.09681829480487199
0.09681829480487199
0.09681829480487199
0.09688043748446433
0.09688043748446433
0.09694258016405667
0.09706686552324137
0.09706686552324137
0.09712900820283371
0.09712900820283371
0.09712900820283371
0.09719115088242605
0.09719115088242605
0.09719115088242605
0.09719115088242605
0.0972532935620184
0.0972532935620184
0.09731543624161074
0.09731543624161074
0.09737757892120308
0.09737757892120308
0.09737757892120308
0.09737757892120308
0.09743972160079542
0.09743972160079542
0.09743972160079542
0.09743972160079542
0.09743972160079542
0.09743972160079542
0.09743972160079542
0.09743972160079542
0.09743972160079542
0.09750186428038778
0.09756400695998012
0.09756400695998012
0.09756400695998012
0.09756400695998012
0.09756400695998012
0.09756400695998012
0.09762614963957246
0.09762614963957246
0.09762614963957246
0.09762614963957246
0.09762614963957246
0.09762614963957246
0.09762614963957246
0.09762614963957246
0.09762614963957246
0.09762614963957246
0.09762614963957246
0.09762614963957246
0.09762614963957246
0.09762614963957246
0.09762614963957246
0.0976882923191648
0.0976882923191648
0.09775043499875714
0.09775043499875714
0.09775043499875714
0.09781257767834949
0.09793686303753418
0.09793686303753418
0.09793686303753418
0.09806114839671887
0.09806114839671887
0.09806114839671887
0.09806114839671887
0.09806114839671887
0.09806114839671887
0.09812329107631121
0.09812329107631121
0.09812329107631121
0.09812329107631121
0.09812329107631121
0.09812329107631121
0.09812329107631121
0.09812329107631121
0.09812329107631121
0.09812329107631121
0.09812329107631121
0.09812329107631121
0.09812329107631121
0.09812329107631121
0.09812329107631121
0.09812329107631121
0.09812329107631121
0.09812329107631121
0.09812329107631121
0.09812329107631121
0.09812329107631121
0.09812329107631121
0.09812329107631121
0.09812329107631121
0.09812329107631121
0.09812329107631121
0.09812329107631121
0.09812329107631121
0.09812329107631121
0.09812329107631121
0.09812329107631121
0.09812329107631121
0.09812329107631121
0.09812329107631121
0.09812329107631121
0.09812329107631121
0.09812329107631121
0.09812329107631121
0.09812329107631121
0.09812329107631121
0.09812329107631121
0.09812329107631121
0.09812329107631121
0.09812329107631121
0.09812329107631121
0.09812329107631121
0.09812329107631121
0.09812329107631121
0.09812329107631121
0.09818543375590355
0.09818543375590355
0.09818543375590355
0.09818543375590355
0.09818543375590355
0.09818543375590355
0.09824757643549589
0.09824757643549589
0.09824757643549589
0.09830971911508825
0.09837186179468059
0.09837186179468059
0.09837186179468059
0.09849614715386527
0.09855828983345762
0.09862043251304996
0.09862043251304996
0.09862043251304996
0.09862043251304996
0.09862043251304996
0.09862043251304996
0.09862043251304996
0.09862043251304996
0.09868257519264231
0.09868257519264231
0.09868257519264231
0.09868257519264231
0.09868257519264231
0.09868257519264231
0.09868257519264231
0.09868257519264231
0.09874471787223466
0.09874471787223466
0.09874471787223466
0.09874471787223466
0.09886900323141934
0.09886900323141934
0.09886900323141934
0.09886900323141934
0.09886900323141934
0.09886900323141934
0.09886900323141934
0.09886900323141934
0.09886900323141934
0.09886900323141934
0.09886900323141934
0.09886900323141934
0.09886900323141934
0.09886900323141934
0.09886900323141934
0.09886900323141934
0.09886900323141934
0.09886900323141934
0.09893114591101168
0.09893114591101168
0.09899328859060402
0.09899328859060402
0.09899328859060402
0.09899328859060402
0.09899328859060402
0.09899328859060402
0.09899328859060402
0.09899328859060402
0.09905543127019636
0.09911757394978872
0.09911757394978872
0.09911757394978872
0.09911757394978872
0.09911757394978872
0.09911757394978872
0.09911757394978872
0.09911757394978872
0.09917971662938106
0.0992418593089734
0.0992418593089734
0.09930400198856575
0.09930400198856575
0.09930400198856575
0.09936614466815809
0.09942828734775043
0.09942828734775043
0.09942828734775043
0.09949043002734279
0.09949043002734279
0.09949043002734279
0.09949043002734279
0.09949043002734279
0.09955257270693513
0.09961471538652747
0.09961471538652747
0.09961471538652747
0.09961471538652747
0.09961471538652747
0.09967685806611981
0.09973900074571215
0.09973900074571215
0.09973900074571215
0.09973900074571215
0.09973900074571215
0.09973900074571215
0.09973900074571215
0.09973900074571215
0.09973900074571215
0.09973900074571215
0.09973900074571215
0.09973900074571215
0.09973900074571215
0.09973900074571215
0.09973900074571215
0.09973900074571215
0.0998011434253045
0.0998011434253045
0.0998011434253045
0.0998011434253045
0.0998011434253045
0.0998011434253045
0.09986328610489684
0.09986328610489684
0.09986328610489684
0.09986328610489684
0.09992542878448919
0.09992542878448919
0.09992542878448919
0.09992542878448919
0.09992542878448919
0.09992542878448919
0.09992542878448919
0.09992542878448919
0.09992542878448919
0.10004971414367388
0.10011185682326622
0.10017399950285856
0.10017399950285856
0.10017399950285856
0.10017399950285856
0.10017399950285856
0.10017399950285856
0.10017399950285856
0.10017399950285856
0.1002361421824509
0.1002361421824509
0.1002361421824509
0.10029828486204326
0.10029828486204326
0.10029828486204326
0.10029828486204326
0.10029828486204326
0.10029828486204326
0.10029828486204326
0.10029828486204326
0.10029828486204326
0.1003604275416356
0.1003604275416356
0.1003604275416356
0.1003604275416356
0.1003604275416356
0.1003604275416356
0.10042257022122794
0.10048471290082028
0.10048471290082028
0.10048471290082028
0.10048471290082028
0.10054685558041263
0.10054685558041263
0.10054685558041263
0.10054685558041263
0.10060899826000497
0.10085756897837435
0.10085756897837435
0.10091971165796669
0.10091971165796669
0.10091971165796669
0.10091971165796669
0.10091971165796669
0.10091971165796669
0.10091971165796669
0.10091971165796669
0.10091971165796669
0.10091971165796669
0.10091971165796669
0.10091971165796669
0.10091971165796669
0.10091971165796669
0.10091971165796669
0.10091971165796669
0.10091971165796669
0.10091971165796669
0.10091971165796669
0.10091971165796669
0.10091971165796669
0.10091971165796669
0.10091971165796669
0.10091971165796669
0.10091971165796669
0.10091971165796669
0.10091971165796669
0.10098185433755903
0.10104399701715137
0.10104399701715137
0.10104399701715137
0.10104399701715137
0.10104399701715137
0.10104399701715137
0.10104399701715137
