0.0
0.0
0.0
0.0
0.0
0.0
0.0
0.0
0.0
0.0014292816306239126
0.0014292816306239126
0.0014292816306239126
0.0014292816306239126
0.0014292816306239126
0.0014292816306239126
0.0014292816306239126
0.0014292816306239126
0.0014292816306239126
0.0014292816306239126
0.0014292816306239126
0.0014292816306239126
0.0014292816306239126
0.0014292816306239126
0.0014292816306239126
0.0014292816306239126
0.0014292816306239126
0.0014292816306239126
0.0014292816306239126
0.0014292816306239126
0.0014292816306239126
0.002423564504101417
0.002423564504101417
0.002423564504101417
0.002423564504101417
0.002423564504101417
0.002423564504101417
0.002423564504101417
0.002423564504101417
0.002423564504101417
0.002423564504101417
0.002423564504101417
0.003107133979617201
0.003107133979617201
0.003107133979617201
0.003107133979617201
0.003107133979617201
0.003107133979617201
0.003107133979617201
0.0035421327367636092
0.0035421327367636092
0.0035421327367636092
0.0035421327367636092
0.0035421327367636092
0.0035421327367636092
0.0035421327367636092
0.0035421327367636092
0.0035421327367636092
0.0035421327367636092
0.0035421327367636092
0.0035421327367636092
0.0035421327367636092
0.0035421327367636092
0.0035421327367636092
0.0035421327367636092
0.0035421327367636092
0.0035421327367636092
0.0035421327367636092
0.0035421327367636092
0.0035421327367636092
0.0035421327367636092
0.0035421327367636092
0.0035421327367636092
0.0035421327367636092
0.0035421327367636092
0.0035421327367636092
0.0035421327367636092
0.0035421327367636092
0.0036664180959482973
0.0036664180959482973
0.0036664180959482973
0.0036664180959482973
0.0036664180959482973
0.0036664180959482973
0.0036664180959482973
0.0036664180959482973
0.0036664180959482973
0.0036664180959482973
0.0036664180959482973
0.0036664180959482973
0.0036664180959482973
0.0036664180959482973
0.0036664180959482973
0.0036664180959482973
0.0036664180959482973
0.0036664180959482973
0.0036664180959482973
0.0038528461347253295
0.0038528461347253295
0.0038528461347253295
0.0038528461347253295
0.0038528461347253295
0.0038528461347253295
0.0038528461347253295
0.0038528461347253295
0.0038528461347253295
0.0038528461347253295
0.0038528461347253295
0.0038528461347253295
0.0038528461347253295
0.0038528461347253295
0.0038528461347253295
0.0038528461347253295
0.0038528461347253295
0.0038528461347253295
0.0038528461347253295
0.0038528461347253295
0.0038528461347253295
0.0038528461347253295
0.0038528461347253295
0.0038528461347253295
0.0038528461347253295
0.0038528461347253295
0.0038528461347253295
0.0038528461347253295
0.0038528461347253295
0.0038528461347253295
0.0038528461347253295
0.0038528461347253295
0.0038528461347253295
0.0038528461347253295
0.0038528461347253295
0.0038528461347253295
0.0038528461347253295
0.0038528461347253295
0.0038528461347253295
0.0038528461347253295
0.0038528461347253295
0.0038528461347253295
0.0038528461347253295
0.0038528461347253295
0.0038528461347253295
0.0038528461347253295
0.0038528461347253295
0.0038528461347253295
0.0038528461347253295
0.0038528461347253295
0.0038528461347253295
0.0038528461347253295
0.0038528461347253295
0.0038528461347253295
0.0038528461347253295
0.0038528461347253295
0.0038528461347253295
0.0038528461347253295
0.0038528461347253295
0.0038528461347253295
0.0038528461347253295
0.0038528461347253295
0.0038528461347253295
0.0038528461347253295
0.0038528461347253295
0.0038528461347253295
0.0038528461347253295
0.0038528461347253295
0.0038528461347253295
0.0038528461347253295
0.0038528461347253295
0.0038528461347253295
0.0038528461347253295
0.0038528461347253295
0.0038528461347253295
0.0038528461347253295
0.0038528461347253295
0.0038528461347253295
0.0038528461347253295
0.0038528461347253295
0.0038528461347253295
0.0038528461347253295
0.0038528461347253295
0.0038528461347253295
0.0038528461347253295
0.0038528461347253295
0.0038528461347253295
0.004847129008202834
0.004847129008202834
0.004847129008202834
0.004847129008202834
0.004847129008202834
0.004847129008202834
0.004847129008202834
0.004847129008202834
0.004847129008202834
0.004847129008202834
0.004847129008202834
0.004847129008202834
0.004847129008202834
0.004847129008202834
0.004847129008202834
0.004847129008202834
0.004847129008202834
0.004847129008202834
0.004847129008202834
0.004847129008202834
0.004847129008202834
0.004847129008202834
0.004847129008202834
0.004847129008202834
0.004847129008202834
0.004847129008202834
0.004847129008202834
0.004847129008202834
0.004847129008202834
0.004847129008202834
0.004847129008202834
0.004847129008202834
0.004847129008202834
0.004847129008202834
0.004847129008202834
0.004847129008202834
0.004847129008202834
0.004847129008202834
0.004847129008202834
0.004847129008202834
0.004847129008202834
0.004847129008202834
0.004847129008202834
0.004847129008202834
0.004847129008202834
0.004847129008202834
0.004847129008202834
0.004847129008202834
0.004847129008202834
0.004847129008202834
0.004847129008202834
0.004847129008202834
0.004847129008202834
0.004847129008202834
0.004847129008202834
0.004847129008202834
0.004847129008202834
0.004847129008202834
0.004847129008202834
0.005779269202087994
0.005779269202087994
0.005779269202087994
0.005965697240865026
0.006089982600049714
0.006089982600049714
0.006089982600049714
0.006089982600049714
0.006089982600049714
0.006089982600049714
0.006089982600049714
0.006214267959234402
0.006214267959234402
0.006214267959234402
0.006214267959234402
0.006214267959234402
0.006214267959234402
0.006214267959234402
0.006214267959234402
0.006214267959234402
0.006214267959234402
0.006214267959234402
0.006214267959234402
0.006214267959234402
0.006214267959234402
0.006214267959234402
0.006214267959234402
0.006214267959234402
0.006214267959234402
0.006276410638826746
0.006276410638826746
0.006276410638826746
0.006276410638826746
0.006276410638826746
0.006276410638826746
0.006276410638826746
0.006276410638826746
0.006276410638826746
0.006276410638826746
0.006276410638826746
0.006276410638826746
0.006276410638826746
0.006276410638826746
0.006276410638826746
0.006276410638826746
0.006276410638826746
0.006276410638826746
0.006276410638826746
0.006276410638826746
0.006276410638826746
0.006276410638826746
0.006276410638826746
0.006276410638826746
0.006276410638826746
0.006276410638826746
0.006276410638826746
0.006276410638826746
0.006276410638826746
0.006276410638826746
0.006276410638826746
0.006276410638826746
0.006276410638826746
0.006276410638826746
0.006276410638826746
0.006276410638826746
0.006276410638826746
0.006276410638826746
0.006276410638826746
0.006276410638826746
0.006276410638826746
0.00695998011434253
0.00695998011434253
0.00695998011434253
0.00695998011434253
0.007332836191896595
0.007332836191896595
0.007332836191896595
0.007332836191896595
0.007332836191896595
0.007332836191896595
0.007332836191896595
0.007332836191896595
0.007332836191896595
0.007332836191896595
0.007332836191896595
0.007332836191896595
0.007332836191896595
0.007332836191896595
0.007332836191896595
0.007332836191896595
0.007332836191896595
0.007332836191896595
0.007332836191896595
0.007332836191896595
0.007332836191896595
0.007332836191896595
0.007332836191896595
0.007332836191896595
0.007332836191896595
0.007332836191896595
0.007332836191896595
0.007332836191896595
0.007332836191896595
0.007332836191896595
0.007332836191896595
0.007332836191896595
0.007332836191896595
0.007332836191896595
0.00789212030822769
0.00789212030822769
0.008078548347004723
0.008078548347004723
0.008078548347004723
0.008078548347004723
0.008078548347004723
0.0083271190653741
0.0083271190653741
0.008575689783743476
0.008575689783743476
0.008575689783743476
0.008575689783743476
0.008575689783743476
0.008575689783743476
0.008575689783743476
0.008575689783743476
0.008575689783743476
0.008575689783743476
0.008575689783743476
0.008575689783743476
0.008575689783743476
0.008575689783743476
0.008575689783743476
0.008575689783743476
0.008575689783743476
0.008575689783743476
0.008575689783743476
0.008575689783743476
0.008575689783743476
0.008575689783743476
0.008575689783743476
0.008575689783743476
0.008575689783743476
0.008575689783743476
0.008575689783743476
0.008575689783743476
0.008575689783743476
0.008575689783743476
0.008575689783743476
0.008575689783743476
0.008575689783743476
0.008575689783743476
0.008575689783743476
0.008575689783743476
0.008575689783743476
0.008575689783743476
0.008575689783743476
0.008575689783743476
0.008575689783743476
0.008575689783743476
0.008575689783743476
0.008575689783743476
0.008575689783743476
0.008575689783743476
0.008575689783743476
0.008575689783743476
0.008575689783743476
0.008575689783743476
0.008575689783743476
0.008575689783743476
0.008886403181705195
0.008886403181705195
0.008886403181705195
0.008886403181705195
0.010129256773552076
0.010129256773552076
0.010129256773552076
0.010129256773552076
0.010129256773552076
0.010129256773552076
0.010129256773552076
0.010129256773552076
0.010129256773552076
0.010129256773552076
0.010129256773552076
0.010129256773552076
0.010129256773552076
0.010129256773552076
0.010129256773552076
0.010129256773552076
0.010129256773552076
0.010129256773552076
0.010129256773552076
0.010377827491921452
0.010377827491921452
0.010377827491921452
0.010377827491921452
0.010377827491921452
0.010377827491921452
0.010377827491921452
0.010377827491921452
0.010377827491921452
0.010377827491921452
0.010377827491921452
0.010377827491921452
0.010377827491921452
0.010377827491921452
0.010377827491921452
0.010377827491921452
0.010377827491921452
0.010377827491921452
0.010439970171513796
0.010439970171513796
0.010439970171513796
0.010439970171513796
0.010439970171513796
0.010439970171513796
0.010439970171513796
0.010439970171513796
0.010439970171513796
0.010439970171513796
0.010439970171513796
0.010439970171513796
0.010439970171513796
0.010439970171513796
0.010439970171513796
0.010439970171513796
0.010439970171513796
0.010439970171513796
0.010439970171513796
0.010439970171513796
0.010439970171513796
0.010439970171513796
0.010439970171513796
0.010439970171513796
0.010439970171513796
0.010750683569475516
0.010750683569475516
0.010750683569475516
0.010750683569475516
0.010750683569475516
0.010750683569475516
0.010750683569475516
0.010750683569475516
0.010750683569475516
0.010750683569475516
0.010750683569475516
0.010750683569475516
0.010750683569475516
0.010750683569475516
0.010750683569475516
0.0114342530449913
0.0114342530449913
0.0114342530449913
0.0114342530449913
0.0114342530449913
0.0114342530449913
0.0114342530449913
0.0114342530449913
0.0114342530449913
0.0114342530449913
0.0114342530449913
0.0114342530449913
0.0114342530449913
0.0114342530449913
0.0114342530449913
0.0114342530449913
0.0114342530449913
0.0114342530449913
0.0114342530449913
0.0114342530449913
0.0114342530449913
0.0114342530449913
0.0114342530449913
0.0114342530449913
0.0114342530449913
0.0114342530449913
0.0114342530449913
0.0114342530449913
0.0114342530449913
0.0114342530449913
0.0114342530449913
0.0114342530449913
0.0114342530449913
0.0114342530449913
0.0114342530449913
0.0114342530449913
0.0114342530449913
0.0114342530449913
0.0114342530449913
0.0114342530449913
0.0114342530449913
0.0114342530449913
0.0114342530449913
0.0114342530449913
0.0114342530449913
0.0114342530449913
0.0114342530449913
0.0114342530449913
0.0114342530449913
0.0114342530449913
0.0114342530449913
0.0114342530449913
0.0114342530449913
0.0114342530449913
0.0114342530449913
0.0114342530449913
0.011807109122545364
0.011807109122545364
0.011807109122545364
0.011807109122545364
0.011807109122545364
0.011807109122545364
0.011807109122545364
0.011807109122545364
0.011869251802137708
0.011869251802137708
0.011869251802137708
0.011869251802137708
0.011869251802137708
0.011869251802137708
0.011869251802137708
0.011869251802137708
0.011869251802137708
0.011869251802137708
0.011869251802137708
0.011869251802137708
0.011869251802137708
0.011869251802137708
0.011869251802137708
0.011869251802137708
0.011869251802137708
0.011869251802137708
0.011869251802137708
0.011931394481730051
0.011931394481730051
0.011931394481730051
0.011931394481730051
0.011931394481730051
0.011931394481730051
0.011931394481730051
0.011931394481730051
0.011931394481730051
0.011931394481730051
0.011931394481730051
0.011931394481730051
0.011931394481730051
0.011931394481730051
0.011931394481730051
0.011931394481730051
0.011931394481730051
0.01205567984091474
0.01205567984091474
0.01205567984091474
0.01205567984091474
0.01205567984091474
0.01205567984091474
0.01205567984091474
0.01205567984091474
0.01205567984091474
0.01205567984091474
0.01205567984091474
0.01205567984091474
0.01205567984091474
0.01205567984091474
0.01205567984091474
0.01205567984091474
0.01205567984091474
0.01205567984091474
0.01205567984091474
0.01205567984091474
0.01205567984091474
0.01205567984091474
0.01205567984091474
0.01205567984091474
0.01205567984091474
0.01205567984091474
0.012304250559284116
0.012304250559284116
0.012304250559284116
0.01236639323887646
0.01236639323887646
0.01236639323887646
0.01236639323887646
0.01236639323887646
0.01236639323887646
0.01236639323887646
0.01236639323887646
0.012428535918468804
0.012428535918468804
0.012428535918468804
0.012428535918468804
0.012428535918468804
0.012428535918468804
0.012428535918468804
0.012428535918468804
0.012428535918468804
0.012428535918468804
0.012428535918468804
0.012428535918468804
0.012428535918468804
0.012428535918468804
0.012428535918468804
0.012428535918468804
0.012428535918468804
0.012428535918468804
0.012428535918468804
0.012428535918468804
0.012428535918468804
0.012428535918468804
0.012428535918468804
0.012428535918468804
0.012428535918468804
0.012428535918468804
0.012428535918468804
0.012428535918468804
0.012428535918468804
0.012428535918468804
0.012428535918468804
0.012428535918468804
0.012428535918468804
0.012428535918468804
0.012428535918468804
0.012428535918468804
0.012428535918468804
0.012428535918468804
0.012428535918468804
0.012428535918468804
0.012428535918468804
0.012428535918468804
0.012428535918468804
0.012428535918468804
0.012428535918468804
0.012428535918468804
0.012428535918468804
0.012428535918468804
0.012428535918468804
0.012428535918468804
0.012428535918468804
0.012428535918468804
0.012428535918468804
0.012428535918468804
0.012428535918468804
0.012428535918468804
0.012428535918468804
0.012428535918468804
0.012428535918468804
0.012428535918468804
0.012428535918468804
0.012490678598061149
0.012490678598061149
0.012490678598061149
0.012490678598061149
0.012490678598061149
0.012490678598061149
0.012490678598061149
0.012490678598061149
0.012490678598061149
0.012490678598061149
0.012490678598061149
0.012490678598061149
0.012490678598061149
0.012490678598061149
0.012490678598061149
0.012490678598061149
0.012863534675615212
0.012863534675615212
0.012863534675615212
0.012925677355207556
0.012925677355207556
0.012925677355207556
0.012925677355207556
0.012925677355207556
0.012925677355207556
0.012925677355207556
0.012925677355207556
0.012925677355207556
0.012925677355207556
0.012925677355207556
0.012925677355207556
0.012925677355207556
0.012925677355207556
0.012925677355207556
0.013112105393984589
0.013112105393984589
0.013112105393984589
0.013112105393984589
0.013112105393984589
0.013360676112353965
0.013360676112353965
0.013360676112353965
0.013360676112353965
0.013360676112353965
0.013360676112353965
0.013360676112353965
0.013360676112353965
0.013360676112353965
0.013360676112353965
0.013422818791946308
0.013422818791946308
0.013422818791946308
0.013422818791946308
0.013671389510315685
0.013671389510315685
0.013671389510315685
0.013671389510315685
0.01391996022868506
0.01391996022868506
0.01391996022868506
0.01391996022868506
0.01391996022868506
0.01391996022868506
0.01391996022868506
0.01391996022868506
0.01391996022868506
0.01391996022868506
0.01391996022868506
0.01391996022868506
0.01391996022868506
0.01391996022868506
0.01391996022868506
0.01391996022868506
0.01391996022868506
0.01391996022868506
0.01391996022868506
0.01391996022868506
0.01391996022868506
0.01391996022868506
0.01391996022868506
0.01391996022868506
0.01391996022868506
0.01391996022868506
0.01391996022868506
0.01391996022868506
0.01391996022868506
0.01391996022868506
0.01391996022868506
0.01391996022868506
0.01391996022868506
0.01391996022868506
0.01391996022868506
0.01391996022868506
0.01391996022868506
0.01391996022868506
0.01391996022868506
0.01391996022868506
0.01391996022868506
0.01391996022868506
0.01391996022868506
0.01391996022868506
0.01391996022868506
0.01391996022868506
0.01391996022868506
0.01391996022868506
0.01391996022868506
0.01391996022868506
0.01391996022868506
0.01391996022868506
0.01391996022868506
0.01391996022868506
0.01391996022868506
0.01391996022868506
0.01391996022868506
0.01391996022868506
0.01391996022868506
0.01391996022868506
0.01391996022868506
0.01391996022868506
0.01391996022868506
0.01391996022868506
0.01391996022868506
0.01391996022868506
0.01391996022868506
0.01391996022868506
0.01391996022868506
0.01391996022868506
0.01391996022868506
0.01391996022868506
0.01391996022868506
0.01391996022868506
0.01391996022868506
0.01391996022868506
0.01391996022868506
0.01391996022868506
0.01391996022868506
0.01391996022868506
0.01391996022868506
0.01391996022868506
0.01391996022868506
0.01391996022868506
0.01391996022868506
0.01391996022868506
0.01391996022868506
0.01391996022868506
0.01391996022868506
0.01391996022868506
0.01391996022868506
0.01391996022868506
0.01391996022868506
0.01391996022868506
0.01391996022868506
0.01391996022868506
0.01391996022868506
0.01391996022868506
0.01391996022868506
0.01391996022868506
0.01391996022868506
0.01391996022868506
0.01391996022868506
0.01391996022868506
0.013982102908277404
0.013982102908277404
0.014168530947054437
0.014168530947054437
0.014168530947054437
0.014168530947054437
0.014168530947054437
0.014168530947054437
0.014168530947054437
0.014168530947054437
0.01423067362664678
0.01423067362664678
0.01423067362664678
0.01435495898583147
0.01435495898583147
0.01435495898583147
0.01435495898583147
0.01435495898583147
0.01435495898583147
0.01435495898583147
0.01435495898583147
0.01435495898583147
0.01435495898583147
0.01435495898583147
0.01435495898583147
0.01435495898583147
0.01435495898583147
0.01435495898583147
0.01435495898583147
0.01435495898583147
0.01435495898583147
0.01435495898583147
0.01435495898583147
0.01435495898583147
0.01435495898583147
0.01435495898583147
0.01435495898583147
0.01435495898583147
0.01435495898583147
0.01435495898583147
0.01435495898583147
0.01435495898583147
0.01435495898583147
0.01435495898583147
0.01435495898583147
0.01435495898583147
0.01435495898583147
0.01435495898583147
0.01435495898583147
0.01435495898583147
0.01435495898583147
0.01435495898583147
0.01435495898583147
0.01435495898583147
0.01435495898583147
0.01435495898583147
0.01435495898583147
0.01435495898583147
0.01435495898583147
0.01435495898583147
0.01435495898583147
0.01435495898583147
0.01435495898583147
0.01435495898583147
0.01435495898583147
0.01435495898583147
0.01435495898583147
0.01435495898583147
0.014479244345016157
0.014479244345016157
0.014479244345016157
0.014479244345016157
0.014479244345016157
0.014479244345016157
0.014479244345016157
0.014479244345016157
0.014479244345016157
0.014479244345016157
0.014479244345016157
0.014479244345016157
0.014479244345016157
0.014479244345016157
0.014479244345016157
0.014479244345016157
0.014479244345016157
0.014479244345016157
0.014479244345016157
0.014479244345016157
0.014479244345016157
0.014479244345016157
0.014479244345016157
0.014479244345016157
0.014479244345016157
0.014479244345016157
0.014479244345016157
0.014479244345016157
0.014479244345016157
0.014479244345016157
0.014479244345016157
0.014479244345016157
0.014479244345016157
0.014479244345016157
0.014479244345016157
0.014479244345016157
0.014479244345016157
0.014479244345016157
0.014479244345016157
0.014479244345016157
0.014479244345016157
0.014479244345016157
0.014479244345016157
0.014479244345016157
0.014479244345016157
0.014479244345016157
0.014479244345016157
0.014479244345016157
0.014479244345016157
0.014479244345016157
0.014479244345016157
0.014479244345016157
0.01466567238379319
0.01466567238379319
0.01466567238379319
0.01466567238379319
0.01466567238379319
0.01466567238379319
0.01466567238379319
0.01466567238379319
0.01466567238379319
0.014789957742977877
0.014789957742977877
0.014789957742977877
0.014789957742977877
0.014789957742977877
0.014789957742977877
0.014789957742977877
0.014789957742977877
0.014789957742977877
0.014789957742977877
0.014789957742977877
0.014789957742977877
0.014789957742977877
0.014789957742977877
0.014789957742977877
0.014789957742977877
0.014789957742977877
0.014789957742977877
0.014789957742977877
0.014789957742977877
0.014789957742977877
