0.015722097936863036
0.02547849863286105
0.03044991300024857
0.03455132985334328
0.03859060402684564
0.04219487944320159
0.044432015908525975
0.045799154859557545
0.04760129256773552
0.049154859557544124
0.050584141188168036
0.051702709420830224
0.05338056176982352
0.05499627143922446
0.05630126771066368
0.05729555058414119
0.05828983345761869
0.0592841163310962
0.059781257767834946
0.06058911260253542
0.061210539398458864
0.06208053691275168
0.06301267710663684
0.06369624658215262
0.06425553069848372
0.06518767089236888
0.06556052696992294
0.06611981108625405
0.06655480984340045
0.0670519512801392
0.06754909271687795
0.06823266219239374
0.06872980362913249
0.06910265970668655
0.06991051454138703
0.07028337061894109
0.0711533681332339
0.07146408153119563
0.07196122296793438
0.07233407904548844
0.07252050708426547
0.07276907780263485
0.07307979120059657
0.0732662192393736
0.07363907531692766
0.07413621675366641
0.07432264479244345
0.07469550086999752
0.0748197862291822
0.07488192890877454
0.07500621426795924
0.07531692766592095
0.07556549838429033
0.07600049714143674
0.07618692518021378
0.07662192393736018
0.07687049465572955
0.07705692269450659
0.07742977877206066
0.0779269202087994
0.07817549092716879
0.0784862043251305
0.0790454884414616
0.07916977380064628
0.07972905791697737
0.07979120059656973
0.08016405667412378
0.08016405667412378
0.08066119811086254
0.08090976882923191
0.08109619686800895
0.08140691026597068
0.08171762366393238
0.08209047974148645
0.08240119313944817
0.08240119313944817
0.0827119065374099
0.08296047725577926
0.0831469052945563
0.08345761869251803
0.08364404673129505
0.08389261744966443
0.08407904548844146
0.0841411881680338
0.08420333084762614
0.08438975888640318
0.08507332836191897
0.085259756400696
0.08563261247825006
0.08588118319661944
0.08606761123539647
0.08619189659458115
0.08668903803131991
0.0868133233905046
0.087248322147651
0.08737260750683569
0.08737260750683569
0.08743475018642805
0.08768332090479741
0.08805617698235148
0.08824260502112852
0.08842903305990554
0.08861546109868257
0.08861546109868257
0.08867760377827492
0.08892617449664429
0.08917474521501367
0.08929903057419836
0.08942331593338304
0.08954760129256774
0.08985831469052946
0.08998260004971415
0.09016902808849117
0.09023117076808351
0.09029331344767587
0.09054188416604524
0.09066616952522993
0.09079045488441462
0.0909147402435993
0.09116331096196868
0.09128759632115337
0.09141188168033805
0.09166045239870743
0.09178473775789212
0.09190902311707681
0.0920333084762615
0.09221973651503852
0.09228187919463088
0.09253044991300025
0.09265473527218494
0.09284116331096197
0.09296544867014665
0.093027591349739
0.09321401938851603
0.09346259010688542
0.09346259010688542
0.09352473278647776
0.0935868754660701
0.09389758886403182
0.09414615958240119
0.09433258762117823
0.09445687298036291
0.09451901565995526
0.09464330101913994
0.09464330101913994
0.09464330101913994
0.09482972905791698
0.09495401441710166
0.09507829977628636
0.09507829977628636
0.09520258513547104
0.09538901317424807
0.09588615461098683
0.09588615461098683
0.0961347253293562
0.09619686800894854
0.09644543872731792
0.09663186676609495
0.09663186676609495
0.09688043748446433
0.09700472284364901
0.09706686552324137
0.09719115088242605
0.09743972160079542
0.09756400695998012
0.09762614963957246
0.09781257767834949
0.09793686303753418
0.09793686303753418
0.09812329107631121
0.09824757643549589
0.09837186179468059
0.09855828983345762
0.098806860551827
0.09899328859060402
0.09899328859060402
0.09911757394978872
0.09942828734775043
0.09949043002734279
0.09949043002734279
0.09961471538652747
0.09967685806611981
0.09973900074571215
0.0998011434253045
0.09986328610489684
0.09998757146408153
0.10004971414367388
0.10011185682326622
0.1002361421824509
0.1003604275416356
0.1003604275416356
0.1003604275416356
0.10042257022122794
0.10048471290082028
0.100795426298782
0.10091971165796669
0.10091971165796669
0.10104399701715137
0.10116828237633607
0.10129256773552076
0.10141685309470544
0.10141685309470544
0.10147899577429778
0.10154113845389014
0.10154113845389014
0.10154113845389014
0.10160328113348248
0.10166542381307482
0.10172756649266716
0.1017897091722595
0.10197613721103654
0.10203827989062889
0.10228685060899825
0.10253542132736763
0.10259756400695998
0.10265970668655232
0.10272184936614467
0.10284613472532936
0.1029082774049217
0.10309470544369873
0.10315684812329108
0.10315684812329108
0.10321899080288342
0.10328113348247576
0.10340541884166045
0.10359184688043749
0.10359184688043749
0.10384041759880686
0.1040268456375839
0.10408898831717624
0.10415113099676858
0.10415113099676858
0.10415113099676858
0.10433755903554562
0.10439970171513796
0.10439970171513796
0.10452398707432264
0.10464827243350733
0.10483470047228437
0.10489684315187671
0.10495898583146905
0.10502112851106139
0.10514541387024609
0.10533184190902312
0.10533184190902312
0.1054561272682078
0.10551826994780016
0.1055804126273925
0.10564255530698484
0.10570469798657718
0.10570469798657718
0.10570469798657718
0.10582898334576187
0.10595326870494656
0.10613969674372359
0.10613969674372359
0.10626398210290827
0.10645041014168531
0.10651255282127765
0.10657469550087
0.10657469550087
0.10657469550087
0.10657469550087
0.10663683818046234
0.10663683818046234
0.10669898086005468
0.10682326621923938
0.10688540889883172
0.10688540889883172
0.10688540889883172
0.10694755157842406
0.10694755157842406
0.1070096942580164
0.10707183693760874
0.1071339796172011
0.10719612229679344
0.10732040765597813
0.10738255033557047
0.10756897837434751
0.10756897837434751
0.10756897837434751
0.10756897837434751
0.10769326373353219
0.10769326373353219
0.10769326373353219
0.10769326373353219
0.10769326373353219
0.10775540641312453
0.10794183445190157
0.10794183445190157
0.1081282624906786
0.10837683320904798
0.10837683320904798
0.10843897588864032
0.10843897588864032
0.10843897588864032
0.10843897588864032
0.10843897588864032
0.10843897588864032
0.10850111856823266
0.10862540392741735
0.10868754660700969
0.10868754660700969
0.10868754660700969
0.10868754660700969
0.10881183196619439
0.10887397464578673
0.10887397464578673
0.10887397464578673
0.10893611732537907
0.10899826000497141
0.10906040268456375
0.10906040268456375
0.1091225453641561
0.1092468307233408
0.1092468307233408
0.10930897340293314
0.10930897340293314
0.10937111608252548
0.10937111608252548
0.10943325876211782
0.10943325876211782
0.10949540144171016
0.10955754412130252
0.10961968680089486
0.10961968680089486
0.10961968680089486
0.10961968680089486
0.1096818294804872
0.1096818294804872
0.10980611483967188
0.10986825751926423
0.10993040019885658
0.10993040019885658
0.11017897091722595
0.11042754163559533
0.11048968431518767
0.11061396967437236
0.1106761123539647
0.1106761123539647
0.1106761123539647
0.1106761123539647
0.11073825503355705
0.11073825503355705
0.11086254039274174
0.11086254039274174
0.11092468307233408
0.11098682575192642
0.11098682575192642
0.11104896843151876
0.1111111111111111
0.1111111111111111
0.1112353964702958
0.11129753914988814
0.11148396718866517
0.11148396718866517
0.11148396718866517
0.11160825254784987
0.11167039522744221
0.11167039522744221
0.11167039522744221
0.11173253790703455
0.11173253790703455
0.11173253790703455
0.1117946805866269
0.11185682326621924
0.11198110862540393
0.11198110862540393
0.11204325130499627
0.11216753666418096
0.11216753666418096
0.11216753666418096
0.11229182202336564
0.112353964702958
0.11247825006214268
0.11247825006214268
0.11260253542132737
0.11272682078051205
0.1127889634601044
0.11291324881928909
0.11297539149888143
0.11303753417847377
0.11309967685806611
0.11309967685806611
0.11309967685806611
0.11328610489684315
0.1133482475764355
0.1133482475764355
0.11353467561521252
0.11359681829480488
0.11359681829480488
0.11359681829480488
0.11365896097439722
0.11372110365398956
0.11372110365398956
0.1137832463335819
0.11396967437235894
0.11403181705195128
0.11403181705195128
0.11409395973154363
0.11409395973154363
0.11421824509072831
0.114342530449913
0.11446681580909769
0.11446681580909769
0.11446681580909769
0.11452895848869003
0.11459110116828237
0.11471538652746706
0.11471538652746706
0.11477752920705941
0.11477752920705941
0.11502609992542878
0.11502609992542878
0.11508824260502112
0.11508824260502112
0.11527467064379816
0.1153368133233905
0.1153368133233905
0.1153368133233905
0.1153368133233905
0.11546109868257519
0.11546109868257519
0.11546109868257519
0.11552324136216753
0.11552324136216753
0.11552324136216753
0.11577181208053691
0.11577181208053691
0.11577181208053691
0.11577181208053691
0.11583395476012925
0.1160203827989063
0.11620681083768332
0.11626895351727566
0.116331096196868
0.116331096196868
0.116331096196868
0.116331096196868
0.116331096196868
0.116331096196868
0.11639323887646036
0.11639323887646036
0.11639323887646036
0.11639323887646036
0.1164553815560527
0.11651752423564504
0.11651752423564504
0.11664180959482973
0.11664180959482973
0.11664180959482973
0.11682823763360677
0.11689038031319911
0.11695252299279145
0.11695252299279145
0.11695252299279145
0.11695252299279145
0.11695252299279145
0.11695252299279145
0.11695252299279145
0.11701466567238379
0.11701466567238379
0.11701466567238379
0.11713895103156848
0.11713895103156848
0.11713895103156848
0.11713895103156848
0.11713895103156848
0.11713895103156848
0.11713895103156848
0.11720109371116083
0.11720109371116083
0.11720109371116083
0.11720109371116083
0.11720109371116083
0.11720109371116083
0.11726323639075317
0.11732537907034551
0.11732537907034551
0.11738752174993786
0.11751180710912254
0.1175739497887149
0.1175739497887149
0.11769823514789958
0.11769823514789958
0.11769823514789958
0.11769823514789958
0.11782252050708426
0.11782252050708426
0.1178846631866766
0.11794680586626895
0.11794680586626895
0.11794680586626895
0.11794680586626895
0.11794680586626895
0.11794680586626895
0.11794680586626895
0.11794680586626895
0.11794680586626895
0.11794680586626895
0.1180089485458613
0.1180089485458613
0.1180089485458613
0.1180089485458613
0.1180089485458613
0.1180089485458613
0.1180089485458613
0.1180089485458613
0.11807109122545364
0.11807109122545364
0.11807109122545364
0.11807109122545364
0.11807109122545364
0.11807109122545364
0.11807109122545364
0.11813323390504599
0.11819537658463833
0.11825751926423067
0.11825751926423067
0.11825751926423067
0.11831966194382301
0.11844394730300771
0.11844394730300771
0.11844394730300771
0.11844394730300771
0.11844394730300771
0.1185682326621924
0.11863037534178474
0.11875466070096942
0.11881680338056178
0.11887894606015412
0.11894108873974646
0.1190032314193388
0.11912751677852348
0.11918965945811584
0.11918965945811584
0.11918965945811584
0.11918965945811584
0.11918965945811584
0.11925180213770818
0.11925180213770818
0.11925180213770818
0.11925180213770818
0.11925180213770818
0.11925180213770818
0.11925180213770818
0.11925180213770818
0.11931394481730052
0.11931394481730052
0.11931394481730052
0.11931394481730052
0.11931394481730052
0.11931394481730052
0.11937608749689287
0.11937608749689287
0.11937608749689287
0.11937608749689287
0.11937608749689287
0.11943823017648521
0.11950037285607755
0.11950037285607755
0.11950037285607755
0.11950037285607755
0.11950037285607755
0.11950037285607755
0.11962465821526225
0.11962465821526225
0.11962465821526225
0.11962465821526225
0.11968680089485459
0.11974894357444693
0.11981108625403927
0.11981108625403927
0.11981108625403927
0.11981108625403927
0.11981108625403927
0.11987322893363161
0.11993537161322396
0.12024608501118568
0.12030822769077802
0.12030822769077802
0.12030822769077802
0.12030822769077802
0.12030822769077802
0.12030822769077802
0.12049465572955506
0.12049465572955506
0.12049465572955506
0.12049465572955506
0.12061894108873975
0.12061894108873975
0.12068108376833209
0.12068108376833209
0.12068108376833209
0.12068108376833209
0.12068108376833209
0.12068108376833209
0.12068108376833209
0.12068108376833209
0.12074322644792443
0.12080536912751678
0.12080536912751678
0.12080536912751678
0.12080536912751678
0.12086751180710913
0.12099179716629381
0.12099179716629381
0.12099179716629381
0.12105393984588615
0.1211160825254785
0.12117822520507084
0.12124036788466319
0.12130251056425553
0.12130251056425553
0.12130251056425553
0.12130251056425553
0.12130251056425553
0.12130251056425553
0.12130251056425553
0.12130251056425553
0.12130251056425553
0.12136465324384788
0.12136465324384788
0.12142679592344022
0.12142679592344022
0.12142679592344022
0.12148893860303256
0.12148893860303256
0.12161322396221726
0.1216753666418096
0.1216753666418096
0.1216753666418096
0.1216753666418096
0.1216753666418096
0.1216753666418096
0.12179965200099428
0.12179965200099428
0.12186179468058662
0.12186179468058662
0.12186179468058662
0.12186179468058662
0.12186179468058662
0.12186179468058662
0.12186179468058662
0.12186179468058662
0.12186179468058662
0.12198608003977132
0.12198608003977132
0.12198608003977132
0.12198608003977132
0.12198608003977132
0.12198608003977132
0.12198608003977132
0.12198608003977132
0.12198608003977132
0.12204822271936366
0.12204822271936366
0.12204822271936366
0.12204822271936366
0.122110365398956
0.122110365398956
0.12229679343773303
0.12229679343773303
0.12235893611732537
0.12235893611732537
0.12235893611732537
0.12242107879691773
0.12242107879691773
0.12242107879691773
0.12242107879691773
0.12242107879691773
0.12242107879691773
0.12248322147651007
0.12248322147651007
0.12248322147651007
0.12248322147651007
0.12254536415610241
0.12260750683569475
0.1226696495152871
0.1226696495152871
0.1226696495152871
0.1226696495152871
0.1226696495152871
0.1226696495152871
0.1226696495152871
0.12285607755406414
0.12285607755406414
0.12285607755406414
0.12285607755406414
0.12291822023365648
0.12298036291324882
0.12298036291324882
0.12304250559284116
0.12304250559284116
0.12304250559284116
0.12304250559284116
0.1231046482724335
0.1231046482724335
0.12316679095202585
0.12316679095202585
0.12316679095202585
0.12316679095202585
0.1232289336316182
0.1232289336316182
0.12329107631121054
0.12329107631121054
0.12329107631121054
0.12335321899080288
0.12341536167039523
0.12347750434998757
0.12347750434998757
0.12347750434998757
0.12347750434998757
0.12360178970917227
0.12360178970917227
0.12360178970917227
0.12360178970917227
0.12360178970917227
0.12360178970917227
0.12360178970917227
0.12360178970917227
0.12360178970917227
0.12360178970917227
0.12360178970917227
0.12366393238876461
0.12366393238876461
0.12366393238876461
0.12366393238876461
0.12366393238876461
0.12366393238876461
0.12366393238876461
0.12366393238876461
0.12366393238876461
0.12378821774794929
0.12378821774794929
0.12378821774794929
0.12378821774794929
0.12378821774794929
0.12378821774794929
0.12391250310713398
0.12397464578672632
0.12403678846631867
0.12403678846631867
0.12409893114591102
0.12416107382550336
0.12416107382550336
0.12416107382550336
0.1242232165050957
0.1242232165050957
0.12428535918468804
0.12428535918468804
0.12428535918468804
0.12428535918468804
0.12428535918468804
0.12428535918468804
0.12428535918468804
0.12434750186428038
0.12434750186428038
0.12434750186428038
0.12434750186428038
0.12434750186428038
0.12434750186428038
0.12434750186428038
0.12434750186428038
0.12434750186428038
0.12434750186428038
0.12434750186428038
0.12434750186428038
0.12434750186428038
0.12440964454387274
0.12447178722346508
0.12447178722346508
0.12447178722346508
0.12447178722346508
0.12447178722346508
0.12447178722346508
0.12453392990305742
0.12459607258264976
0.12459607258264976
0.1246582152622421
0.12472035794183445
0.12472035794183445
0.12472035794183445
0.12472035794183445
0.12472035794183445
0.12472035794183445
0.12472035794183445
0.12472035794183445
0.12472035794183445
0.12472035794183445
0.12472035794183445
0.12472035794183445
0.12478250062142679
0.12478250062142679
0.12478250062142679
0.12478250062142679
0.12478250062142679
0.12478250062142679
0.12484464330101915
0.12484464330101915
0.12484464330101915
0.12490678598061149
0.12503107133979618
0.12503107133979618
0.12503107133979618
0.12503107133979618
0.12503107133979618
0.12509321401938853
0.12509321401938853
0.12509321401938853
0.12509321401938853
0.12509321401938853
0.12509321401938853
0.12509321401938853
0.12509321401938853
0.12509321401938853
0.12509321401938853
0.12515535669898087
0.12527964205816555
0.12527964205816555
0.1253417847377579
0.1253417847377579
0.1253417847377579
0.1253417847377579
0.1253417847377579
0.1253417847377579
0.1253417847377579
0.12540392741735024
0.12540392741735024
0.12540392741735024
0.12540392741735024
0.12540392741735024
0.12540392741735024
0.12540392741735024
0.12540392741735024
0.12546607009694258
0.12546607009694258
0.12546607009694258
0.12546607009694258
0.12546607009694258
0.12552821277653492
0.12552821277653492
0.12552821277653492
0.12559035545612726
0.12559035545612726
0.12559035545612726
0.1256524981357196
0.12571464081531195
0.1257767834949043
0.12583892617449666
0.12596321153368134
0.12596321153368134
0.12596321153368134
0.12602535421327368
0.12602535421327368
0.12608749689286602
0.12608749689286602
0.12608749689286602
0.12608749689286602
0.12608749689286602
0.12608749689286602
0.1262117822520507
0.1262117822520507
0.1262117822520507
0.1262117822520507
0.1262117822520507
0.1262117822520507
0.12627392493164305
0.12627392493164305
0.12627392493164305
0.12627392493164305
0.12627392493164305
0.12627392493164305
0.12627392493164305
0.12627392493164305
0.12627392493164305
0.12627392493164305
0.12639821029082773
0.12639821029082773
0.12639821029082773
0.12639821029082773
0.12639821029082773
0.12639821029082773
0.12646035297042008
0.12658463832960476
0.12658463832960476
0.12658463832960476
0.12664678100919713
0.12664678100919713
0.12664678100919713
0.12670892368878947
0.1267710663683818
0.1267710663683818
0.1267710663683818
0.1267710663683818
0.12683320904797415
0.12683320904797415
0.12683320904797415
0.12683320904797415
0.12683320904797415
0.12683320904797415
0.12683320904797415
0.1268953517275665
0.12695749440715884
0.12695749440715884
0.12695749440715884
0.12708177976634352
0.12708177976634352
0.12708177976634352
0.12708177976634352
0.12708177976634352
0.12708177976634352
0.12708177976634352
0.12714392244593586
0.12714392244593586
0.1272060651255282
0.1272060651255282
0.12726820780512055
0.12726820780512055
0.12726820780512055
0.12726820780512055
0.12726820780512055
0.1273303504847129
0.12739249316430523
0.1274546358438976
0.1274546358438976
0.1274546358438976
0.1274546358438976
0.12751677852348994
0.12751677852348994
0.12751677852348994
0.12751677852348994
0.12751677852348994
0.12751677852348994
0.12751677852348994
0.12757892120308229
0.12757892120308229
0.12757892120308229
0.12764106388267463
0.12764106388267463
0.12764106388267463
0.12764106388267463
0.1277653492418593
0.1277653492418593
0.12782749192145165
0.12782749192145165
0.12782749192145165
0.12782749192145165
0.12782749192145165
0.12782749192145165
0.12782749192145165
0.12782749192145165
0.12782749192145165
0.12782749192145165
0.12782749192145165
0.12782749192145165
0.127889634601044
0.127889634601044
0.127889634601044
0.127889634601044
0.127889634601044
0.127889634601044
0.127889634601044
0.127889634601044
0.127889634601044
0.12795177728063634
0.12795177728063634
0.12795177728063634
0.12795177728063634
0.12795177728063634
0.12795177728063634
0.12795177728063634
0.12795177728063634
0.12795177728063634
0.12813820531941336
0.12813820531941336
0.12813820531941336
0.12813820531941336
0.12813820531941336
0.12813820531941336
0.1282003479990057
0.1282003479990057
0.1282003479990057
0.1282003479990057
0.1282003479990057
0.12826249067859807
0.12826249067859807
0.12826249067859807
0.12826249067859807
0.12832463335819042
0.12832463335819042
0.12832463335819042
0.12832463335819042
0.12832463335819042
0.12832463335819042
0.12832463335819042
0.12832463335819042
0.12832463335819042
0.12838677603778276
0.12838677603778276
0.12838677603778276
