0.08476132190942473
0.10755813953488372
0.12262851897184822
0.13387392900856793
0.14244186046511628
0.14726132190942473
0.1516217870257038
0.15559975520195837
0.15919522643818848
0.16233170134638922
0.16485618115055078
0.16745716034271727
0.16944614443084455
0.17135862913096694
0.17273561811505508
0.1741891064871481
0.1757955936352509
0.17747858017135862
0.17854957160342716
0.1800795593635251
0.1814565483476132
0.18229804161566707
0.18291003671970624
0.1839045287637699
0.18512851897184823
0.18642900856793146
0.18772949816401469
0.18834149326805386
0.1892594859241126
0.18994798041615668
0.19063647490820074
0.19155446756425948
0.19277845777233782
0.1935434516523868
0.19415544675642596
0.1951499388004896
0.19629742962056304
0.1967564259485924
0.19767441860465115
0.19820991432068544
0.1988219094247246
0.1992044063647491
0.19973990208078335
0.20012239902080783
0.2008108935128519
0.20157588739290086
0.2026468788249694
0.2028763769889841
0.20310587515299877
0.20356487148102814
0.20379436964504283
0.204406364749082
0.2047123623011016
0.20517135862913097
0.20547735618115054
0.20563035495716034
0.20593635250917994
0.20616585067319462
0.2064718482252142
0.2067778457772338
0.20685434516523868
0.20708384332925336
0.20761933904528765
0.20792533659730722
0.2083078335373317
0.20876682986536108
0.20907282741738067
0.20914932680538556
0.20930232558139536
0.20960832313341493
0.20976132190942473
0.2102203182374541
0.2106028151774786
0.21083231334149327
0.21121481028151776
0.21144430844553244
0.2119798041615667
0.21236230110159118
0.21251529987760098
0.21289779681762547
0.21320379436964504
0.21350979192166464
0.21373929008567932
0.2138157894736842
0.2141217870257038
0.21427478580171358
0.21442778457772338
0.21450428396572827
0.21473378212974295
0.21496328029375766
0.21511627906976744
0.21542227662178703
0.21565177478580172
0.21580477356181152
0.21634026927784578
0.21634026927784578
0.21649326805385558
0.21672276621787026
0.21695226438188495
0.21718176254589963
0.21733476132190943
0.21748776009791923
0.21771725826193392
0.2178702570379437
0.21809975520195837
0.21848225214198286
0.21863525091799266
0.21863525091799266
0.21878824969400246
0.21901774785801714
0.2194767441860465
0.21978274173806608
0.22016523867809057
0.22016523867809057
0.22031823745410037
0.22077723378212974
0.22085373317013463
0.22108323133414934
0.2212362301101591
0.2214657282741738
0.2215422276621787
0.22169522643818848
0.22184822521419828
0.22200122399020808
0.22230722154222765
0.22230722154222765
0.22246022031823745
0.22246022031823745
0.22253671970624234
0.22261321909424725
0.22276621787025705
0.22307221542227662
0.2231487148102815
0.22322521419828642
0.223531211750306
0.223531211750306
0.2236842105263158
0.2238372093023256
0.22414320685434516
0.22421970624235005
0.22437270501835985
0.22452570379436965
0.22483170134638922
0.22490820073439413
0.22498470012239902
0.22498470012239902
0.2252141982864137
0.2252141982864137
0.22529069767441862
0.2253671970624235
0.2253671970624235
0.2254436964504284
0.22567319461444307
0.22605569155446756
0.22613219094247247
0.22628518971848224
0.22628518971848224
0.22659118727050184
0.22666768665850673
0.22682068543451653
0.2271266829865361
0.22735618115055078
0.22750917992656058
0.22750917992656058
0.22750917992656058
0.22750917992656058
0.22750917992656058
0.22781517747858018
0.22781517747858018
0.22796817625458995
0.22819767441860464
0.22819767441860464
0.22842717258261933
0.22842717258261933
0.22858017135862913
0.22873317013463892
0.22888616891064872
0.2289626682986536
0.2293451652386781
0.22942166462668298
0.22942166462668298
0.2294981640146879
0.2294981640146879
0.2294981640146879
0.22957466340269278
0.22965116279069767
0.22965116279069767
0.22972766217870258
0.22972766217870258
0.22980416156670747
0.22988066095471235
0.23003365973072215
0.23026315789473684
0.23041615667074664
0.23056915544675644
0.23064565483476132
0.2307221542227662
0.230875152998776
0.2310281517747858
0.2311046511627907
0.23133414932680538
0.23133414932680538
0.23148714810281518
0.23156364749082006
0.23179314565483475
0.23194614443084455
0.23202264381884946
0.23217564259485923
0.23232864137086903
0.23240514075887392
0.23240514075887392
0.23248164014687883
0.23255813953488372
0.23271113831089352
0.23271113831089352
0.2329406364749082
0.2329406364749082
0.2329406364749082
0.2330171358629131
0.233093635250918
0.233093635250918
0.2331701346389229
0.2331701346389229
0.2333231334149327
0.23339963280293757
0.23347613219094246
0.23347613219094246
0.23347613219094246
0.23355263157894737
0.23362913096695226
0.23370563035495717
0.23370563035495717
0.23385862913096694
0.23385862913096694
0.23393512851897186
0.23401162790697674
0.23408812729498163
0.23431762545899631
0.23439412484700123
0.23439412484700123
0.23454712362301103
0.2346236230110159
0.2348531211750306
0.2348531211750306
0.23492962056303549
0.2350061199510404
0.23508261933904528
0.23508261933904528
0.23515911872705017
0.23538861689106488
0.23546511627906977
0.23546511627906977
0.23554161566707466
0.23569461444308445
0.23577111383108934
0.23577111383108934
0.23592411260709914
0.23600061199510403
0.23615361077111383
0.23623011015911874
0.23623011015911874
0.23623011015911874
0.23645960832313342
0.23645960832313342
0.23645960832313342
0.2365361077111383
0.2366126070991432
0.2366126070991432
0.2366891064871481
0.2366891064871481
0.2366891064871481
0.2366891064871481
0.2366891064871481
0.2366891064871481
0.2366891064871481
0.2366891064871481
0.2366891064871481
0.2366891064871481
0.2366891064871481
0.236765605875153
0.236765605875153
0.2369186046511628
0.2369186046511628
0.2369186046511628
0.23699510403916768
0.23699510403916768
0.23699510403916768
0.2370716034271726
0.2370716034271726
0.23714810281517748
0.23722460220318237
0.23730110159118728
0.23730110159118728
0.23737760097919217
0.23737760097919217
0.23753059975520197
0.23753059975520197
0.23753059975520197
0.23776009791921665
0.23776009791921665
0.23776009791921665
0.23783659730722154
0.23783659730722154
0.23798959608323134
0.23806609547123622
0.23806609547123622
0.2382955936352509
0.23837209302325582
0.2384485924112607
0.2384485924112607
0.2384485924112607
0.2384485924112607
0.2384485924112607
0.2385250917992656
0.2385250917992656
0.2386015911872705
0.2386015911872705
0.2387545899632803
0.2387545899632803
0.2387545899632803
0.23890758873929008
0.23890758873929008
0.23890758873929008
0.238984088127295
0.238984088127295
0.238984088127295
0.23906058751529988
0.23913708690330476
0.23921358629130968
0.23929008567931456
0.23929008567931456
0.23929008567931456
0.23936658506731945
0.23936658506731945
0.23936658506731945
0.23944308445532436
0.23944308445532436
0.23951958384332925
0.23951958384332925
0.23959608323133416
0.23959608323133416
0.23967258261933905
0.23974908200734393
0.23982558139534885
0.23990208078335373
0.2403610771113831
0.2403610771113831
0.24043757649938802
0.24043757649938802
0.24043757649938802
0.24043757649938802
0.2405140758873929
0.2405140758873929
0.2405140758873929
0.2405140758873929
0.2405140758873929
0.2405905752753978
0.2405905752753978
0.2405905752753978
0.2406670746634027
0.2406670746634027
0.2406670746634027
0.2406670746634027
0.2408965728274174
0.2408965728274174
0.2408965728274174
0.24097307221542227
0.24097307221542227
0.24104957160342716
0.24104957160342716
0.24104957160342716
0.24120257037943696
0.24120257037943696
0.24127906976744187
0.24127906976744187
0.24127906976744187
0.24135556915544676
0.24150856793145656
0.24150856793145656
0.24158506731946144
0.24158506731946144
0.24158506731946144
0.24166156670746633
0.24166156670746633
0.24189106487148102
0.24204406364749081
0.24204406364749081
0.24204406364749081
0.24204406364749081
0.24219706242350061
0.24219706242350061
0.2422735618115055
0.2422735618115055
0.2422735618115055
0.2423500611995104
0.2423500611995104
0.2424265605875153
0.2424265605875153
0.2425795593635251
0.2425795593635251
0.2425795593635251
0.2425795593635251
0.24265605875152998
0.24265605875152998
0.24265605875152998
0.24265605875152998
0.24273255813953487
0.24273255813953487
0.24280905752753978
0.24280905752753978
0.24288555691554467
0.24296205630354958
0.24296205630354958
0.24311505507955936
0.24319155446756427
0.24319155446756427
0.24319155446756427
0.24319155446756427
0.24326805385556916
0.24326805385556916
0.24326805385556916
0.24334455324357404
0.24334455324357404
0.24334455324357404
0.24334455324357404
0.24342105263157895
0.24342105263157895
0.24357405140758873
0.24357405140758873
0.24372705018359853
0.24372705018359853
0.24372705018359853
0.24372705018359853
0.24372705018359853
0.24372705018359853
0.24380354957160344
0.24380354957160344
0.24380354957160344
0.24380354957160344
0.2439565483476132
0.24403304773561812
0.244109547123623
0.244109547123623
0.244109547123623
0.2441860465116279
0.2442625458996328
0.2443390452876377
0.2443390452876377
0.2443390452876377
0.24456854345165238
0.24456854345165238
0.2446450428396573
0.2446450428396573
0.2446450428396573
0.2446450428396573
0.24472154222766218
0.24479804161566707
0.24479804161566707
0.24479804161566707
0.24479804161566707
0.24487454100367198
0.24487454100367198
0.24487454100367198
0.24495104039167687
0.24502753977968175
0.24502753977968175
0.24502753977968175
0.24510403916768667
0.24525703794369644
0.24525703794369644
0.24533353733170135
0.24533353733170135
0.24533353733170135
0.24533353733170135
0.24541003671970624
0.24541003671970624
0.24541003671970624
0.24541003671970624
0.24548653610771115
0.24548653610771115
0.24548653610771115
0.24548653610771115
0.24548653610771115
0.24563953488372092
0.24563953488372092
0.24563953488372092
0.24563953488372092
0.24563953488372092
0.24563953488372092
0.24563953488372092
0.24563953488372092
0.24563953488372092
0.24563953488372092
0.24563953488372092
0.24563953488372092
0.24563953488372092
0.24563953488372092
0.24563953488372092
0.24563953488372092
0.24563953488372092
0.24563953488372092
0.24563953488372092
0.24563953488372092
0.24563953488372092
0.24571603427172584
0.24571603427172584
0.24571603427172584
0.24571603427172584
0.24579253365973072
0.2458690330477356
0.2458690330477356
0.2458690330477356
0.2458690330477356
0.24594553243574052
0.24594553243574052
0.24594553243574052
0.2460220318237454
0.2460220318237454
0.2460220318237454
0.2460220318237454
0.2460220318237454
0.2460220318237454
0.2460985312117503
0.2460985312117503
0.2462515299877601
0.2462515299877601
0.246328029375765
0.246328029375765
0.246328029375765
0.2464045287637699
0.2465575275397797
0.24671052631578946
0.24671052631578946
0.24678702570379438
0.24686352509179926
0.24694002447980415
0.24694002447980415
0.24694002447980415
0.24701652386780906
0.24701652386780906
0.24701652386780906
0.24709302325581395
0.24709302325581395
0.24716952264381886
0.24716952264381886
0.24724602203182375
0.24724602203182375
0.24724602203182375
0.24724602203182375
0.24724602203182375
0.24724602203182375
0.24739902080783355
0.24739902080783355
0.24739902080783355
0.24739902080783355
0.24747552019583843
0.24747552019583843
0.24747552019583843
0.24747552019583843
0.24755201958384332
0.24770501835985312
0.24770501835985312
0.24770501835985312
0.24770501835985312
0.24770501835985312
0.24770501835985312
0.24785801713586292
0.24785801713586292
0.24785801713586292
0.2479345165238678
0.2479345165238678
0.24801101591187272
0.24801101591187272
0.24801101591187272
0.24801101591187272
0.24801101591187272
0.24801101591187272
0.2482405140758874
0.2483170134638923
0.24839351285189717
0.2484700122399021
0.2484700122399021
0.2484700122399021
0.24862301101591186
0.24877600979192166
0.24877600979192166
0.24877600979192166
0.24877600979192166
0.24877600979192166
0.24877600979192166
0.24885250917992657
0.24885250917992657
0.24892900856793146
0.24900550795593634
0.24908200734394126
0.24915850673194614
0.24915850673194614
0.24915850673194614
0.24915850673194614
0.24923500611995103
0.24931150550795594
0.24931150550795594
0.24946450428396572
0.24946450428396572
0.24946450428396572
0.24946450428396572
0.24954100367197063
0.24969400244798043
0.24969400244798043
0.24977050183598531
0.24977050183598531
0.2498470012239902
0.2498470012239902
0.2498470012239902
0.2498470012239902
0.2498470012239902
0.2498470012239902
0.2498470012239902
0.24992350061199511
0.24992350061199511
0.24992350061199511
0.24992350061199511
0.25
0.25
0.25
0.25
0.25
0.25015299877600977
0.25015299877600977
0.25015299877600977
0.2502294981640147
0.2502294981640147
0.2502294981640147
0.25038249694002446
0.25038249694002446
0.25045899632802937
0.25045899632802937
0.25045899632802937
0.25045899632802937
0.25045899632802937
0.25045899632802937
0.2505354957160343
0.25061199510403914
0.25061199510403914
0.25061199510403914
0.25068849449204406
0.25068849449204406
0.25068849449204406
0.25076499388004897
0.25076499388004897
0.25084149326805383
0.25099449204406366
0.25099449204406366
0.25099449204406366
0.25107099143206857
0.25107099143206857
0.2511474908200734
0.2511474908200734
0.2511474908200734
0.2511474908200734
0.2511474908200734
0.2511474908200734
0.2511474908200734
0.2511474908200734
0.2511474908200734
0.2511474908200734
0.2511474908200734
0.2511474908200734
0.2511474908200734
0.2511474908200734
0.2511474908200734
0.25122399020807834
0.25130048959608325
0.2513769889840881
0.2513769889840881
0.2513769889840881
0.251453488372093
0.2516829865361077
0.2517594859241126
0.2517594859241126
0.2517594859241126
0.2517594859241126
0.2517594859241126
0.2517594859241126
0.2517594859241126
0.2517594859241126
0.2518359853121175
0.2518359853121175
0.2519889840881273
0.2519889840881273
0.2519889840881273
0.2519889840881273
0.2519889840881273
0.2519889840881273
0.2519889840881273
0.2519889840881273
0.2519889840881273
0.2519889840881273
0.25206548347613217
0.25206548347613217
0.25206548347613217
0.25206548347613217
0.25206548347613217
0.2521419828641371
0.252218482252142
0.252218482252142
0.252218482252142
0.252218482252142
0.252218482252142
0.25229498164014685
0.25229498164014685
0.25229498164014685
0.2524479804161567
0.2524479804161567
0.2524479804161567
0.25252447980416154
0.25252447980416154
0.25252447980416154
0.25252447980416154
0.25252447980416154
0.25260097919216645
0.25267747858017137
0.25283047735618114
0.25283047735618114
0.25283047735618114
0.25290697674418605
0.25290697674418605
0.25290697674418605
0.25290697674418605
0.25298347613219097
0.2530599755201958
0.2530599755201958
0.2530599755201958
0.2530599755201958
0.2530599755201958
0.2530599755201958
0.2530599755201958
0.2530599755201958
0.2530599755201958
0.2530599755201958
0.2530599755201958
0.2530599755201958
0.2530599755201958
0.2530599755201958
0.2530599755201958
0.2530599755201958
0.2530599755201958
0.2530599755201958
0.25313647490820074
0.25313647490820074
0.25321297429620565
0.2532894736842105
0.2532894736842105
0.2532894736842105
0.2533659730722154
0.2533659730722154
0.2533659730722154
0.2533659730722154
0.2533659730722154
0.2533659730722154
0.2533659730722154
0.2533659730722154
0.25344247246022034
0.25344247246022034
0.25344247246022034
0.25344247246022034
0.2535189718482252
0.2535189718482252
0.2535189718482252
0.2535189718482252
0.2535189718482252
0.2535954712362301
0.2535954712362301
0.2535954712362301
0.2535954712362301
0.2535954712362301
0.2535954712362301
0.253671970624235
0.253671970624235
0.253671970624235
0.253671970624235
0.253671970624235
0.253671970624235
0.2537484700122399
0.2538249694002448
0.2538249694002448
0.2538249694002448
0.2538249694002448
0.2538249694002448
0.2538249694002448
0.2538249694002448
0.2538249694002448
0.2538249694002448
0.2539014687882497
0.2539014687882497
0.2539014687882497
0.2539014687882497
0.2539014687882497
0.25397796817625456
0.25397796817625456
0.2541309669522644
0.2541309669522644
0.2541309669522644
0.2541309669522644
0.2541309669522644
0.2541309669522644
0.2541309669522644
0.2541309669522644
0.2541309669522644
0.2541309669522644
0.25420746634026925
0.25420746634026925
0.25420746634026925
0.25428396572827416
0.25428396572827416
0.25428396572827416
0.25428396572827416
0.25428396572827416
0.25428396572827416
0.25428396572827416
0.254436964504284
0.254436964504284
0.254436964504284
0.254436964504284
0.254436964504284
0.254436964504284
0.254436964504284
0.25451346389228885
0.25451346389228885
0.25458996328029376
0.25458996328029376
0.25458996328029376
0.2546664626682987
0.2546664626682987
0.2546664626682987
0.2546664626682987
0.25474296205630353
0.25489596083231336
0.25489596083231336
0.25489596083231336
0.2549724602203182
0.25504895960832313
0.25504895960832313
0.25512545899632805
0.25512545899632805
0.25512545899632805
0.25512545899632805
0.25512545899632805
0.2552784577723378
0.2552784577723378
0.25535495716034273
0.2554314565483476
0.2554314565483476
0.2554314565483476
0.2554314565483476
0.2554314565483476
0.2554314565483476
0.2554314565483476
0.2554314565483476
0.2554314565483476
0.2554314565483476
0.2554314565483476
0.2555079559363525
0.2555079559363525
0.2555079559363525
0.2555079559363525
0.2555079559363525
0.2555079559363525
0.2555079559363525
0.2555844553243574
0.2555844553243574
0.2555844553243574
0.2555844553243574
0.2555844553243574
0.2555844553243574
0.2555844553243574
0.2555844553243574
0.2555844553243574
0.2555844553243574
0.2555844553243574
0.2555844553243574
0.2556609547123623
0.2556609547123623
0.2556609547123623
0.2556609547123623
0.2556609547123623
0.2556609547123623
0.2556609547123623
0.2556609547123623
0.2557374541003672
0.2557374541003672
0.2557374541003672
0.2558139534883721
0.2558139534883721
0.2558139534883721
0.2558139534883721
0.2558139534883721
0.25589045287637696
0.25589045287637696
0.2559669522643819
0.2559669522643819
0.2559669522643819
0.2559669522643819
0.2559669522643819
0.2559669522643819
0.2559669522643819
0.2560434516523868
0.2561199510403917
0.2561199510403917
0.25619645042839656
0.25619645042839656
0.25619645042839656
0.25619645042839656
0.25619645042839656
0.25619645042839656
0.25619645042839656
0.25619645042839656
0.25619645042839656
0.2562729498164015
0.2562729498164015
0.2562729498164015
0.2562729498164015
0.2563494492044064
0.2563494492044064
0.2563494492044064
0.25642594859241125
0.25642594859241125
0.25642594859241125
0.25642594859241125
0.25650244798041616
0.2565789473684211
0.2565789473684211
0.2565789473684211
0.25673194614443084
0.25680844553243576
0.25680844553243576
0.25680844553243576
0.2568849449204406
0.2568849449204406
0.2568849449204406
0.25696144430844553
0.25696144430844553
0.25696144430844553
0.25696144430844553
0.25696144430844553
0.25703794369645044
0.25703794369645044
0.25703794369645044
0.25703794369645044
0.2571144430844553
0.2571144430844553
0.2571144430844553
0.2571144430844553
0.2571144430844553
0.2571144430844553
0.2571909424724602
0.2571909424724602
0.2571909424724602
0.25726744186046513
0.25734394124847
0.25734394124847
0.25734394124847
0.25734394124847
0.25734394124847
0.25734394124847
0.25734394124847
0.25734394124847
0.2574204406364749
0.2574204406364749
0.2574204406364749
0.2574204406364749
0.2574204406364749
0.2574204406364749
0.2574204406364749
0.2574204406364749
0.2574204406364749
0.2575734394124847
0.2576499388004896
0.2576499388004896
0.2576499388004896
0.2576499388004896
0.2576499388004896
0.2576499388004896
0.2576499388004896
0.2577264381884945
0.2577264381884945
0.2578029375764994
0.25787943696450427
0.2579559363525092
0.2579559363525092
0.2579559363525092
0.2579559363525092
0.2580324357405141
0.2580324357405141
0.2582619339045288
0.25833843329253364
0.25841493268053856
0.25841493268053856
0.25841493268053856
0.25841493268053856
