0.08636780905752754
0.10954712362301101
0.12400550795593636
0.1343329253365973
0.14144736842105263
0.14710832313341493
0.15093329253365972
0.15590575275397797
0.15965422276621788
0.16202570379436965
0.164703182374541
0.16738066095471235
0.16952264381884946
0.17135862913096694
0.17334761321909425
0.17487760097919217
0.17701958384332925
0.1780140758873929
0.17908506731946144
0.18053855569155447
0.18268053855569155
0.18428702570379438
0.1855875152998776
0.18627600979192166
0.1873470012239902
0.18864749082007343
0.1895654834761322
0.19025397796817625
0.1914779681762546
0.19231946144430845
0.19308445532435742
0.19415544675642596
0.19484394124847002
0.19560893512851898
0.19645042839657284
0.1972919216646267
0.19790391676866584
0.1988984088127295
0.19912790697674418
0.20012239902080783
0.2008873929008568
0.2011168910648715
0.20172888616891066
0.20203488372093023
0.20234088127294983
0.20257037943696451
0.20302937576499389
0.20356487148102814
0.20402386780905754
0.204406364749082
0.20463586291309668
0.20540085679314565
0.20601285189718482
0.2063188494492044
0.20716034271725825
0.20716034271725825
0.20731334149326805
0.20769583843329253
0.2084608323133415
0.20876682986536108
0.20945532435740513
0.20960832313341493
0.20991432068543453
0.210296817625459
0.21083231334149327
0.21090881272949816
0.21106181150550796
0.21144430844553244
0.21152080783353733
0.211750305997552
0.2119798041615667
0.21236230110159118
0.21259179926560587
0.21305079559363524
0.21312729498164015
0.21328029375764995
0.2136627906976744
0.2138922888616891
0.2141217870257038
0.2141982864137087
0.21458078335373318
0.21465728274173806
0.21503977968176255
0.21549877600979192
0.21565177478580172
0.2157282741738066
0.2160342717258262
0.21649326805385558
0.21687576499388006
0.21725826193390452
0.217640758873929
0.2179467564259486
0.2181762545899633
0.21848225214198286
0.21871175030599754
0.21886474908200734
0.21917074663402691
0.21924724602203183
0.2194767441860465
0.2195532435740514
0.21993574051407588
0.22016523867809057
0.22024173806609548
0.22031823745410037
0.22054773561811505
0.22085373317013463
0.22115973072215422
0.2212362301101591
0.2213892288861689
0.2214657282741738
0.2216187270501836
0.22169522643818848
0.2219247246022032
0.22223072215422277
0.22230722154222765
0.22253671970624234
0.22284271725826194
0.2231487148102815
0.2233017135862913
0.223531211750306
0.22376070991432068
0.22391370869033048
0.22399020807833536
0.22406670746634028
0.22406670746634028
0.22414320685434516
0.22429620563035496
0.22452570379436965
0.22467870257037945
0.22490820073439413
0.22529069767441862
0.22529069767441862
0.2253671970624235
0.2253671970624235
0.2254436964504284
0.2255201958384333
0.2255966952264382
0.22567319461444307
0.22597919216646267
0.22605569155446756
0.22605569155446756
0.22605569155446756
0.22613219094247247
0.22620869033047736
0.22636168910648716
0.22666768665850673
0.22682068543451653
0.22682068543451653
0.22682068543451653
0.22697368421052633
0.2271266829865361
0.227203182374541
0.2274326805385557
0.22773867809057527
0.22773867809057527
0.22781517747858018
0.22804467564259487
0.22827417380660955
0.22827417380660955
0.22835067319461444
0.22835067319461444
0.22873317013463892
0.22873317013463892
0.2288096695226438
0.22888616891064872
0.22888616891064872
0.22888616891064872
0.2289626682986536
0.22926866585067318
0.2293451652386781
0.22942166462668298
0.22957466340269278
0.22957466340269278
0.22965116279069767
0.22972766217870258
0.22980416156670747
0.22988066095471235
0.22988066095471235
0.22995716034271727
0.23018665850673195
0.23049265605875152
0.23064565483476132
0.2307221542227662
0.2307221542227662
0.230875152998776
0.2310281517747858
0.2311811505507956
0.2312576499388005
0.2312576499388005
0.2312576499388005
0.2314106487148103
0.23148714810281518
0.23148714810281518
0.23171664626682986
0.23194614443084455
0.23209914320685435
0.23225214198286415
0.23240514075887392
0.23240514075887392
0.23248164014687883
0.23255813953488372
0.23255813953488372
0.23271113831089352
0.2327876376988984
0.2327876376988984
0.23286413708690332
0.2330171358629131
0.2330171358629131
0.2330171358629131
0.233093635250918
0.2331701346389229
0.23324663402692777
0.23339963280293757
0.23355263157894737
0.23385862913096694
0.23393512851897186
0.23408812729498163
0.23416462668298654
0.23447062423500611
0.23447062423500611
0.2347001223990208
0.2347001223990208
0.2347001223990208
0.2347766217870257
0.2347766217870257
0.23492962056303549
0.23515911872705017
0.23523561811505508
0.23531211750305997
0.23546511627906977
0.23561811505507957
0.23569461444308445
0.23584761321909425
0.23592411260709914
0.23592411260709914
0.23592411260709914
0.23615361077111383
0.2363831089351285
0.2365361077111383
0.2365361077111383
0.2366126070991432
0.2366891064871481
0.2369186046511628
0.23699510403916768
0.23699510403916768
0.23699510403916768
0.2370716034271726
0.23722460220318237
0.23730110159118728
0.23737760097919217
0.23745410036719705
0.23745410036719705
0.23753059975520197
0.23760709914320685
0.23768359853121174
0.23768359853121174
0.23783659730722154
0.23783659730722154
0.23783659730722154
0.23783659730722154
0.23791309669522645
0.23806609547123622
0.23806609547123622
0.23814259485924114
0.23814259485924114
0.23814259485924114
0.23814259485924114
0.2382955936352509
0.2382955936352509
0.23837209302325582
0.2384485924112607
0.2387545899632803
0.2387545899632803
0.2387545899632803
0.2387545899632803
0.238984088127295
0.238984088127295
0.23906058751529988
0.23906058751529988
0.23906058751529988
0.23921358629130968
0.23929008567931456
0.23944308445532436
0.23951958384332925
0.23967258261933905
0.23974908200734393
0.23974908200734393
0.23990208078335373
0.23990208078335373
0.24005507955936353
0.24005507955936353
0.24013157894736842
0.24028457772337822
0.24028457772337822
0.2403610771113831
0.2403610771113831
0.24043757649938802
0.2405140758873929
0.2405905752753978
0.24082007343941247
0.24082007343941247
0.2408965728274174
0.24097307221542227
0.24112607099143207
0.24127906976744187
0.24135556915544676
0.24143206854345164
0.24143206854345164
0.24143206854345164
0.24150856793145656
0.24150856793145656
0.24158506731946144
0.24158506731946144
0.24158506731946144
0.24166156670746633
0.24166156670746633
0.24173806609547124
0.24173806609547124
0.24181456548347613
0.24196756425948593
0.24196756425948593
0.24204406364749081
0.24212056303549573
0.24212056303549573
0.24212056303549573
0.24212056303549573
0.24219706242350061
0.24219706242350061
0.2423500611995104
0.2423500611995104
0.2424265605875153
0.24250305997552019
0.24250305997552019
0.24250305997552019
0.24250305997552019
0.24250305997552019
0.24250305997552019
0.2425795593635251
0.24273255813953487
0.24273255813953487
0.24273255813953487
0.24280905752753978
0.24288555691554467
0.24288555691554467
0.24288555691554467
0.24296205630354958
0.24296205630354958
0.24296205630354958
0.24303855569155447
0.24326805385556916
0.24326805385556916
0.24334455324357404
0.24334455324357404
0.24342105263157895
0.24349755201958384
0.24357405140758873
0.24357405140758873
0.24372705018359853
0.24372705018359853
0.24372705018359853
0.24388004895960833
0.24403304773561812
0.244109547123623
0.244109547123623
0.244109547123623
0.244109547123623
0.2442625458996328
0.2442625458996328
0.2442625458996328
0.2443390452876377
0.2443390452876377
0.2443390452876377
0.24441554467564258
0.24441554467564258
0.24441554467564258
0.2444920440636475
0.24456854345165238
0.2446450428396573
0.24479804161566707
0.24479804161566707
0.24479804161566707
0.24479804161566707
0.24479804161566707
0.24487454100367198
0.24487454100367198
0.24487454100367198
0.24487454100367198
0.24487454100367198
0.24487454100367198
0.24495104039167687
0.24518053855569155
0.24518053855569155
0.24533353733170135
0.24556303549571604
0.24556303549571604
0.24556303549571604
0.24563953488372092
0.24571603427172584
0.24579253365973072
0.24579253365973072
0.24579253365973072
0.2458690330477356
0.24594553243574052
0.24594553243574052
0.2460220318237454
0.2460220318237454
0.2460220318237454
0.2460220318237454
0.2460985312117503
0.2461750305997552
0.2461750305997552
0.2461750305997552
0.2462515299877601
0.246328029375765
0.2464045287637699
0.24648102815177478
0.2465575275397797
0.24663402692778458
0.24663402692778458
0.24663402692778458
0.24663402692778458
0.24663402692778458
0.24663402692778458
0.24678702570379438
0.24678702570379438
0.24678702570379438
0.24686352509179926
0.24694002447980415
0.24694002447980415
0.24724602203182375
0.24724602203182375
0.24724602203182375
0.24724602203182375
0.24732252141982863
0.24732252141982863
0.24732252141982863
0.24747552019583843
0.24747552019583843
0.24747552019583843
0.24747552019583843
0.24747552019583843
0.24762851897184823
0.24762851897184823
0.24762851897184823
0.247781517747858
0.2479345165238678
0.24801101591187272
0.24801101591187272
0.2480875152998776
0.2480875152998776
0.2480875152998776
0.2480875152998776
0.2480875152998776
0.2480875152998776
0.2480875152998776
0.2481640146878825
0.2481640146878825
0.2481640146878825
0.2481640146878825
0.2481640146878825
0.2482405140758874
0.2482405140758874
0.2482405140758874
0.2482405140758874
0.2483170134638923
0.24839351285189717
0.24839351285189717
0.2484700122399021
0.2484700122399021
0.2484700122399021
0.24854651162790697
0.24854651162790697
0.24862301101591186
0.24862301101591186
0.24862301101591186
0.24869951040391677
0.24877600979192166
0.24877600979192166
0.24892900856793146
0.24892900856793146
0.24892900856793146
0.24900550795593634
0.24900550795593634
0.24908200734394126
0.24908200734394126
0.24908200734394126
0.24915850673194614
0.24915850673194614
0.24923500611995103
0.24931150550795594
0.24931150550795594
0.24931150550795594
0.24931150550795594
0.24931150550795594
0.24946450428396572
0.24946450428396572
0.24946450428396572
0.24954100367197063
0.24954100367197063
0.24954100367197063
0.24954100367197063
0.24969400244798043
0.2498470012239902
0.2498470012239902
0.2498470012239902
0.2498470012239902
0.24992350061199511
0.24992350061199511
0.24992350061199511
0.24992350061199511
0.25
0.25
0.25
0.2500764993880049
0.25015299877600977
0.2502294981640147
0.2503059975520196
0.2503059975520196
0.25038249694002446
0.25038249694002446
0.25038249694002446
0.25038249694002446
0.25038249694002446
0.25038249694002446
0.25038249694002446
0.25045899632802937
0.25061199510403914
0.25061199510403914
0.25061199510403914
0.25061199510403914
0.25068849449204406
0.25068849449204406
0.25068849449204406
0.25068849449204406
0.25068849449204406
0.25076499388004897
0.25076499388004897
0.25076499388004897
0.25076499388004897
0.25076499388004897
0.25084149326805383
0.25084149326805383
0.25091799265605874
0.25099449204406366
0.25099449204406366
0.25099449204406366
0.25099449204406366
0.25099449204406366
0.25107099143206857
0.25107099143206857
0.25107099143206857
0.2511474908200734
0.2511474908200734
0.2511474908200734
0.2511474908200734
0.2511474908200734
0.2511474908200734
0.25122399020807834
0.25130048959608325
0.25130048959608325
0.2513769889840881
0.25152998776009794
0.25152998776009794
0.25152998776009794
0.2516064871481028
0.2516064871481028
0.2516829865361077
0.2516829865361077
0.2517594859241126
0.2517594859241126
0.2518359853121175
0.2519124847001224
0.2519124847001224
0.2519124847001224
0.2519124847001224
0.2519124847001224
0.2519124847001224
0.2519124847001224
0.2519124847001224
0.2519124847001224
0.2519124847001224
0.2519124847001224
0.2519889840881273
0.2519889840881273
0.2519889840881273
0.25206548347613217
0.25206548347613217
0.25206548347613217
0.25206548347613217
0.252218482252142
0.252218482252142
0.252218482252142
0.25229498164014685
0.25237148102815177
0.25237148102815177
0.2524479804161567
0.2524479804161567
0.2524479804161567
0.25252447980416154
0.25260097919216645
0.25260097919216645
0.25267747858017137
0.25267747858017137
0.2527539779681763
0.2527539779681763
0.2527539779681763
0.2527539779681763
0.2527539779681763
0.2527539779681763
0.2527539779681763
0.25290697674418605
0.25298347613219097
0.25298347613219097
0.25298347613219097
0.25298347613219097
0.25298347613219097
0.25298347613219097
0.25298347613219097
0.25298347613219097
0.25298347613219097
0.25298347613219097
0.25298347613219097
0.25313647490820074
0.25313647490820074
0.25321297429620565
0.25321297429620565
0.25321297429620565
0.2532894736842105
0.2532894736842105
0.2532894736842105
0.2532894736842105
0.2532894736842105
0.2532894736842105
0.2532894736842105
0.2532894736842105
0.2533659730722154
0.2535189718482252
0.2535189718482252
0.2535954712362301
0.2535954712362301
0.2535954712362301
0.2535954712362301
0.2535954712362301
0.253671970624235
0.2537484700122399
0.2538249694002448
0.2539014687882497
0.2539014687882497
0.2539014687882497
0.2539014687882497
0.2539014687882497
0.2539014687882497
0.2539014687882497
0.25397796817625456
0.2541309669522644
0.2541309669522644
0.2541309669522644
0.25420746634026925
0.25420746634026925
0.25428396572827416
0.25428396572827416
0.25428396572827416
0.25428396572827416
0.25428396572827416
0.2543604651162791
0.254436964504284
0.254436964504284
0.254436964504284
0.254436964504284
0.254436964504284
0.254436964504284
0.254436964504284
0.25451346389228885
0.25451346389228885
0.25451346389228885
0.25451346389228885
0.25451346389228885
0.25451346389228885
0.25451346389228885
0.25451346389228885
0.25451346389228885
0.25451346389228885
0.25451346389228885
0.25451346389228885
0.25451346389228885
0.25458996328029376
0.25458996328029376
0.25458996328029376
0.25458996328029376
0.25458996328029376
0.2546664626682987
0.2546664626682987
0.2546664626682987
0.2546664626682987
0.2546664626682987
0.2546664626682987
0.25474296205630353
0.25474296205630353
0.25481946144430845
0.25481946144430845
0.25481946144430845
0.25481946144430845
0.25481946144430845
0.25489596083231336
0.25489596083231336
0.25489596083231336
0.2549724602203182
0.2549724602203182
0.2549724602203182
0.2549724602203182
0.2549724602203182
0.2549724602203182
0.25512545899632805
0.2552019583843329
0.25535495716034273
0.2554314565483476
0.2554314565483476
0.2554314565483476
0.2554314565483476
0.2554314565483476
0.2554314565483476
0.2554314565483476
0.2554314565483476
0.2554314565483476
0.2555844553243574
0.2555844553243574
0.2555844553243574
0.2555844553243574
0.2555844553243574
0.2555844553243574
0.2555844553243574
0.2555844553243574
0.2555844553243574
0.2556609547123623
0.2557374541003672
0.2557374541003672
0.2558139534883721
0.2558139534883721
0.2558139534883721
0.25589045287637696
0.25589045287637696
0.2559669522643819
0.2559669522643819
0.2559669522643819
0.2559669522643819
0.2559669522643819
0.2559669522643819
0.2559669522643819
0.2559669522643819
0.2560434516523868
0.2560434516523868
0.2560434516523868
0.2560434516523868
0.2561199510403917
0.25619645042839656
0.2562729498164015
0.2562729498164015
0.2562729498164015
0.2562729498164015
0.2563494492044064
0.2563494492044064
0.2563494492044064
0.2563494492044064
0.2563494492044064
0.2563494492044064
0.2563494492044064
0.2563494492044064
0.2563494492044064
0.2563494492044064
0.2563494492044064
0.2563494492044064
0.2563494492044064
0.25642594859241125
0.25642594859241125
0.2565789473684211
0.2565789473684211
0.2565789473684211
0.2565789473684211
0.2565789473684211
0.2565789473684211
0.2565789473684211
0.2565789473684211
0.2565789473684211
0.2565789473684211
0.2565789473684211
0.2565789473684211
0.2565789473684211
0.2565789473684211
0.2565789473684211
0.2565789473684211
0.2565789473684211
0.2565789473684211
0.2565789473684211
0.2565789473684211
0.2565789473684211
0.2565789473684211
0.2565789473684211
0.2565789473684211
0.2565789473684211
0.2565789473684211
0.2565789473684211
0.2565789473684211
0.25665544675642593
0.25665544675642593
0.25665544675642593
0.25665544675642593
0.25665544675642593
0.25673194614443084
0.25673194614443084
0.25673194614443084
0.25680844553243576
0.25680844553243576
0.2568849449204406
0.2568849449204406
0.2568849449204406
0.2568849449204406
0.2568849449204406
0.2568849449204406
0.2568849449204406
0.2568849449204406
0.2568849449204406
0.2568849449204406
0.25696144430844553
0.25696144430844553
0.25696144430844553
0.25703794369645044
0.25703794369645044
0.25703794369645044
0.2571909424724602
0.25726744186046513
0.25726744186046513
0.25734394124847
0.2574204406364749
0.2574204406364749
0.2574204406364749
0.2574204406364749
0.2574204406364749
0.2574204406364749
0.2574204406364749
0.2574969400244798
0.2574969400244798
0.2574969400244798
0.2575734394124847
0.2575734394124847
0.2575734394124847
0.2575734394124847
0.2575734394124847
0.2576499388004896
0.2577264381884945
0.2578029375764994
0.2578029375764994
0.2578029375764994
0.2578029375764994
0.2578029375764994
0.2578029375764994
0.25787943696450427
0.25787943696450427
0.25787943696450427
0.2579559363525092
0.2579559363525092
0.2579559363525092
0.2579559363525092
0.2579559363525092
0.2579559363525092
0.2579559363525092
0.25810893512851896
0.25810893512851896
0.25810893512851896
0.25810893512851896
0.25818543451652387
0.2582619339045288
0.25833843329253364
0.25833843329253364
0.25833843329253364
0.25833843329253364
0.25833843329253364
0.25833843329253364
0.25841493268053856
0.25841493268053856
0.25841493268053856
0.25841493268053856
0.25841493268053856
0.25841493268053856
0.25841493268053856
0.25841493268053856
0.25841493268053856
0.25841493268053856
0.25841493268053856
0.25841493268053856
0.25849143206854347
0.25849143206854347
0.25864443084455324
0.25864443084455324
0.25864443084455324
0.25864443084455324
0.25864443084455324
0.25864443084455324
0.25864443084455324
0.25864443084455324
0.25872093023255816
0.25872093023255816
0.25872093023255816
0.25872093023255816
0.25872093023255816
0.25872093023255816
0.258797429620563
0.258797429620563
0.258797429620563
0.258797429620563
0.258797429620563
0.258797429620563
0.258797429620563
0.258797429620563
0.258797429620563
0.258797429620563
0.2588739290085679
0.2588739290085679
0.2588739290085679
0.2588739290085679
0.2588739290085679
0.2588739290085679
0.2588739290085679
0.2588739290085679
0.2588739290085679
0.2588739290085679
0.2588739290085679
0.2588739290085679
0.25895042839657284
0.25895042839657284
0.25895042839657284
0.25895042839657284
0.25895042839657284
0.25895042839657284
0.25895042839657284
0.25895042839657284
0.25895042839657284
0.25895042839657284
0.25895042839657284
0.25895042839657284
0.25895042839657284
0.25895042839657284
0.25895042839657284
0.2590269277845777
0.2590269277845777
0.2591034271725826
0.2591034271725826
0.2591034271725826
0.2591034271725826
0.2591034271725826
0.2591034271725826
0.2591034271725826
0.2591034271725826
0.2591799265605875
0.2591799265605875
0.2592564259485924
0.2594094247246022
0.2594094247246022
0.2594094247246022
0.2594094247246022
0.2594094247246022
0.2594094247246022
0.2594094247246022
0.2594859241126071
0.2594859241126071
0.259562423500612
0.259562423500612
0.259562423500612
0.259562423500612
0.259562423500612
0.259562423500612
0.2596389228886169
0.2596389228886169
0.2596389228886169
0.2596389228886169
0.2596389228886169
0.2596389228886169
0.2597154222766218
0.2597154222766218
0.2597154222766218
0.2597154222766218
0.2597154222766218
0.2597154222766218
0.2597154222766218
0.2597154222766218
0.2598684210526316
0.2598684210526316
0.2598684210526316
0.2598684210526316
0.2598684210526316
0.2598684210526316
0.2598684210526316
0.2598684210526316
0.2598684210526316
0.2598684210526316
0.2598684210526316
0.2599449204406365
0.2599449204406365
0.2599449204406365
0.26002141982864135
0.26002141982864135
