0.07864137086903304
0.09975520195838433
0.1136015911872705
0.12339351285189719
0.13134944920440636
0.136015911872705
0.13968788249694003
0.14282435740514077
0.14573133414932682
0.14833231334149327
0.15070379436964504
0.15269277845777235
0.15445226438188495
0.15628824969400246
0.1587362301101591
0.16072521419828642
0.16194920440636476
0.16370869033047736
0.164703182374541
0.1663096695226438
0.16745716034271727
0.168375152998776
0.16921664626682986
0.17036413708690332
0.17112913096695226
0.17197062423500611
0.17281211750305997
0.17334761321909425
0.1744186046511628
0.17541309669522645
0.1760250917992656
0.17656058751529988
0.17717258261933905
0.1780140758873929
0.1782435740514076
0.17893206854345164
0.17939106487148102
0.1799265605875153
0.18030905752753978
0.18069155446756427
0.18092105263157895
0.1814565483476132
0.1818390452876377
0.18245104039167687
0.18283353733170135
0.1835220318237454
0.1839045287637699
0.18421052631578946
0.18466952264381886
0.18505201958384332
0.18551101591187272
0.18612301101591186
0.18627600979192166
0.18673500611995103
0.18719400244798043
0.18742350061199511
0.18803549571603428
0.18834149326805386
0.18880048959608323
0.1891829865361077
0.189718482252142
0.19002447980416157
0.19025397796817625
0.19086597307221542
0.1910954712362301
0.1914014687882497
0.19155446756425948
0.19186046511627908
0.19208996328029376
0.19239596083231333
0.19262545899632802
0.19270195838433293
0.19277845777233782
0.1933139534883721
0.19361995104039167
0.19400244798041616
0.19446144430844553
0.19453794369645042
0.19476744186046513
0.1950734394124847
0.1952264381884945
0.19545593635250919
0.19568543451652387
0.19599143206854344
0.19614443084455324
0.19637392900856793
0.19637392900856793
0.19645042839657284
0.1968329253365973
0.1971389228886169
0.19744492044063647
0.19798041615667075
0.19828641370869032
0.19843941248470012
0.19859241126070992
0.1989749082007344
0.19912790697674418
0.1992044063647491
0.19943390452876378
0.19966340269277846
0.19966340269277846
0.19996940024479803
0.20019889840881272
0.20035189718482252
0.2005813953488372
0.2008873929008568
0.2008873929008568
0.20104039167686658
0.2011168910648715
0.20119339045287638
0.20119339045287638
0.20126988984088126
0.20134638922888617
0.20149938800489597
0.20165238678090575
0.20180538555691555
0.20203488372093023
0.20241738066095472
0.20257037943696451
0.2026468788249694
0.2027233782129743
0.2027998776009792
0.2028763769889841
0.20295287637698897
0.20302937576499389
0.20318237454100369
0.20333537331701346
0.20333537331701346
0.20364137086903306
0.20379436964504283
0.20394736842105263
0.2041768665850673
0.20425336597307223
0.2044828641370869
0.20463586291309668
0.20478886168910648
0.2048653610771114
0.2048653610771114
0.20509485924112608
0.20524785801713585
0.20532435740514077
0.20540085679314565
0.20540085679314565
0.20570685434516525
0.20578335373317014
0.20593635250917994
0.20593635250917994
0.2060893512851897
0.20616585067319462
0.2062423500611995
0.2063188494492044
0.2064718482252142
0.206624847001224
0.206624847001224
0.20670134638922888
0.2067778457772338
0.20685434516523868
0.20693084455324356
0.20708384332925336
0.20723684210526316
0.20731334149326805
0.20738984088127296
0.20754283965728273
0.20784883720930233
0.20792533659730722
0.2081548347613219
0.2083078335373317
0.2083078335373317
0.2083843329253366
0.2083843329253366
0.2084608323133415
0.2084608323133415
0.2085373317013464
0.20861383108935128
0.20884332925336596
0.20884332925336596
0.20899632802937576
0.20899632802937576
0.20914932680538556
0.20914932680538556
0.20914932680538556
0.20914932680538556
0.20922582619339045
0.20930232558139536
0.20937882496940025
0.20937882496940025
0.20945532435740513
0.20945532435740513
0.20953182374541005
0.20960832313341493
0.20976132190942473
0.20983782129742962
0.20991432068543453
0.20991432068543453
0.21014381884944922
0.2102203182374541
0.210296817625459
0.210296817625459
0.2103733170134639
0.2104498164014688
0.2106028151774786
0.21075581395348839
0.21083231334149327
0.21090881272949816
0.21113831089351284
0.21129130966952264
0.21152080783353733
0.211750305997552
0.211750305997552
0.2119033047735618
0.2120563035495716
0.2121328029375765
0.2121328029375765
0.2121328029375765
0.21220930232558138
0.21220930232558138
0.2122858017135863
0.2124388004895961
0.21251529987760098
0.21251529987760098
0.21266829865361078
0.21266829865361078
0.21282129742962055
0.21289779681762547
0.21289779681762547
0.21305079559363524
0.21312729498164015
0.21312729498164015
0.21312729498164015
0.21312729498164015
0.21312729498164015
0.21312729498164015
0.21312729498164015
0.21320379436964504
0.21335679314565484
0.21335679314565484
0.21343329253365972
0.21358629130966952
0.21373929008567932
0.2138922888616891
0.2138922888616891
0.2138922888616891
0.213968788249694
0.213968788249694
0.213968788249694
0.2140452876376989
0.2143512851897185
0.21442778457772338
0.21450428396572827
0.21458078335373318
0.21465728274173806
0.21465728274173806
0.21465728274173806
0.21473378212974295
0.21488678090575275
0.21496328029375766
0.21496328029375766
0.21496328029375766
0.21519277845777235
0.21526927784577723
0.21526927784577723
0.21534577723378212
0.21534577723378212
0.21534577723378212
0.21534577723378212
0.21534577723378212
0.21549877600979192
0.21549877600979192
0.21549877600979192
0.21549877600979192
0.21549877600979192
0.21580477356181152
0.2159577723378213
0.2160342717258262
0.2160342717258262
0.2161107711138311
0.2161107711138311
0.21618727050183598
0.21634026927784578
0.21634026927784578
0.21641676866585066
0.21656976744186046
0.21664626682986537
0.21672276621787026
0.21679926560587515
0.21687576499388006
0.21687576499388006
0.21695226438188495
0.21702876376988983
0.21710526315789475
0.21710526315789475
0.21710526315789475
0.21710526315789475
0.21710526315789475
0.21718176254589963
0.21718176254589963
0.21733476132190943
0.21741126070991432
0.21748776009791923
0.21748776009791923
0.21756425948592412
0.21771725826193392
0.2177937576499388
0.2178702570379437
0.2179467564259486
0.2179467564259486
0.2180232558139535
0.21809975520195837
0.21825275397796817
0.21825275397796817
0.21825275397796817
0.21825275397796817
0.21825275397796817
0.21825275397796817
0.21832925336597309
0.21832925336597309
0.21832925336597309
0.21832925336597309
0.21840575275397797
0.21848225214198286
0.21848225214198286
0.21863525091799266
0.21863525091799266
0.21871175030599754
0.21871175030599754
0.21894124847001223
0.21909424724602203
0.21909424724602203
0.21917074663402691
0.21917074663402691
0.21924724602203183
0.21924724602203183
0.2193237454100367
0.2193237454100367
0.21940024479804163
0.2194767441860465
0.2195532435740514
0.2196297429620563
0.2196297429620563
0.21978274173806608
0.21978274173806608
0.219859241126071
0.219859241126071
0.22001223990208077
0.22008873929008568
0.22008873929008568
0.22008873929008568
0.22008873929008568
0.22016523867809057
0.22016523867809057
0.22016523867809057
0.22031823745410037
0.22039473684210525
0.22047123623011017
0.22054773561811505
0.22062423500611994
0.22062423500611994
0.22070073439412485
0.22070073439412485
0.22077723378212974
0.22077723378212974
0.22085373317013463
0.22100673194614442
0.22100673194614442
0.22100673194614442
0.22108323133414934
0.2212362301101591
0.22131272949816402
0.22131272949816402
0.22131272949816402
0.22131272949816402
0.2213892288861689
0.2213892288861689
0.2213892288861689
0.2215422276621787
0.2216187270501836
0.22169522643818848
0.22169522643818848
0.22169522643818848
0.22169522643818848
0.22169522643818848
0.22169522643818848
0.22169522643818848
0.22169522643818848
0.22169522643818848
0.22169522643818848
0.22169522643818848
0.22169522643818848
0.22169522643818848
0.22169522643818848
0.22169522643818848
0.22169522643818848
0.22169522643818848
0.22169522643818848
0.2217717258261934
0.22184822521419828
0.22184822521419828
0.22184822521419828
0.22184822521419828
0.22184822521419828
0.2219247246022032
0.2219247246022032
0.2219247246022032
0.22200122399020808
0.22207772337821297
0.22207772337821297
0.22207772337821297
0.22207772337821297
0.22207772337821297
0.22207772337821297
0.22215422276621788
0.22215422276621788
0.22215422276621788
0.22215422276621788
0.22215422276621788
0.22223072215422277
0.22230722154222765
0.22230722154222765
0.22230722154222765
0.22238372093023256
0.22246022031823745
0.22253671970624234
0.22253671970624234
0.22253671970624234
0.22253671970624234
0.22261321909424725
0.22261321909424725
0.22261321909424725
0.22261321909424725
0.22261321909424725
0.22268971848225214
0.22276621787025705
0.22276621787025705
0.22291921664626682
0.22291921664626682
0.22299571603427173
0.22299571603427173
0.22299571603427173
0.22299571603427173
0.22299571603427173
0.22299571603427173
0.22299571603427173
0.22307221542227662
0.22307221542227662
0.2231487148102815
0.2231487148102815
0.22322521419828642
0.2233017135862913
0.2233017135862913
0.2234547123623011
0.2234547123623011
0.2234547123623011
0.2234547123623011
0.2234547123623011
0.223531211750306
0.223531211750306
0.223531211750306
0.223531211750306
0.223531211750306
0.223531211750306
0.223531211750306
0.2236077111383109
0.2236077111383109
0.2236077111383109
0.2236842105263158
0.2238372093023256
0.22391370869033048
0.22391370869033048
0.22391370869033048
0.22391370869033048
0.22391370869033048
0.22406670746634028
0.22406670746634028
0.22414320685434516
0.22414320685434516
0.22414320685434516
0.22414320685434516
0.22414320685434516
0.22414320685434516
0.22414320685434516
0.22414320685434516
0.22414320685434516
0.22421970624235005
0.22421970624235005
0.22421970624235005
0.22421970624235005
0.22421970624235005
0.22421970624235005
0.22421970624235005
0.22421970624235005
0.22421970624235005
0.22421970624235005
0.22421970624235005
0.22421970624235005
0.22421970624235005
0.22421970624235005
0.22421970624235005
0.22421970624235005
0.22429620563035496
0.22429620563035496
0.22429620563035496
0.22429620563035496
0.22429620563035496
0.22437270501835985
0.22437270501835985
0.22437270501835985
0.22437270501835985
0.22444920440636476
0.22452570379436965
0.22460220318237453
0.22460220318237453
0.22467870257037945
0.22467870257037945
0.22467870257037945
0.22475520195838433
0.22475520195838433
0.22475520195838433
0.22475520195838433
0.22475520195838433
0.22475520195838433
0.22483170134638922
0.22483170134638922
0.22483170134638922
0.22483170134638922
0.22483170134638922
0.22483170134638922
0.22483170134638922
0.22483170134638922
0.22498470012239902
0.22498470012239902
0.2250611995104039
0.2250611995104039
0.2250611995104039
0.2252141982864137
0.2252141982864137
0.22529069767441862
0.22529069767441862
0.22529069767441862
0.22529069767441862
0.22529069767441862
0.22529069767441862
0.22529069767441862
0.22529069767441862
0.2253671970624235
0.2254436964504284
0.2254436964504284
0.2254436964504284
0.2254436964504284
0.2254436964504284
0.2254436964504284
0.2254436964504284
0.2254436964504284
0.2255201958384333
0.2255201958384333
0.2255201958384333
0.2255201958384333
0.2255201958384333
0.2255201958384333
0.2255201958384333
0.2255966952264382
0.22567319461444307
0.225749694002448
0.225749694002448
0.225749694002448
0.225749694002448
0.225749694002448
0.22582619339045287
0.22590269277845776
0.22590269277845776
0.22590269277845776
0.22590269277845776
0.22590269277845776
0.22590269277845776
0.22590269277845776
0.22590269277845776
0.22590269277845776
0.22590269277845776
0.22597919216646267
0.22597919216646267
0.22605569155446756
0.22605569155446756
0.22605569155446756
0.22613219094247247
0.22613219094247247
0.22636168910648716
0.22643818849449204
0.22643818849449204
0.22643818849449204
0.22643818849449204
0.22643818849449204
0.22643818849449204
0.22643818849449204
0.22643818849449204
0.22651468788249693
0.22659118727050184
0.22659118727050184
0.22659118727050184
0.22659118727050184
0.22659118727050184
0.22659118727050184
0.22666768665850673
0.22666768665850673
0.22666768665850673
0.22682068543451653
0.22682068543451653
0.22682068543451653
0.22682068543451653
0.22682068543451653
0.2268971848225214
0.2268971848225214
0.2270501835985312
0.2270501835985312
0.2271266829865361
0.227203182374541
0.2272796817625459
0.2272796817625459
0.2272796817625459
0.2272796817625459
0.2272796817625459
0.2272796817625459
0.2272796817625459
0.2272796817625459
0.2272796817625459
0.2272796817625459
0.2272796817625459
0.2272796817625459
0.22735618115055078
0.22735618115055078
0.2274326805385557
0.22758567931456547
0.22758567931456547
0.22758567931456547
0.22766217870257038
0.22766217870257038
0.22766217870257038
0.22766217870257038
0.22766217870257038
0.22766217870257038
0.22781517747858018
0.22781517747858018
0.22789167686658507
0.22789167686658507
0.22789167686658507
0.22789167686658507
0.22789167686658507
0.22789167686658507
0.22789167686658507
0.22789167686658507
0.22796817625458995
0.22804467564259487
0.22804467564259487
0.22812117503059975
0.22812117503059975
0.22812117503059975
0.22819767441860464
0.22819767441860464
0.22827417380660955
0.22827417380660955
0.22842717258261933
0.22842717258261933
0.22842717258261933
0.22850367197062424
0.22850367197062424
0.22858017135862913
0.22865667074663404
0.22865667074663404
0.22873317013463892
0.22873317013463892
0.2288096695226438
0.2288096695226438
0.22888616891064872
0.22888616891064872
0.22888616891064872
0.22888616891064872
0.22888616891064872
0.22888616891064872
0.22888616891064872
0.22888616891064872
0.2289626682986536
0.2289626682986536
0.2290391676866585
0.2290391676866585
0.2290391676866585
0.2290391676866585
0.2290391676866585
0.2290391676866585
0.2290391676866585
0.2291156670746634
0.2291156670746634
0.2291156670746634
0.2291156670746634
0.2291156670746634
0.2291156670746634
0.2291156670746634
0.2291156670746634
0.2291156670746634
0.2291156670746634
0.2291156670746634
0.2291156670746634
0.2291156670746634
0.2291156670746634
0.2291921664626683
0.2291921664626683
0.2291921664626683
0.2291921664626683
0.22926866585067318
0.2293451652386781
0.2293451652386781
0.2293451652386781
0.2293451652386781
0.2293451652386781
0.2293451652386781
0.22942166462668298
0.22942166462668298
0.2294981640146879
0.2294981640146879
0.2294981640146879
0.2294981640146879
0.2294981640146879
0.2294981640146879
0.2294981640146879
0.2294981640146879
0.2294981640146879
0.2294981640146879
0.2294981640146879
0.2294981640146879
0.2294981640146879
0.2294981640146879
0.22957466340269278
0.22965116279069767
0.22965116279069767
0.22972766217870258
0.22980416156670747
0.22980416156670747
0.22980416156670747
0.22980416156670747
0.22980416156670747
0.22980416156670747
0.22980416156670747
0.22980416156670747
0.22988066095471235
0.22988066095471235
0.22988066095471235
0.22988066095471235
0.22988066095471235
0.22995716034271727
0.22995716034271727
0.23003365973072215
0.23003365973072215
0.23011015911872704
0.23018665850673195
0.23018665850673195
0.23018665850673195
0.23026315789473684
0.23033965728274175
0.23033965728274175
0.23033965728274175
0.23033965728274175
0.23041615667074664
0.23049265605875152
0.23049265605875152
0.23049265605875152
0.23056915544675644
0.23056915544675644
0.23056915544675644
0.23056915544675644
0.23056915544675644
0.23064565483476132
0.2307221542227662
0.23079865361077112
0.23079865361077112
0.230875152998776
0.2309516523867809
0.2309516523867809
0.2309516523867809
0.2309516523867809
0.2309516523867809
0.2309516523867809
0.2309516523867809
0.2309516523867809
0.2310281517747858
0.2310281517747858
0.2310281517747858
0.2310281517747858
0.2310281517747858
0.2310281517747858
0.2310281517747858
0.2310281517747858
0.2310281517747858
0.2310281517747858
0.2310281517747858
0.2311046511627907
0.2311046511627907
0.2311046511627907
0.2311046511627907
0.2311046511627907
0.2311046511627907
0.2311046511627907
0.2311046511627907
0.2311046511627907
0.2311046511627907
0.2311811505507956
0.2311811505507956
0.2311811505507956
0.2311811505507956
0.2311811505507956
0.2311811505507956
0.2312576499388005
0.2312576499388005
0.2312576499388005
0.23133414932680538
0.23133414932680538
0.23133414932680538
0.2314106487148103
0.2314106487148103
0.2314106487148103
0.2314106487148103
0.2314106487148103
0.23148714810281518
0.23148714810281518
0.23148714810281518
0.23148714810281518
0.23148714810281518
0.23148714810281518
0.23148714810281518
0.23148714810281518
0.23156364749082006
0.23156364749082006
0.23156364749082006
0.23156364749082006
0.23156364749082006
0.23156364749082006
0.23164014687882498
0.23164014687882498
0.23164014687882498
0.23164014687882498
0.23164014687882498
0.23164014687882498
0.23164014687882498
0.23164014687882498
0.23164014687882498
0.23164014687882498
0.23164014687882498
0.23164014687882498
0.23164014687882498
0.23164014687882498
0.23164014687882498
0.23164014687882498
0.23164014687882498
0.23164014687882498
0.23164014687882498
0.23171664626682986
0.23171664626682986
0.23171664626682986
0.23171664626682986
0.23171664626682986
0.23171664626682986
0.23171664626682986
0.23171664626682986
0.23171664626682986
0.23171664626682986
0.23171664626682986
0.23171664626682986
0.23171664626682986
0.23179314565483475
0.23179314565483475
0.23179314565483475
0.23179314565483475
0.23179314565483475
0.23179314565483475
0.23179314565483475
0.23179314565483475
0.23186964504283966
0.23186964504283966
0.23186964504283966
0.23194614443084455
0.23194614443084455
0.23194614443084455
0.23194614443084455
0.23194614443084455
0.23194614443084455
0.23202264381884946
0.23202264381884946
0.23202264381884946
0.23209914320685435
0.23209914320685435
0.23217564259485923
0.23225214198286415
0.23232864137086903
0.23240514075887392
0.23240514075887392
0.23240514075887392
0.23240514075887392
0.23240514075887392
0.23240514075887392
0.23240514075887392
0.23240514075887392
0.23240514075887392
0.23240514075887392
0.23248164014687883
0.23255813953488372
0.23255813953488372
0.2326346389228886
0.23271113831089352
0.23271113831089352
0.23271113831089352
0.23271113831089352
0.2327876376988984
0.2327876376988984
0.2327876376988984
0.23286413708690332
0.2329406364749082
0.2329406364749082
0.2329406364749082
0.2329406364749082
0.2330171358629131
0.2330171358629131
0.2330171358629131
0.2330171358629131
0.2330171358629131
0.2330171358629131
0.2330171358629131
0.2330171358629131
0.2330171358629131
0.2330171358629131
0.2330171358629131
0.2330171358629131
0.2330171358629131
0.233093635250918
0.2331701346389229
0.2331701346389229
0.2331701346389229
0.2331701346389229
0.2331701346389229
0.2331701346389229
0.2331701346389229
0.2331701346389229
0.23324663402692777
0.23324663402692777
0.23324663402692777
0.23324663402692777
0.23324663402692777
0.23324663402692777
0.23324663402692777
0.23324663402692777
0.23324663402692777
0.2333231334149327
0.2333231334149327
0.2333231334149327
0.2333231334149327
0.2333231334149327
0.2333231334149327
0.23339963280293757
0.23339963280293757
0.23339963280293757
0.23339963280293757
0.23339963280293757
0.23339963280293757
0.23339963280293757
0.23339963280293757
0.23339963280293757
0.23339963280293757
0.23339963280293757
0.23339963280293757
0.23339963280293757
0.23339963280293757
0.23339963280293757
0.23339963280293757
0.23339963280293757
0.23339963280293757
0.23339963280293757
0.23339963280293757
0.23339963280293757
0.23347613219094246
0.23347613219094246
0.23347613219094246
0.23347613219094246
0.23347613219094246
0.23347613219094246
0.23355263157894737
0.23355263157894737
0.23355263157894737
0.23355263157894737
0.23355263157894737
0.23355263157894737
0.23355263157894737
0.23355263157894737
0.23355263157894737
0.23355263157894737
0.23355263157894737
0.23355263157894737
0.23355263157894737
0.23355263157894737
0.23355263157894737
0.23355263157894737
0.23355263157894737
0.23355263157894737
0.23355263157894737
0.23355263157894737
0.23355263157894737
