0.04957160342717258
0.06861995104039167
0.08231334149326805
0.09325275397796817
0.09899020807833538
0.10526315789473684
0.10901162790697674
0.11314259485924112
0.11696756425948593
0.12041003671970624
0.12331701346389229
0.12645348837209303
0.12775397796817625
0.13027845777233782
0.13211444308445533
0.13326193390452876
0.13456242350061198
0.13609241126070992
0.13762239902080783
0.13892288861689106
0.1403763769889841
0.14121787025703794
0.14251835985312117
0.14343635250917994
0.1440483476132191
0.14519583843329253
0.1459608323133415
0.14695532435740513
0.14802631578947367
0.14902080783353733
0.14970930232558138
0.15047429620563035
0.15093329253365972
0.15177478580171358
0.15223378212974295
0.15292227662178703
0.15330477356181152
0.15391676866585066
0.15414626682986537
0.15452876376988983
0.1553702570379437
0.15582925336597309
0.15628824969400246
0.15659424724602203
0.157359241126071
0.15789473684210525
0.15812423500611994
0.15865973072215422
0.1587362301101591
0.15919522643818848
0.1592717258261934
0.1594247246022032
0.15980722154222765
0.16018971848225214
0.16057221542227662
0.1608017135862913
0.1609547123623011
0.1613372093023256
0.16187270501835985
0.16217870257037945
0.16263769889840882
0.1630201958384333
0.16363219094247247
0.16393818849449204
0.16416768665850673
0.1646266829865361
0.16485618115055078
0.16531517747858018
0.16562117503059975
0.16592717258261933
0.1663096695226438
0.1668451652386781
0.16722766217870258
0.16753365973072215
0.16776315789473684
0.1682221542227662
0.1686811505507956
0.16906364749082006
0.16906364749082006
0.16906364749082006
0.16914014687882498
0.16959914320685435
0.16967564259485923
0.16998164014687883
0.1704406364749082
0.1705171358629131
0.17074663402692777
0.17105263157894737
0.17120563035495717
0.17128212974296206
0.17143512851897186
0.17166462668298654
0.17197062423500611
0.1721236230110159
0.1722001223990208
0.1723531211750306
0.17288861689106488
0.17304161566707466
0.17334761321909425
0.17334761321909425
0.17342411260709914
0.17357711138310894
0.17395960832313342
0.1741126070991432
0.17449510403916768
0.1745716034271726
0.17480110159118728
0.17487760097919217
0.17487760097919217
0.17487760097919217
0.17495410036719705
0.17503059975520197
0.17518359853121174
0.17526009791921665
0.17548959608323134
0.17556609547123622
0.17556609547123622
0.17556609547123622
0.17587209302325582
0.1760250917992656
0.1760250917992656
0.176484088127295
0.17656058751529988
0.17656058751529988
0.17663708690330476
0.17671358629130968
0.17679008567931456
0.17701958384332925
0.17709608323133416
0.17740208078335373
0.17755507955936353
0.17763157894736842
0.17778457772337822
0.17778457772337822
0.17793757649938802
0.1780140758873929
0.1780140758873929
0.1780905752753978
0.1781670746634027
0.17832007343941247
0.1783965728274174
0.17854957160342716
0.17862607099143207
0.17862607099143207
0.17877906976744187
0.17893206854345164
0.17893206854345164
0.17900856793145656
0.17923806609547124
0.17939106487148102
0.17969706242350061
0.18000305997552019
0.18015605875152998
0.18023255813953487
0.18038555691554467
0.18038555691554467
0.18046205630354958
0.18046205630354958
0.18069155446756427
0.18084455324357404
0.18084455324357404
0.18092105263157895
0.18099755201958384
0.18130354957160344
0.18130354957160344
0.18130354957160344
0.18138004895960833
0.18153304773561812
0.18153304773561812
0.1816860465116279
0.1818390452876377
0.18191554467564258
0.18222154222766218
0.18229804161566707
0.18229804161566707
0.18237454100367198
0.18245104039167687
0.18245104039167687
0.18245104039167687
0.18252753977968175
0.18252753977968175
0.18252753977968175
0.18260403916768667
0.18268053855569155
0.18283353733170135
0.18291003671970624
0.18298653610771115
0.18298653610771115
0.18306303549571604
0.18306303549571604
0.18306303549571604
0.18313953488372092
0.18313953488372092
0.18313953488372092
0.1833690330477356
0.1833690330477356
0.1835985312117503
0.1837515299877601
0.1839045287637699
0.1839045287637699
0.1839045287637699
0.18398102815177478
0.1840575275397797
0.18413402692778458
0.18428702570379438
0.18436352509179926
0.18451652386780906
0.18451652386780906
0.18459302325581395
0.18459302325581395
0.18459302325581395
0.18459302325581395
0.18466952264381886
0.18474602203182375
0.18474602203182375
0.18482252141982863
0.18482252141982863
0.18497552019583843
0.18497552019583843
0.18505201958384332
0.18505201958384332
0.18520501835985312
0.18520501835985312
0.18535801713586292
0.1854345165238678
0.18551101591187272
0.18551101591187272
0.1855875152998776
0.1855875152998776
0.1857405140758874
0.18589351285189717
0.1859700122399021
0.18619951040391677
0.18619951040391677
0.18627600979192166
0.18635250917992657
0.18635250917992657
0.18642900856793146
0.18650550795593634
0.18658200734394126
0.18665850673194614
0.18673500611995103
0.18688800489596083
0.18696450428396572
0.18696450428396572
0.18704100367197063
0.18719400244798043
0.18727050183598531
0.18727050183598531
0.18727050183598531
0.1873470012239902
0.18742350061199511
0.18757649938800489
0.1876529987760098
0.1876529987760098
0.18772949816401469
0.18788249694002448
0.18795899632802937
0.18795899632802937
0.18811199510403917
0.18811199510403917
0.18811199510403917
0.18818849449204406
0.18818849449204406
0.18818849449204406
0.18826499388004897
0.18826499388004897
0.18841799265605874
0.18841799265605874
0.18857099143206854
0.18857099143206854
0.18857099143206854
0.18880048959608323
0.18880048959608323
0.18887698898408814
0.18895348837209303
0.1890299877600979
0.1890299877600979
0.1891829865361077
0.1892594859241126
0.1892594859241126
0.1893359853121175
0.1894124847001224
0.1894124847001224
0.1894124847001224
0.1894124847001224
0.1895654834761322
0.189718482252142
0.189718482252142
0.18987148102815177
0.18987148102815177
0.18987148102815177
0.19002447980416157
0.19010097919216645
0.19010097919216645
0.19010097919216645
0.19017747858017137
0.19025397796817625
0.19025397796817625
0.19025397796817625
0.19025397796817625
0.19033047735618114
0.19048347613219094
0.19063647490820074
0.19071297429620562
0.19071297429620562
0.19071297429620562
0.19078947368421054
0.19078947368421054
0.19086597307221542
0.1909424724602203
0.19101897184822522
0.19101897184822522
0.191171970624235
0.1914014687882497
0.1914014687882497
0.1914779681762546
0.19155446756425948
0.19155446756425948
0.19155446756425948
0.19155446756425948
0.1916309669522644
0.1916309669522644
0.1916309669522644
0.19178396572827416
0.19178396572827416
0.19186046511627908
0.19201346389228885
0.19208996328029376
0.19208996328029376
0.19208996328029376
0.19208996328029376
0.19208996328029376
0.19208996328029376
0.19224296205630356
0.19224296205630356
0.19224296205630356
0.19239596083231333
0.19239596083231333
0.19247246022031825
0.19254895960832313
0.19262545899632802
0.19262545899632802
0.19262545899632802
0.19262545899632802
0.19262545899632802
0.19270195838433293
0.19277845777233782
0.19277845777233782
0.19277845777233782
0.1928549571603427
0.1928549571603427
0.1931609547123623
0.193390452876377
0.19346695226438188
0.19346695226438188
0.1935434516523868
0.1935434516523868
0.19369645042839656
0.19369645042839656
0.19377294981640147
0.19377294981640147
0.19377294981640147
0.19377294981640147
0.19377294981640147
0.19377294981640147
0.19384944920440636
0.19400244798041616
0.19407894736842105
0.19407894736842105
0.19407894736842105
0.19415544675642596
0.19423194614443084
0.19430844553243573
0.19446144430844553
0.19453794369645042
0.19461444308445533
0.19461444308445533
0.19461444308445533
0.19469094247246022
0.19469094247246022
0.19469094247246022
0.19469094247246022
0.19469094247246022
0.19469094247246022
0.19469094247246022
0.19476744186046513
0.19484394124847002
0.19484394124847002
0.1949204406364749
0.1949204406364749
0.1949204406364749
0.1949204406364749
0.19499694002447981
0.1950734394124847
0.1950734394124847
0.1950734394124847
0.1951499388004896
0.1951499388004896
0.19530293757649939
0.19537943696450427
0.19537943696450427
0.19537943696450427
0.19537943696450427
0.19545593635250919
0.19545593635250919
0.19545593635250919
0.19545593635250919
0.19560893512851898
0.19560893512851898
0.19560893512851898
0.19560893512851898
0.19560893512851898
0.19568543451652387
0.19568543451652387
0.19568543451652387
0.19576193390452876
0.19576193390452876
0.19576193390452876
0.19583843329253367
0.19591493268053856
0.19591493268053856
0.19591493268053856
0.19591493268053856
0.19591493268053856
0.19599143206854344
0.19606793145654836
0.19606793145654836
0.19614443084455324
0.19614443084455324
0.19622093023255813
0.19622093023255813
0.19622093023255813
0.19629742962056304
0.19637392900856793
0.19637392900856793
0.19637392900856793
0.19645042839657284
0.19645042839657284
0.19645042839657284
0.19652692778457773
0.19652692778457773
0.19652692778457773
0.19652692778457773
0.1966034271725826
0.19667992656058753
0.1967564259485924
0.1967564259485924
0.1969094247246022
0.1969859241126071
0.19706242350061198
0.1971389228886169
0.1971389228886169
0.1971389228886169
0.1971389228886169
0.19721542227662178
0.19721542227662178
0.1972919216646267
0.19736842105263158
0.19736842105263158
0.19744492044063647
0.19744492044063647
0.19744492044063647
0.19752141982864138
0.19752141982864138
0.19752141982864138
0.19752141982864138
0.19752141982864138
0.19752141982864138
0.19759791921664627
0.19759791921664627
0.19767441860465115
0.19767441860465115
0.19767441860465115
0.19767441860465115
0.19767441860465115
0.19790391676866584
0.19790391676866584
0.19790391676866584
0.19790391676866584
0.19790391676866584
0.19790391676866584
0.19798041615667075
0.19805691554467564
0.19805691554467564
0.19805691554467564
0.19805691554467564
0.19805691554467564
0.19805691554467564
0.19805691554467564
0.19813341493268055
0.19813341493268055
0.19813341493268055
0.19813341493268055
0.19813341493268055
0.19813341493268055
0.19813341493268055
0.19813341493268055
0.19820991432068544
0.19836291309669524
0.19836291309669524
0.19836291309669524
0.19836291309669524
0.19836291309669524
0.198515911872705
0.198515911872705
0.198515911872705
0.198515911872705
0.19859241126070992
0.1986689106487148
0.1986689106487148
0.1986689106487148
0.1986689106487148
0.1986689106487148
0.1987454100367197
0.1987454100367197
0.1987454100367197
0.1987454100367197
0.1987454100367197
0.1987454100367197
0.1987454100367197
0.1987454100367197
0.1987454100367197
0.1988219094247246
0.1989749082007344
0.1989749082007344
0.1989749082007344
0.1989749082007344
0.1989749082007344
0.1989749082007344
0.1990514075887393
0.1990514075887393
0.1990514075887393
0.1990514075887393
0.1990514075887393
0.1990514075887393
0.1990514075887393
0.1990514075887393
0.1990514075887393
0.1990514075887393
0.1990514075887393
0.19912790697674418
0.19912790697674418
0.19912790697674418
0.19912790697674418
0.19912790697674418
0.1992044063647491
0.1992044063647491
0.1992044063647491
0.1992044063647491
0.19935740514075886
0.19943390452876378
0.19943390452876378
0.19943390452876378
0.19943390452876378
0.19943390452876378
0.19951040391676866
0.19958690330477355
0.19958690330477355
0.19958690330477355
0.19958690330477355
0.19958690330477355
0.19958690330477355
0.19966340269277846
0.19966340269277846
0.19973990208078335
0.19973990208078335
0.19973990208078335
0.19973990208078335
0.19981640146878826
0.19981640146878826
0.19981640146878826
0.19981640146878826
0.19989290085679315
0.19989290085679315
0.19989290085679315
0.19989290085679315
0.19989290085679315
0.19996940024479803
0.20004589963280295
0.20004589963280295
0.20004589963280295
0.20004589963280295
0.20004589963280295
0.20004589963280295
0.20004589963280295
0.20004589963280295
0.20004589963280295
0.20004589963280295
0.20012239902080783
0.20012239902080783
0.20012239902080783
0.20012239902080783
0.20012239902080783
0.20019889840881272
0.20027539779681763
0.20035189718482252
0.20035189718482252
0.2004283965728274
0.2004283965728274
0.2004283965728274
0.2004283965728274
0.2004283965728274
0.20050489596083232
0.20050489596083232
0.20050489596083232
0.20050489596083232
0.20050489596083232
0.20050489596083232
0.2005813953488372
0.20065789473684212
0.20065789473684212
0.20065789473684212
0.20065789473684212
0.20065789473684212
0.200734394124847
0.200734394124847
0.2008108935128519
0.2008108935128519
0.2008108935128519
0.2008108935128519
0.2009638922888617
0.2009638922888617
0.2009638922888617
0.2009638922888617
0.2009638922888617
0.2009638922888617
0.2009638922888617
0.2009638922888617
0.20104039167686658
0.20104039167686658
0.20104039167686658
0.2011168910648715
0.2011168910648715
0.2011168910648715
0.2011168910648715
0.2011168910648715
0.2011168910648715
0.2011168910648715
0.2011168910648715
0.2011168910648715
0.2011168910648715
0.2011168910648715
0.2011168910648715
0.2011168910648715
0.2011168910648715
0.2011168910648715
0.2011168910648715
0.2011168910648715
0.2011168910648715
0.2011168910648715
0.20119339045287638
0.20119339045287638
0.20119339045287638
0.20119339045287638
0.20119339045287638
0.20119339045287638
0.20126988984088126
0.20126988984088126
0.20126988984088126
0.20134638922888617
0.20134638922888617
0.20134638922888617
0.20134638922888617
0.20134638922888617
0.20149938800489597
0.20149938800489597
0.20157588739290086
0.20165238678090575
0.20165238678090575
0.20165238678090575
0.20165238678090575
0.20172888616891066
0.20172888616891066
0.20172888616891066
0.20172888616891066
0.20188188494492043
0.20188188494492043
0.20188188494492043
0.20188188494492043
0.20188188494492043
0.20188188494492043
0.20195838433292534
0.20203488372093023
0.20203488372093023
0.20203488372093023
0.20203488372093023
0.20203488372093023
0.20203488372093023
0.20203488372093023
0.20203488372093023
0.20211138310893512
0.20218788249694003
0.20218788249694003
0.20226438188494492
0.20226438188494492
0.20226438188494492
0.20226438188494492
0.20226438188494492
0.20226438188494492
0.20226438188494492
0.20226438188494492
0.20226438188494492
0.20226438188494492
0.20226438188494492
0.20226438188494492
0.20226438188494492
0.20226438188494492
0.20226438188494492
0.20241738066095472
0.20241738066095472
0.20241738066095472
0.2024938800489596
0.2024938800489596
0.2024938800489596
0.2024938800489596
0.2024938800489596
0.20257037943696451
0.2026468788249694
0.2026468788249694
0.2026468788249694
0.2026468788249694
0.2026468788249694
0.2026468788249694
0.2027233782129743
0.2027233782129743
0.2027233782129743
0.2027233782129743
0.2027233782129743
0.2027998776009792
0.2027998776009792
0.2027998776009792
0.2027998776009792
0.2027998776009792
0.2027998776009792
0.2027998776009792
0.2027998776009792
0.2027998776009792
0.2027998776009792
0.2027998776009792
0.20295287637698897
0.20295287637698897
0.20302937576499389
0.20302937576499389
0.20302937576499389
0.20302937576499389
0.20302937576499389
0.20325887392900857
0.20333537331701346
0.20333537331701346
0.20333537331701346
0.20333537331701346
0.20333537331701346
0.20333537331701346
0.20333537331701346
0.20333537331701346
0.20333537331701346
0.20333537331701346
0.20333537331701346
0.20333537331701346
0.20333537331701346
0.20333537331701346
0.20341187270501837
0.20341187270501837
0.20341187270501837
0.20341187270501837
0.20341187270501837
0.20341187270501837
0.20348837209302326
0.20348837209302326
0.20348837209302326
0.20348837209302326
0.20364137086903306
0.20364137086903306
0.20364137086903306
0.20364137086903306
0.20364137086903306
0.20371787025703794
0.20371787025703794
0.20379436964504283
0.20379436964504283
0.20379436964504283
0.20379436964504283
0.20379436964504283
0.20387086903304774
0.20387086903304774
0.20402386780905754
0.20402386780905754
0.20402386780905754
0.20402386780905754
0.20410036719706243
0.20410036719706243
0.20410036719706243
0.20410036719706243
0.20410036719706243
0.20410036719706243
0.20410036719706243
0.20410036719706243
0.20410036719706243
0.20410036719706243
0.2041768665850673
0.2041768665850673
0.2041768665850673
0.2041768665850673
0.2041768665850673
0.2041768665850673
0.2041768665850673
0.2041768665850673
0.20425336597307223
0.20425336597307223
0.20425336597307223
0.20425336597307223
0.20425336597307223
0.20425336597307223
0.20425336597307223
0.2043298653610771
0.2043298653610771
0.204406364749082
0.204406364749082
0.204406364749082
0.204406364749082
0.204406364749082
0.204406364749082
0.204406364749082
0.204406364749082
0.204406364749082
0.204406364749082
0.204406364749082
0.2044828641370869
0.2044828641370869
0.2044828641370869
0.2044828641370869
0.2045593635250918
0.2045593635250918
0.2045593635250918
0.20463586291309668
0.20463586291309668
0.20463586291309668
0.20463586291309668
0.20463586291309668
0.20478886168910648
0.20478886168910648
0.20478886168910648
0.20478886168910648
0.20478886168910648
0.20478886168910648
0.20478886168910648
0.20478886168910648
0.20478886168910648
0.20478886168910648
0.20478886168910648
0.20478886168910648
0.2048653610771114
0.2048653610771114
0.2048653610771114
0.2048653610771114
0.2048653610771114
0.2048653610771114
0.20494186046511628
0.20494186046511628
0.20494186046511628
0.20494186046511628
0.20494186046511628
0.20494186046511628
0.20494186046511628
0.20494186046511628
0.20494186046511628
0.20494186046511628
0.20494186046511628
0.20494186046511628
0.20494186046511628
0.20501835985312117
0.20501835985312117
0.20501835985312117
0.20501835985312117
0.20501835985312117
0.20501835985312117
0.20501835985312117
0.20501835985312117
0.20501835985312117
0.20501835985312117
0.20501835985312117
0.20501835985312117
0.20501835985312117
0.20509485924112608
0.20509485924112608
0.20509485924112608
0.20524785801713585
0.20532435740514077
0.20532435740514077
0.20532435740514077
0.20532435740514077
0.20540085679314565
0.20540085679314565
0.20540085679314565
0.20540085679314565
0.20540085679314565
0.20540085679314565
0.20540085679314565
0.20540085679314565
0.20540085679314565
0.20540085679314565
0.20540085679314565
0.20540085679314565
0.20540085679314565
0.20540085679314565
0.20540085679314565
0.20540085679314565
0.20540085679314565
0.20540085679314565
0.20540085679314565
0.20540085679314565
0.20540085679314565
0.20540085679314565
0.20540085679314565
0.20540085679314565
0.20540085679314565
0.20547735618115054
0.20555385556915545
0.20563035495716034
0.20563035495716034
0.20570685434516525
0.20570685434516525
0.20570685434516525
0.20570685434516525
0.20570685434516525
0.20578335373317014
0.20585985312117502
0.20585985312117502
0.20585985312117502
0.20585985312117502
0.20585985312117502
0.20585985312117502
0.20593635250917994
0.20593635250917994
0.20593635250917994
0.20593635250917994
0.20593635250917994
0.20593635250917994
0.20593635250917994
0.20601285189718482
0.20601285189718482
0.2060893512851897
0.2060893512851897
0.2060893512851897
0.2060893512851897
0.2060893512851897
0.2060893512851897
0.2060893512851897
0.2060893512851897
0.2060893512851897
0.20616585067319462
0.20616585067319462
0.20616585067319462
0.20616585067319462
0.20616585067319462
0.2062423500611995
0.2063953488372093
0.2064718482252142
0.2065483476132191
0.2065483476132191
0.2065483476132191
0.2065483476132191
0.2065483476132191
0.2065483476132191
0.2065483476132191
0.2065483476132191
0.20670134638922888
0.20670134638922888
0.20670134638922888
0.20670134638922888
0.20670134638922888
0.20670134638922888
0.20670134638922888
0.20670134638922888
0.20670134638922888
0.20670134638922888
0.20670134638922888
0.20670134638922888
0.20670134638922888
0.20670134638922888
0.20670134638922888
0.20670134638922888
0.20670134638922888
0.20670134638922888
0.20670134638922888
0.20670134638922888
0.20670134638922888
0.20670134638922888
0.20670134638922888
0.20670134638922888
0.20670134638922888
0.20670134638922888
0.20670134638922888
0.2067778457772338
0.2067778457772338
0.2067778457772338
0.2067778457772338
0.2067778457772338
0.2067778457772338
