0.07770914359795622
0.09951956074124914
0.11294135590635247
0.1227789216807748
0.1295660794631282
0.13551437504766262
0.14070006863417983
0.14375047662624876
0.1471059254175246
0.15015633340959353
0.15183405780523146
0.15412186379928317
0.15663845039274002
0.15877373598718827
0.1607565011820331
0.16190040417905896
0.16350186837489514
0.16487455197132617
0.16639975596736065
0.1669335773659727
0.16769617936398992
0.16845878136200718
0.16967894455883475
0.17036528635705026
0.17128040875467093
0.1721955311522916
0.17257683215130024
0.17326317394951574
0.17364447494852436
0.17433081674673986
0.17463585754594677
0.1753221993441623
0.17593228094257607
0.1763135819415847
0.1769999237398002
0.17745748493861055
0.17791504613742087
0.17837260733623123
0.17890642873484328
0.1792877297338519
0.17944025013345535
0.18005033173186913
0.18073667353008466
0.1809654541294898
0.18134675512849843
0.1818805765271105
0.18249065812552429
0.1827956989247312
0.18317699992373981
0.1835583009227484
0.18386334172195531
0.18416838252116222
0.18416838252116222
0.18470220391977427
0.18515976511858462
0.1854648059177915
0.1857698467169984
0.18592236711660184
0.18599862731640357
0.1860748875162053
0.18653244871501562
0.18683748951422252
0.18691374971402425
0.18714253031342942
0.18744757111263632
0.18752383131243805
0.1877526119118432
0.18790513231144665
0.18813391291085182
0.188362693510257
0.18874399450926563
0.18882025470906733
0.18912529550827423
0.18927781590787768
0.18973537710668803
0.18988789750629145
0.18996415770609318
0.19019293830549835
0.19026919850530008
0.19042171890490353
0.19087928010371388
0.1910318005033173
0.19110806070311903
0.19126058110272248
0.19148936170212766
0.19179440250133456
0.19179440250133456
0.19217570350034316
0.1923282238999466
0.19278578509875696
0.19278578509875696
0.1928620452985587
0.1932433462975673
0.19347212689697246
0.1936246472965759
0.19370090749637764
0.1938534278959811
0.19392968809578282
0.19408220849538627
0.19423472889498972
0.19461602989399832
0.19469229009380004
0.19499733089300694
0.19507359109280867
0.19522611149241212
0.19530237169221384
0.19537863189201557
0.19545489209181727
0.19545489209181727
0.195531152291619
0.19560741249142072
0.19591245329062762
0.1961412338900328
0.1961412338900328
0.19629375428963625
0.19629375428963625
0.19629375428963625
0.19629375428963625
0.1964462746892397
0.1964462746892397
0.19652253488904142
0.19659879508884312
0.19659879508884312
0.19675131548844657
0.1968275756882483
0.1968275756882483
0.19698009608785175
0.19698009608785175
0.19698009608785175
0.19705635628765347
0.19705635628765347
0.19720887668725692
0.19736139708686037
0.19751391748646382
0.19774269808586897
0.19774269808586897
0.1978189582856707
0.1978189582856707
0.19797147868527415
0.19804773888507587
0.19820025928467933
0.1984290398840845
0.19865782048348968
0.1987340806832914
0.1987340806832914
0.19896286128269655
0.19903912148249828
0.19919164188210173
0.19934416228170518
0.19934416228170518
0.19957294288111035
0.19957294288111035
0.1997254632807138
0.19987798368031726
0.19987798368031726
0.19995424388011895
0.19995424388011895
0.2001067642797224
0.20018302447952413
0.20018302447952413
0.20025928467932586
0.20025928467932586
0.20033554487912758
0.20048806527873103
0.20056432547853276
0.20056432547853276
0.20064058567833448
0.20079310607793793
0.20079310607793793
0.20079310607793793
0.20086936627773966
0.20086936627773966
0.20094562647754138
0.20094562647754138
0.2010981468771448
0.20117440707694653
0.20125066727674826
0.2014031876763517
0.20155570807595516
0.20163196827575688
0.2017082284755586
0.2017082284755586
0.20186074887516206
0.20193700907496379
0.20193700907496379
0.20193700907496379
0.2020132692747655
0.20216578967436893
0.20231831007397238
0.20231831007397238
0.20254709067337756
0.2026233508731793
0.202699611072981
0.20277587127278274
0.20285213147258446
0.2029283916723862
0.2029283916723862
0.2029283916723862
0.2029283916723862
0.2029283916723862
0.2030046518721879
0.20308091207198964
0.20308091207198964
0.20308091207198964
0.20308091207198964
0.20308091207198964
0.20315717227179136
0.20315717227179136
0.20315717227179136
0.20323343247159306
0.20323343247159306
0.20323343247159306
0.20323343247159306
0.2033096926713948
0.2033096926713948
0.2033859528711965
0.20353847327079996
0.20369099367040341
0.20369099367040341
0.20384351407000686
0.20384351407000686
0.20384351407000686
0.2039197742698086
0.2039197742698086
0.20399603446961032
0.20399603446961032
0.20399603446961032
0.20407229466941204
0.20407229466941204
0.20407229466941204
0.20414855486921377
0.20414855486921377
0.20414855486921377
0.20414855486921377
0.20414855486921377
0.2042248150690155
0.20430107526881722
0.20430107526881722
0.20430107526881722
0.20445359566842064
0.2046061160680241
0.20468237626782582
0.20483489666742927
0.20483489666742927
0.20483489666742927
0.204911156867231
0.20498741706703272
0.20513993746663617
0.2052161976664379
0.20529245786623962
0.20529245786623962
0.20529245786623962
0.20529245786623962
0.20529245786623962
0.20529245786623962
0.20529245786623962
0.20529245786623962
0.20529245786623962
0.20529245786623962
0.20529245786623962
0.20529245786623962
0.20529245786623962
0.20529245786623962
0.20529245786623962
0.20529245786623962
0.20536871806604134
0.20536871806604134
0.20544497826584307
0.20544497826584307
0.20544497826584307
0.20544497826584307
0.20544497826584307
0.20544497826584307
0.20552123846564477
0.20552123846564477
0.20552123846564477
0.2055974986654465
0.20567375886524822
0.20567375886524822
0.20567375886524822
0.20575001906504994
0.20582627926485167
0.20582627926485167
0.20582627926485167
0.20597879966445512
0.20597879966445512
0.20613132006405857
0.2062075802638603
0.2062075802638603
0.20636010066346375
0.20643636086326547
0.2065126210630672
0.2065126210630672
0.2065126210630672
0.20674140166247235
0.20674140166247235
0.20681766186227407
0.20704644246167925
0.20704644246167925
0.20704644246167925
0.20704644246167925
0.20704644246167925
0.20712270266148097
0.20712270266148097
0.20712270266148097
0.20712270266148097
0.20727522306108442
0.20742774346068787
0.2075040036604896
0.20765652406009305
0.20765652406009305
0.20780904445969647
0.20780904445969647
0.20780904445969647
0.20780904445969647
0.2078853046594982
0.2078853046594982
0.2078853046594982
0.2078853046594982
0.2078853046594982
0.20796156485929992
0.20796156485929992
0.20796156485929992
0.20796156485929992
0.20796156485929992
0.20796156485929992
0.20796156485929992
0.20803782505910165
0.20826660565850683
0.20826660565850683
0.20826660565850683
0.20826660565850683
0.20826660565850683
0.20834286585830855
0.20834286585830855
0.20834286585830855
0.20834286585830855
0.20834286585830855
0.20834286585830855
0.208495386257912
0.20857164645771373
0.20857164645771373
0.20857164645771373
0.20857164645771373
0.20864790665751545
0.20872416685731718
0.20872416685731718
0.2088766872569206
0.2088766872569206
0.2088766872569206
0.2088766872569206
0.2088766872569206
0.20895294745672233
0.20902920765652405
0.20902920765652405
0.20902920765652405
0.20902920765652405
0.20902920765652405
0.20902920765652405
0.20902920765652405
0.20910546785632578
0.20925798825592923
0.20925798825592923
0.20925798825592923
0.20925798825592923
0.20925798825592923
0.20933424845573095
0.20933424845573095
0.20933424845573095
0.20933424845573095
0.20933424845573095
0.20933424845573095
0.20933424845573095
0.20933424845573095
0.20941050865553268
0.20941050865553268
0.20941050865553268
0.2094867688553344
0.20956302905513613
0.20956302905513613
0.20956302905513613
0.20956302905513613
0.20963928925493786
0.20963928925493786
0.20971554945473958
0.2097918096545413
0.2097918096545413
0.20986806985434303
0.20986806985434303
0.20994433005414473
0.20994433005414473
0.20994433005414473
0.20994433005414473
0.21002059025394645
0.21002059025394645
0.21002059025394645
0.21009685045374818
0.21009685045374818
0.2101731106535499
0.2101731106535499
0.21024937085335163
0.21024937085335163
0.21024937085335163
0.21024937085335163
0.21024937085335163
0.21024937085335163
0.21032563105315336
0.2104781514527568
0.2104781514527568
0.21055441165255853
0.21055441165255853
0.21055441165255853
0.21055441165255853
0.21055441165255853
0.21055441165255853
0.21055441165255853
0.21055441165255853
0.21055441165255853
0.21055441165255853
0.21055441165255853
0.21063067185236026
0.21063067185236026
0.21063067185236026
0.21070693205216198
0.21070693205216198
0.21070693205216198
0.21070693205216198
0.21070693205216198
0.21070693205216198
0.21070693205216198
0.21070693205216198
0.21070693205216198
0.21070693205216198
0.21070693205216198
0.2107831922519637
0.2107831922519637
0.2107831922519637
0.2107831922519637
0.2107831922519637
0.2107831922519637
0.21085945245176543
0.21085945245176543
0.21085945245176543
0.21085945245176543
0.21093571265156716
0.21093571265156716
0.21101197285136888
0.21108823305117058
0.21108823305117058
0.21108823305117058
0.21108823305117058
0.21108823305117058
0.21108823305117058
0.2111644932509723
0.21124075345077403
0.21124075345077403
0.21124075345077403
0.21124075345077403
0.21124075345077403
0.21124075345077403
0.21124075345077403
0.21131701365057576
0.21131701365057576
0.21131701365057576
0.21139327385037748
0.21139327385037748
0.21139327385037748
0.21139327385037748
0.21139327385037748
0.21139327385037748
0.21139327385037748
0.21139327385037748
0.21139327385037748
0.21139327385037748
0.21139327385037748
0.2114695340501792
0.2114695340501792
0.21154579424998093
0.21154579424998093
0.21154579424998093
0.21162205444978266
0.21162205444978266
0.21162205444978266
0.21162205444978266
0.21162205444978266
0.21169831464958438
0.21169831464958438
0.21169831464958438
0.2117745748493861
0.2117745748493861
0.2117745748493861
0.21185083504918784
0.21185083504918784
0.21185083504918784
0.21185083504918784
0.21185083504918784
0.21185083504918784
0.21185083504918784
0.21192709524898956
0.21192709524898956
0.21192709524898956
0.21192709524898956
0.21192709524898956
0.21192709524898956
0.21192709524898956
0.21192709524898956
0.21192709524898956
0.21192709524898956
0.21192709524898956
0.21192709524898956
0.21192709524898956
0.21192709524898956
0.21192709524898956
0.21192709524898956
0.2120033554487913
0.212079615648593
0.212079615648593
0.2121558758483947
0.2121558758483947
0.2121558758483947
0.21223213604819643
0.21223213604819643
0.21230839624799816
0.21230839624799816
0.21230839624799816
0.21230839624799816
0.21230839624799816
0.21230839624799816
0.21230839624799816
0.21230839624799816
0.21230839624799816
0.21230839624799816
0.21238465644779989
0.2124609166476016
0.2124609166476016
0.2124609166476016
0.21253717684740334
0.21261343704720506
0.21261343704720506
0.21261343704720506
0.21261343704720506
0.21261343704720506
0.21261343704720506
0.21261343704720506
0.2126896972470068
0.2127659574468085
0.2127659574468085
0.21284221764661024
0.21284221764661024
0.21291847784641196
0.21291847784641196
0.21291847784641196
0.21291847784641196
0.21291847784641196
0.21291847784641196
0.21291847784641196
0.21291847784641196
0.2129947380462137
0.2129947380462137
0.2129947380462137
0.2129947380462137
0.21307099824601541
0.21307099824601541
0.21307099824601541
0.21307099824601541
0.21307099824601541
0.21307099824601541
0.21314725844581714
0.21314725844581714
0.21322351864561886
0.21322351864561886
0.21322351864561886
0.21322351864561886
0.21322351864561886
0.21322351864561886
0.21322351864561886
0.21322351864561886
0.21322351864561886
0.21322351864561886
0.21322351864561886
0.21322351864561886
0.21322351864561886
0.21322351864561886
0.21322351864561886
0.21322351864561886
0.21322351864561886
0.21322351864561886
0.21329977884542056
0.21329977884542056
0.21329977884542056
0.21329977884542056
0.21329977884542056
0.21329977884542056
0.21329977884542056
0.21329977884542056
0.21329977884542056
0.21329977884542056
0.21329977884542056
0.21329977884542056
0.21329977884542056
0.21329977884542056
0.21329977884542056
0.2133760390452223
0.213452299245024
0.213452299245024
0.213452299245024
0.213452299245024
0.213452299245024
0.213452299245024
0.213452299245024
0.213452299245024
0.213452299245024
0.213452299245024
0.213452299245024
0.213452299245024
0.213452299245024
0.213452299245024
0.213452299245024
0.213452299245024
0.213452299245024
0.213452299245024
0.213452299245024
0.213452299245024
0.213452299245024
0.213452299245024
0.21352855944482574
0.21360481964462746
0.21360481964462746
0.21360481964462746
0.21360481964462746
0.21360481964462746
0.21360481964462746
0.21360481964462746
0.2136810798444292
0.2136810798444292
0.2136810798444292
0.21375734004423091
0.21375734004423091
0.21375734004423091
0.21375734004423091
0.21375734004423091
0.21383360024403264
0.21383360024403264
0.21383360024403264
0.21383360024403264
0.21383360024403264
0.21383360024403264
0.21383360024403264
0.21390986044383437
0.21390986044383437
0.2139861206436361
0.2139861206436361
0.2139861206436361
0.2139861206436361
0.2139861206436361
0.2139861206436361
0.2139861206436361
0.2139861206436361
0.2139861206436361
0.2139861206436361
0.2139861206436361
0.2139861206436361
0.2139861206436361
0.2139861206436361
0.2139861206436361
0.2139861206436361
0.2139861206436361
0.2139861206436361
0.2139861206436361
0.2139861206436361
0.2139861206436361
0.2139861206436361
0.21406238084343782
0.21406238084343782
0.21406238084343782
0.21406238084343782
0.21413864104323954
0.21413864104323954
0.21413864104323954
0.21413864104323954
0.21413864104323954
0.21413864104323954
0.21413864104323954
0.21413864104323954
0.21413864104323954
0.21413864104323954
0.21413864104323954
0.21413864104323954
0.21413864104323954
0.21413864104323954
0.21413864104323954
0.21413864104323954
0.21421490124304127
0.21421490124304127
0.21421490124304127
0.21421490124304127
0.21421490124304127
0.214291161442843
0.214291161442843
0.214291161442843
0.214291161442843
0.214291161442843
0.214291161442843
0.214291161442843
0.214291161442843
0.214291161442843
0.214291161442843
0.214291161442843
0.214291161442843
0.214291161442843
0.214291161442843
0.214291161442843
0.214291161442843
0.214291161442843
0.214291161442843
0.214291161442843
0.214291161442843
0.214291161442843
0.214291161442843
0.2143674216426447
0.2143674216426447
0.2143674216426447
0.2143674216426447
0.21444368184244642
0.21444368184244642
0.21444368184244642
0.21444368184244642
0.21444368184244642
0.21444368184244642
0.21444368184244642
0.21444368184244642
0.21444368184244642
0.21444368184244642
0.21444368184244642
0.21444368184244642
0.21444368184244642
0.21444368184244642
0.21444368184244642
0.21444368184244642
0.21444368184244642
0.21444368184244642
0.21444368184244642
0.21444368184244642
0.21444368184244642
0.21451994204224814
0.21459620224204987
0.21459620224204987
0.21459620224204987
0.21459620224204987
0.2146724624418516
0.2146724624418516
0.2146724624418516
0.2146724624418516
0.21474872264165332
0.21474872264165332
0.21482498284145504
0.21482498284145504
0.21482498284145504
0.21490124304125677
0.21490124304125677
0.21490124304125677
0.21490124304125677
0.21490124304125677
0.21490124304125677
0.2149775032410585
0.2149775032410585
0.2149775032410585
0.21505376344086022
0.21513002364066194
0.21513002364066194
0.21520628384046367
0.21520628384046367
0.2152825440402654
0.2152825440402654
0.2152825440402654
0.2152825440402654
0.21535880424006712
0.21535880424006712
0.21535880424006712
0.21535880424006712
0.21543506443986885
0.21543506443986885
0.21543506443986885
0.21543506443986885
0.21551132463967054
0.21551132463967054
0.21551132463967054
0.21558758483947227
0.215663845039274
0.215663845039274
0.215663845039274
0.215663845039274
0.215663845039274
0.215663845039274
0.215663845039274
0.215663845039274
0.215663845039274
0.215663845039274
0.215663845039274
0.215663845039274
0.215663845039274
0.215663845039274
0.215663845039274
0.215663845039274
0.215663845039274
0.215663845039274
0.215663845039274
0.215663845039274
0.215663845039274
0.215663845039274
0.215663845039274
0.215663845039274
0.215663845039274
0.215663845039274
0.215663845039274
0.215663845039274
0.21574010523907572
0.21574010523907572
0.21574010523907572
0.21574010523907572
0.21574010523907572
0.21574010523907572
0.21574010523907572
0.21574010523907572
0.21574010523907572
0.21574010523907572
0.21574010523907572
0.21589262563867917
0.21589262563867917
0.2159688858384809
0.2159688858384809
0.2159688858384809
0.2159688858384809
0.21604514603828262
0.21604514603828262
0.21612140623808435
0.21612140623808435
0.21612140623808435
0.21612140623808435
0.21612140623808435
0.21612140623808435
0.21619766643788607
0.21619766643788607
0.21619766643788607
0.21619766643788607
0.2162739266376878
0.2162739266376878
0.2162739266376878
0.21635018683748952
0.21635018683748952
0.21635018683748952
0.21635018683748952
0.21635018683748952
0.21635018683748952
0.21635018683748952
0.21635018683748952
0.21635018683748952
0.21635018683748952
0.21635018683748952
0.21642644703729125
0.21642644703729125
0.21650270723709297
0.2165789674368947
0.2165789674368947
0.2165789674368947
0.2165789674368947
0.2166552276366964
0.2166552276366964
0.2166552276366964
0.2166552276366964
0.2166552276366964
0.2166552276366964
0.2166552276366964
0.2166552276366964
0.2166552276366964
0.2166552276366964
0.2166552276366964
0.2166552276366964
0.2166552276366964
0.2166552276366964
0.2166552276366964
0.2166552276366964
0.2166552276366964
0.2166552276366964
0.21673148783649812
0.21673148783649812
0.21673148783649812
0.21673148783649812
0.21673148783649812
0.21680774803629985
0.21680774803629985
0.21688400823610157
0.2169602684359033
0.2169602684359033
0.2169602684359033
0.2169602684359033
0.2169602684359033
0.2169602684359033
0.2169602684359033
0.2169602684359033
0.2169602684359033
0.2169602684359033
0.2169602684359033
0.2169602684359033
0.2169602684359033
0.2169602684359033
0.2169602684359033
0.2169602684359033
0.2169602684359033
0.21703652863570502
0.21703652863570502
0.21703652863570502
0.21703652863570502
0.21703652863570502
0.21703652863570502
0.21703652863570502
0.21703652863570502
0.21703652863570502
0.21703652863570502
0.21703652863570502
0.21703652863570502
0.21703652863570502
0.21703652863570502
0.21703652863570502
0.21703652863570502
0.21703652863570502
0.21703652863570502
0.21703652863570502
0.21703652863570502
0.21703652863570502
0.21703652863570502
0.21703652863570502
0.21703652863570502
0.21703652863570502
0.21703652863570502
0.21703652863570502
0.21703652863570502
0.21703652863570502
0.21703652863570502
0.21703652863570502
0.21703652863570502
0.21703652863570502
0.21703652863570502
0.21703652863570502
0.21703652863570502
0.21703652863570502
0.21703652863570502
0.21703652863570502
0.21703652863570502
0.21703652863570502
0.21703652863570502
0.21703652863570502
0.21703652863570502
0.21703652863570502
0.21703652863570502
0.21703652863570502
0.21703652863570502
0.21703652863570502
0.21703652863570502
0.21703652863570502
0.21703652863570502
0.21703652863570502
0.21703652863570502
0.21703652863570502
0.21703652863570502
0.21703652863570502
0.21703652863570502
0.21703652863570502
0.21703652863570502
0.21703652863570502
0.21703652863570502
0.21703652863570502
0.21703652863570502
0.21703652863570502
0.21703652863570502
0.21703652863570502
0.21703652863570502
0.21703652863570502
0.21703652863570502
0.21703652863570502
0.21703652863570502
0.21703652863570502
0.21703652863570502
0.21703652863570502
0.21703652863570502
0.21703652863570502
0.21703652863570502
0.21703652863570502
0.21703652863570502
0.21703652863570502
0.21703652863570502
0.21703652863570502
0.21703652863570502
0.21703652863570502
0.21703652863570502
0.21703652863570502
0.21703652863570502
0.21703652863570502
0.21703652863570502
0.21703652863570502
