0.050560512468542665
0.06810035842293907
0.07595515900251659
0.0812171127888355
0.08548768397773202
0.08861435216960269
0.09204606116068025
0.09433386715473195
0.09768931594600778
0.0993670403416457
0.10073972393807672
0.10218866773430946
0.10340883093113704
0.10455273392816289
0.10531533592618013
0.10607793792419735
0.1068405399222146
0.10775566231983527
0.10859452451765424
0.10935712651567148
0.11004346831388698
0.11072981011210249
0.11164493250972317
0.11210249370853352
0.11286509570655075
0.11347517730496454
0.11408525890337833
0.11469534050179211
0.11515290170060245
0.11553420269961108
0.11599176389842142
0.11637306489743003
0.11713566689544727
0.11751696789445588
0.11797452909326622
0.11805078929306795
0.11858461069168001
0.11873713109128346
0.11927095248989553
0.11957599328910241
0.12003355448791275
0.12026233508731793
0.12064363608632654
0.12079615648592999
0.12132997788454206
0.12171127888355067
0.12216884008236102
0.12247388088156791
0.12255014108136963
0.1227789216807748
0.12300770228017997
0.12316022267978342
0.12338900327918859
0.12384656447799894
0.124380385876611
0.12468542667581789
0.12491420727522307
0.12514298787462824
0.12529550827423167
0.12552428887363684
0.12582932967284374
0.1259818500724472
0.12621063067185237
0.12651567147105924
0.1266681918706627
0.12689697247006787
0.12712575306947305
0.12758331426828337
0.12781209486768855
0.12788835506749027
0.127964615267292
0.12804087546709372
0.12811713566689545
0.12834591626630062
0.12834591626630062
0.1286509570655075
0.12872721726530922
0.12918477846411958
0.1295660794631282
0.12971859986273165
0.12987112026233508
0.13002364066193853
0.1302524212613437
0.1305574620605506
0.13086250285975748
0.1309387630595592
0.1309387630595592
0.13116754365896438
0.1312438038587661
0.13132006405856783
0.13147258445817128
0.13162510485777473
0.13170136505757646
0.13193014565698163
0.13231144665599023
0.13246396705559368
0.13261648745519714
0.13261648745519714
0.13299778845420576
0.13307404865400746
0.13307404865400746
0.1332265690536109
0.13337908945321436
0.13368413025242126
0.1338366506520247
0.13398917105162816
0.1340654312514299
0.13414169145123161
0.13414169145123161
0.1342179516510333
0.1342179516510333
0.1344467322504385
0.1344467322504385
0.13452299245024021
0.13459925265004194
0.1347517730496454
0.13498055364905057
0.13513307404865402
0.13528559444825747
0.13536185464805917
0.13551437504766262
0.13551437504766262
0.13551437504766262
0.1357431556470678
0.13581941584686952
0.13589567604667124
0.1360481964462747
0.13620071684587814
0.1364294974452833
0.1364294974452833
0.13658201784488674
0.13658201784488674
0.13681079844429192
0.13688705864409365
0.13688705864409365
0.13688705864409365
0.13696331884389537
0.1370395790436971
0.13711583924349882
0.13719209944330055
0.137344619842904
0.13742088004270572
0.13764966064211087
0.1377259208419126
0.13787844124151605
0.13818348204072295
0.13825974224052467
0.13825974224052467
0.13825974224052467
0.13841226264012813
0.13856478303973158
0.138717303439335
0.13886982383893845
0.13894608403874018
0.13894608403874018
0.1390223442385419
0.13917486463814535
0.13917486463814535
0.13925112483794708
0.13925112483794708
0.1393273850377488
0.1393273850377488
0.13940364523755053
0.13940364523755053
0.13955616563715398
0.13955616563715398
0.1396324258369557
0.1396324258369557
0.13970868603675743
0.13978494623655913
0.13993746663616258
0.14008998703576603
0.14024250743536948
0.1403187676351712
0.1403187676351712
0.1403187676351712
0.14039502783497293
0.14047128803477466
0.14054754823457638
0.14054754823457638
0.14054754823457638
0.14054754823457638
0.14070006863417983
0.14070006863417983
0.14085258903378328
0.14085258903378328
0.14085258903378328
0.14085258903378328
0.14092884923358498
0.14092884923358498
0.14092884923358498
0.14092884923358498
0.14108136963318843
0.14115762983299016
0.14115762983299016
0.1413101502325936
0.14138641043239533
0.14138641043239533
0.14146267063219706
0.14153893083199878
0.1416151910318005
0.14169145123160223
0.14169145123160223
0.14176771143140396
0.1419202318310074
0.14207275223061083
0.14214901243041256
0.14214901243041256
0.14222527263021428
0.142301532830016
0.14253031342942118
0.1426065736292229
0.14275909402882636
0.14275909402882636
0.14275909402882636
0.1429116144284298
0.14298787462823154
0.14314039502783496
0.14314039502783496
0.14314039502783496
0.14314039502783496
0.14321665522763669
0.14321665522763669
0.1432929154274384
0.14344543582704186
0.1435216960268436
0.14367421642644704
0.14375047662624876
0.14375047662624876
0.14375047662624876
0.14375047662624876
0.1438267368260505
0.14390299702585221
0.14397925722565394
0.14397925722565394
0.14397925722565394
0.14405551742545566
0.14405551742545566
0.14420803782505912
0.14420803782505912
0.14420803782505912
0.1442842980248608
0.14436055822466254
0.14436055822466254
0.14436055822466254
0.14436055822466254
0.14436055822466254
0.14458933882406771
0.14466559902386944
0.14466559902386944
0.1448181194234729
0.14489437962327462
0.14489437962327462
0.14489437962327462
0.14489437962327462
0.14504690002287807
0.14504690002287807
0.14504690002287807
0.1451231602226798
0.1451231602226798
0.1451231602226798
0.1451231602226798
0.14535194082208494
0.14535194082208494
0.1455044612216884
0.1455044612216884
0.1455044612216884
0.14558072142149012
0.14558072142149012
0.14565698162129184
0.14565698162129184
0.14573324182109357
0.14573324182109357
0.14573324182109357
0.14573324182109357
0.14573324182109357
0.14573324182109357
0.14573324182109357
0.1458095020208953
0.14588576222069702
0.14588576222069702
0.14588576222069702
0.14588576222069702
0.14596202242049874
0.14596202242049874
0.14596202242049874
0.14603828262030047
0.1461145428201022
0.14619080301990392
0.14619080301990392
0.14619080301990392
0.14619080301990392
0.14626706321970565
0.14626706321970565
0.14626706321970565
0.14634332341950737
0.14634332341950737
0.1464958438191108
0.14672462441851597
0.14672462441851597
0.14672462441851597
0.14672462441851597
0.14672462441851597
0.14672462441851597
0.14687714481811942
0.14687714481811942
0.14687714481811942
0.14687714481811942
0.14687714481811942
0.14687714481811942
0.14687714481811942
0.14687714481811942
0.14687714481811942
0.14687714481811942
0.14695340501792115
0.14695340501792115
0.14695340501792115
0.14718218561732632
0.14733470601692977
0.1474109662167315
0.14756348661633492
0.14756348661633492
0.14756348661633492
0.14756348661633492
0.14756348661633492
0.14763974681613665
0.14763974681613665
0.14771600701593837
0.1477922672157401
0.1477922672157401
0.1477922672157401
0.1477922672157401
0.1477922672157401
0.1477922672157401
0.14794478761534355
0.14794478761534355
0.14794478761534355
0.14794478761534355
0.14794478761534355
0.14794478761534355
0.14802104781514527
0.14802104781514527
0.148097308014947
0.14817356821474872
0.14824982841455045
0.14824982841455045
0.14832608861435218
0.14832608861435218
0.14832608861435218
0.1484023488141539
0.14855486921375735
0.14855486921375735
0.14855486921375735
0.14855486921375735
0.14855486921375735
0.14855486921375735
0.14855486921375735
0.14855486921375735
0.14863112941355908
0.14863112941355908
0.14863112941355908
0.14863112941355908
0.14863112941355908
0.14863112941355908
0.14870738961336077
0.14870738961336077
0.14870738961336077
0.14870738961336077
0.14885991001296422
0.14885991001296422
0.14893617021276595
0.14893617021276595
0.14893617021276595
0.14901243041256768
0.14901243041256768
0.1490886906123694
0.1490886906123694
0.1490886906123694
0.1490886906123694
0.1490886906123694
0.1490886906123694
0.1490886906123694
0.14916495081217113
0.14924121101197285
0.14924121101197285
0.14924121101197285
0.14924121101197285
0.14924121101197285
0.14931747121177458
0.14931747121177458
0.14931747121177458
0.14931747121177458
0.14931747121177458
0.14931747121177458
0.14931747121177458
0.14931747121177458
0.14946999161137803
0.14946999161137803
0.14946999161137803
0.14946999161137803
0.14946999161137803
0.14954625181117975
0.14954625181117975
0.14954625181117975
0.14962251201098148
0.14962251201098148
0.14962251201098148
0.14962251201098148
0.14962251201098148
0.14962251201098148
0.14962251201098148
0.14962251201098148
0.1496987722107832
0.14977503241058493
0.14977503241058493
0.14977503241058493
0.14977503241058493
0.14977503241058493
0.14985129261038663
0.14985129261038663
0.14985129261038663
0.14985129261038663
0.14992755281018835
0.14992755281018835
0.14992755281018835
0.1500800732097918
0.15023259360939525
0.15030885380919698
0.15030885380919698
0.15030885380919698
0.15030885380919698
0.15030885380919698
0.15030885380919698
0.1503851140089987
0.15046137420880043
0.15046137420880043
0.15046137420880043
0.15046137420880043
0.15046137420880043
0.15046137420880043
0.15053763440860216
0.15053763440860216
0.15061389460840388
0.15061389460840388
0.15061389460840388
0.15061389460840388
0.15076641500800733
0.15084267520780906
0.15084267520780906
0.15084267520780906
0.15084267520780906
0.15084267520780906
0.15084267520780906
0.15084267520780906
0.15084267520780906
0.15084267520780906
0.15084267520780906
0.15084267520780906
0.15084267520780906
0.15084267520780906
0.15084267520780906
0.15084267520780906
0.15091893540761075
0.15091893540761075
0.15091893540761075
0.15091893540761075
0.15091893540761075
0.15099519560741248
0.15099519560741248
0.15099519560741248
0.1510714558072142
0.1510714558072142
0.1510714558072142
0.1510714558072142
0.1510714558072142
0.1510714558072142
0.1510714558072142
0.1510714558072142
0.1510714558072142
0.1510714558072142
0.1510714558072142
0.1510714558072142
0.15114771600701593
0.15114771600701593
0.15114771600701593
0.15122397620681766
0.15122397620681766
0.15122397620681766
0.15130023640661938
0.15130023640661938
0.15130023640661938
0.1513764966064211
0.1513764966064211
0.1513764966064211
0.15145275680622283
0.15145275680622283
0.15145275680622283
0.15145275680622283
0.15145275680622283
0.15145275680622283
0.15145275680622283
0.15145275680622283
0.15152901700602456
0.15152901700602456
0.15152901700602456
0.15152901700602456
0.15152901700602456
0.15160527720582628
0.15160527720582628
0.15160527720582628
0.151681537405628
0.151681537405628
0.151681537405628
0.15175779760542973
0.15175779760542973
0.15175779760542973
0.15183405780523146
0.1519865782048349
0.1519865782048349
0.1519865782048349
0.1519865782048349
0.1520628384046366
0.1520628384046366
0.1520628384046366
0.1520628384046366
0.1520628384046366
0.15213909860443833
0.15213909860443833
0.15213909860443833
0.15213909860443833
0.15213909860443833
0.15213909860443833
0.15221535880424006
0.15221535880424006
0.15221535880424006
0.15221535880424006
0.15221535880424006
0.15229161900404178
0.15229161900404178
0.15229161900404178
0.15229161900404178
0.15229161900404178
0.15229161900404178
0.15229161900404178
0.15229161900404178
0.15229161900404178
0.1523678792038435
0.1523678792038435
0.1523678792038435
0.1523678792038435
0.1523678792038435
0.1523678792038435
0.15244413940364523
0.15244413940364523
0.15244413940364523
0.15244413940364523
0.15244413940364523
0.15244413940364523
0.15244413940364523
0.15244413940364523
0.15244413940364523
0.15244413940364523
0.15244413940364523
0.15252039960344696
0.1526729200030504
0.1526729200030504
0.1526729200030504
0.1526729200030504
0.1526729200030504
0.1526729200030504
0.1526729200030504
0.1526729200030504
0.1526729200030504
0.15274918020285214
0.15274918020285214
0.15274918020285214
0.15282544040265386
0.15282544040265386
0.15282544040265386
0.15282544040265386
0.15282544040265386
0.15282544040265386
0.15282544040265386
0.15282544040265386
0.1529017006024556
0.1529017006024556
0.1529017006024556
0.1529017006024556
0.1529779608022573
0.1529779608022573
0.1529779608022573
0.1529779608022573
0.15305422100205904
0.15305422100205904
0.15305422100205904
0.15305422100205904
0.15305422100205904
0.15305422100205904
0.15313048120186074
0.15313048120186074
0.15313048120186074
0.15313048120186074
0.15313048120186074
0.15313048120186074
0.15313048120186074
0.15313048120186074
0.15313048120186074
0.15313048120186074
0.15313048120186074
0.15320674140166246
0.15320674140166246
0.15320674140166246
0.15320674140166246
0.15320674140166246
0.15320674140166246
0.15320674140166246
0.15320674140166246
0.15320674140166246
0.15320674140166246
0.15320674140166246
0.15320674140166246
0.15320674140166246
0.15320674140166246
0.15320674140166246
0.15320674140166246
0.15320674140166246
0.15320674140166246
0.15320674140166246
0.15320674140166246
0.15320674140166246
0.15320674140166246
0.15328300160146419
0.15328300160146419
0.15328300160146419
0.15328300160146419
0.15328300160146419
0.15328300160146419
0.15328300160146419
0.15328300160146419
0.15328300160146419
0.15328300160146419
0.15328300160146419
0.15328300160146419
0.15328300160146419
0.15328300160146419
0.1533592618012659
0.15343552200106764
0.15343552200106764
0.15343552200106764
0.15343552200106764
0.15343552200106764
0.15343552200106764
0.15343552200106764
0.15351178220086936
0.15351178220086936
0.15351178220086936
0.15351178220086936
0.15351178220086936
0.15351178220086936
0.15351178220086936
0.15351178220086936
0.15351178220086936
0.15351178220086936
0.15351178220086936
0.15351178220086936
0.15351178220086936
0.15351178220086936
0.15351178220086936
0.15351178220086936
0.15351178220086936
0.15351178220086936
0.15351178220086936
0.15351178220086936
0.15351178220086936
0.15351178220086936
0.15351178220086936
0.15351178220086936
0.1535880424006711
0.1535880424006711
0.1535880424006711
0.1535880424006711
0.1535880424006711
0.1535880424006711
0.1535880424006711
0.1535880424006711
0.1535880424006711
0.1535880424006711
0.1535880424006711
0.1535880424006711
0.1535880424006711
0.1535880424006711
0.1535880424006711
0.1535880424006711
0.1535880424006711
0.1535880424006711
0.1535880424006711
0.1535880424006711
0.1535880424006711
0.1535880424006711
0.1535880424006711
0.1535880424006711
0.1535880424006711
0.1535880424006711
0.1535880424006711
0.1536643026004728
0.1536643026004728
0.1536643026004728
0.1536643026004728
0.1536643026004728
0.1536643026004728
0.1536643026004728
0.15374056280027454
0.15381682300007626
0.15381682300007626
0.15381682300007626
0.15381682300007626
0.15381682300007626
0.15381682300007626
0.15381682300007626
0.15381682300007626
0.15381682300007626
0.15381682300007626
0.153893083199878
0.153893083199878
0.15404560359948144
0.15404560359948144
0.15404560359948144
0.15404560359948144
0.15404560359948144
0.15404560359948144
0.15404560359948144
0.15404560359948144
0.15404560359948144
0.15404560359948144
0.15412186379928317
0.15412186379928317
0.15412186379928317
0.15412186379928317
0.15412186379928317
0.15412186379928317
0.15412186379928317
0.15412186379928317
0.15412186379928317
0.15412186379928317
0.15412186379928317
0.15412186379928317
0.15412186379928317
0.15412186379928317
0.15412186379928317
0.15412186379928317
0.15412186379928317
0.15412186379928317
0.15412186379928317
0.15412186379928317
0.15412186379928317
0.15412186379928317
0.15412186379928317
0.15412186379928317
0.15412186379928317
0.15412186379928317
0.15412186379928317
0.15412186379928317
0.15412186379928317
0.15412186379928317
0.15412186379928317
0.15412186379928317
0.15412186379928317
0.15412186379928317
0.15412186379928317
0.15412186379928317
0.15412186379928317
0.15412186379928317
0.15412186379928317
0.15412186379928317
0.15412186379928317
0.15412186379928317
0.15412186379928317
0.15412186379928317
0.15412186379928317
0.15412186379928317
0.15412186379928317
0.15412186379928317
0.15412186379928317
0.15412186379928317
0.15412186379928317
0.15412186379928317
0.15412186379928317
0.15412186379928317
0.15412186379928317
0.15412186379928317
0.1541981239990849
0.1541981239990849
0.1541981239990849
0.1541981239990849
0.1541981239990849
0.1541981239990849
0.1541981239990849
0.1541981239990849
0.1542743841988866
0.1542743841988866
0.1542743841988866
0.1542743841988866
0.1542743841988866
0.1542743841988866
0.1542743841988866
0.1542743841988866
0.1542743841988866
0.1543506443986883
0.1543506443986883
0.1543506443986883
0.1543506443986883
0.1543506443986883
0.1543506443986883
0.1543506443986883
0.1543506443986883
0.15442690459849004
0.15450316479829176
0.15450316479829176
0.15450316479829176
0.15450316479829176
0.15450316479829176
0.15450316479829176
0.15450316479829176
0.15450316479829176
0.15450316479829176
0.15450316479829176
0.15450316479829176
0.15450316479829176
0.15450316479829176
0.15450316479829176
0.15450316479829176
0.15450316479829176
0.15450316479829176
0.15450316479829176
0.15450316479829176
0.15450316479829176
0.15450316479829176
0.15450316479829176
0.15450316479829176
0.15450316479829176
0.15450316479829176
0.15450316479829176
0.15450316479829176
0.15450316479829176
0.1545794249980935
0.1545794249980935
0.1545794249980935
0.1545794249980935
0.1545794249980935
0.1545794249980935
0.1545794249980935
0.1545794249980935
0.1545794249980935
0.1545794249980935
0.1545794249980935
0.1545794249980935
0.1545794249980935
0.1545794249980935
0.1545794249980935
0.1545794249980935
0.1545794249980935
0.1545794249980935
0.1545794249980935
0.1545794249980935
0.1545794249980935
0.1545794249980935
0.1545794249980935
0.1545794249980935
0.1545794249980935
0.1545794249980935
0.1545794249980935
0.1545794249980935
0.1545794249980935
0.1545794249980935
0.1545794249980935
0.1545794249980935
0.1545794249980935
0.1545794249980935
0.1545794249980935
0.1545794249980935
0.1545794249980935
0.1545794249980935
0.1545794249980935
0.1545794249980935
0.1545794249980935
0.1545794249980935
0.1545794249980935
0.1545794249980935
0.1545794249980935
0.1545794249980935
0.1545794249980935
0.1545794249980935
0.1545794249980935
0.1545794249980935
0.1545794249980935
0.1545794249980935
0.1545794249980935
0.1545794249980935
0.1545794249980935
0.1545794249980935
0.1545794249980935
0.1545794249980935
0.1545794249980935
0.15465568519789522
0.15465568519789522
0.15465568519789522
0.15465568519789522
0.15465568519789522
0.15465568519789522
0.15465568519789522
0.15465568519789522
0.15465568519789522
0.15465568519789522
0.15465568519789522
0.15465568519789522
0.15465568519789522
0.15465568519789522
0.15465568519789522
0.15465568519789522
0.15465568519789522
0.15465568519789522
0.15465568519789522
0.15465568519789522
0.15465568519789522
0.15465568519789522
0.15465568519789522
0.15465568519789522
0.15473194539769694
0.15473194539769694
0.15473194539769694
0.15473194539769694
0.15473194539769694
0.15473194539769694
0.15480820559749867
0.15480820559749867
0.15480820559749867
0.15480820559749867
0.15480820559749867
0.15480820559749867
0.15480820559749867
0.15480820559749867
0.15480820559749867
0.15480820559749867
0.15480820559749867
0.15480820559749867
0.15480820559749867
0.15480820559749867
0.15480820559749867
0.15480820559749867
0.15480820559749867
0.15480820559749867
0.15480820559749867
0.15480820559749867
0.15480820559749867
0.15480820559749867
0.15480820559749867
0.15480820559749867
0.1548844657973004
0.1548844657973004
0.1548844657973004
0.1548844657973004
0.1548844657973004
0.1548844657973004
0.1548844657973004
0.1548844657973004
0.1548844657973004
0.1548844657973004
0.1548844657973004
0.1548844657973004
0.1548844657973004
0.1548844657973004
0.1548844657973004
0.1548844657973004
0.1548844657973004
0.1548844657973004
0.1548844657973004
0.1548844657973004
0.1548844657973004
0.1548844657973004
0.1548844657973004
0.1548844657973004
0.1548844657973004
0.1548844657973004
0.1548844657973004
0.1548844657973004
0.1548844657973004
0.1548844657973004
0.1548844657973004
0.1548844657973004
0.1548844657973004
0.1548844657973004
0.1548844657973004
0.1548844657973004
0.1548844657973004
0.1548844657973004
0.1548844657973004
0.1548844657973004
0.1548844657973004
0.1548844657973004
0.1548844657973004
