0.04423091588499962
0.06443986883245634
0.0779379241973614
0.08884313276900785
0.09601159155036987
0.10012964233966293
0.104247693128956
0.10950964691527491
0.11286509570655075
0.11561046289941279
0.11766948829405934
0.12026233508731793
0.12148249828414551
0.12338900327918859
0.12483794707542134
0.12590558987264547
0.12643941127125752
0.12773583466788682
0.12910851826431785
0.1305574620605506
0.13162510485777473
0.13261648745519714
0.13315030885380919
0.13414169145123161
0.13482803324944712
0.13528559444825747
0.1364294974452833
0.1370395790436971
0.13780218104171432
0.13841226264012813
0.13886982383893845
0.13917486463814535
0.1400137268359643
0.14054754823457638
0.14123389003279188
0.14176771143140396
0.14214901243041256
0.1426065736292229
0.14314039502783496
0.1435216960268436
0.14420803782505912
0.14443681842446426
0.14458933882406771
0.14489437962327462
0.14519942042248152
0.14535194082208494
0.1458095020208953
0.14619080301990392
0.1464958438191108
0.14664836421871424
0.14687714481811942
0.14718218561732632
0.14725844581712805
0.14763974681613665
0.14786852741554182
0.14824982841455045
0.14832608861435218
0.14893617021276595
0.1490886906123694
0.14924121101197285
0.14962251201098148
0.1496987722107832
0.14977503241058493
0.15015633340959353
0.1506901548082056
0.15099519560741248
0.15099519560741248
0.15114771600701593
0.15130023640661938
0.15160527720582628
0.15183405780523146
0.1520628384046366
0.1523678792038435
0.1526729200030504
0.1526729200030504
0.15274918020285214
0.1529779608022573
0.15328300160146419
0.15343552200106764
0.15351178220086936
0.15381682300007626
0.15404560359948144
0.1541981239990849
0.1542743841988866
0.1542743841988866
0.15442690459849004
0.15442690459849004
0.1545794249980935
0.15473194539769694
0.15480820559749867
0.15480820559749867
0.15503698619690384
0.1551895065965073
0.15541828719591244
0.15549454739571417
0.15564706779531762
0.15579958819492107
0.15579958819492107
0.15602836879432624
0.15602836879432624
0.15610462899412797
0.15610462899412797
0.15640966979333487
0.15663845039274002
0.1568672309921452
0.15701975139174865
0.15701975139174865
0.1571722717913521
0.15724853199115382
0.15732479219095555
0.15755357279036072
0.15762983299016242
0.15762983299016242
0.15778235338976587
0.1578586135895676
0.1578586135895676
0.15808739418897277
0.1581636543887745
0.1581636543887745
0.1581636543887745
0.15854495538778313
0.15862121558758485
0.15877373598718827
0.15892625638679173
0.15907877678639518
0.15930755738580035
0.1594600777854038
0.1594600777854038
0.15953633798520553
0.15953633798520553
0.15968885838480898
0.1598413787844124
0.1601464195836193
0.16022267978342103
0.1604514603828262
0.1604514603828262
0.16060398078242966
0.16068024098223138
0.16068024098223138
0.1607565011820331
0.16098528178143826
0.16098528178143826
0.16106154198123998
0.16121406238084343
0.16136658278044688
0.16136658278044688
0.1614428429802486
0.1614428429802486
0.16151910318005033
0.16159536337985206
0.1617478837794555
0.1617478837794555
0.16182414397925723
0.16197666437886069
0.16197666437886069
0.16197666437886069
0.16205292457866238
0.16205292457866238
0.16220544497826583
0.16235796537786928
0.16251048577747274
0.1627392663768779
0.16281552657667964
0.16289178677648136
0.1629680469762831
0.1629680469762831
0.16312056737588654
0.16312056737588654
0.16327308777548996
0.1633493479752917
0.1634256081750934
0.16350186837489514
0.16350186837489514
0.16357812857469686
0.16357812857469686
0.1637306489743003
0.1637306489743003
0.1637306489743003
0.16380690917410204
0.1639594295737055
0.16403568977350722
0.16411194997330894
0.16418821017311067
0.16441699077251581
0.16449325097231754
0.16449325097231754
0.16449325097231754
0.16449325097231754
0.16456951117211926
0.16456951117211926
0.16456951117211926
0.164645771371921
0.16479829177152444
0.1649508121711279
0.16502707237092962
0.16502707237092962
0.16517959277053307
0.16517959277053307
0.1652558529703348
0.1652558529703348
0.16533211317013652
0.16533211317013652
0.16540837336993822
0.16548463356973994
0.16556089376954167
0.16556089376954167
0.1656371539693434
0.16571341416914512
0.16578967436894684
0.16578967436894684
0.16586593456874857
0.16586593456874857
0.16586593456874857
0.16586593456874857
0.1659421947685503
0.16601845496835202
0.16609471516815374
0.16609471516815374
0.16617097536795547
0.16639975596736065
0.16647601616716237
0.16647601616716237
0.1666285365667658
0.16670479676656752
0.16670479676656752
0.16678105696636925
0.16678105696636925
0.16685731716617097
0.1669335773659727
0.1669335773659727
0.16708609776557615
0.1672386181651796
0.1672386181651796
0.1672386181651796
0.1672386181651796
0.16739113856478305
0.16739113856478305
0.16739113856478305
0.16739113856478305
0.16739113856478305
0.16746739876458477
0.1675436589643865
0.1676199191641882
0.1676199191641882
0.16777243956379165
0.16800122016319682
0.16800122016319682
0.16800122016319682
0.16800122016319682
0.16807748036299855
0.16807748036299855
0.16807748036299855
0.16815374056280027
0.168230000762602
0.16830626096240373
0.16838252116220545
0.16838252116220545
0.16838252116220545
0.16845878136200718
0.1685350415618089
0.16861130176161063
0.16861130176161063
0.16868756196141235
0.16868756196141235
0.16868756196141235
0.16876382216121405
0.16876382216121405
0.16884008236101578
0.1689163425608175
0.16906886296042095
0.16906886296042095
0.16906886296042095
0.16906886296042095
0.16914512316022268
0.16914512316022268
0.1692213833600244
0.1692213833600244
0.1692213833600244
0.16960268435903303
0.16960268435903303
0.16960268435903303
0.16960268435903303
0.16960268435903303
0.16960268435903303
0.16960268435903303
0.16967894455883475
0.16967894455883475
0.16975520475863648
0.16975520475863648
0.16975520475863648
0.16983146495843818
0.16998398535804163
0.16998398535804163
0.17006024555784335
0.17006024555784335
0.17013650575764508
0.17013650575764508
0.1702127659574468
0.17028902615724853
0.17036528635705026
0.1705178067566537
0.1705178067566537
0.17059406695645543
0.17059406695645543
0.17059406695645543
0.17059406695645543
0.17067032715625716
0.17074658735605888
0.17074658735605888
0.17074658735605888
0.17074658735605888
0.17089910775566233
0.17089910775566233
0.17089910775566233
0.17089910775566233
0.17097536795546403
0.17105162815526576
0.17105162815526576
0.17112788835506748
0.17112788835506748
0.17112788835506748
0.17112788835506748
0.17112788835506748
0.1712041485548692
0.1712041485548692
0.1712041485548692
0.17135666895447266
0.17135666895447266
0.17135666895447266
0.17143292915427438
0.17143292915427438
0.17143292915427438
0.1715091893540761
0.17158544955387783
0.17166170975367956
0.17173796995348128
0.17189049035308474
0.17189049035308474
0.17189049035308474
0.17189049035308474
0.17189049035308474
0.17204301075268819
0.17211927095248988
0.1721955311522916
0.1721955311522916
0.17234805155189506
0.17234805155189506
0.17234805155189506
0.17234805155189506
0.17234805155189506
0.17234805155189506
0.17242431175169678
0.17242431175169678
0.1725005719514985
0.1725005719514985
0.1725005719514985
0.1725005719514985
0.1725005719514985
0.17257683215130024
0.17265309235110196
0.1727293525509037
0.1727293525509037
0.1728056127507054
0.1728056127507054
0.1728056127507054
0.1728056127507054
0.1728056127507054
0.1728056127507054
0.17288187295050714
0.17288187295050714
0.17295813315030886
0.1730343933501106
0.1730343933501106
0.1731106535499123
0.1731106535499123
0.173186913749714
0.173186913749714
0.17326317394951574
0.17326317394951574
0.17333943414931746
0.17333943414931746
0.17333943414931746
0.1734156943491192
0.1734156943491192
0.1734156943491192
0.17356821474872264
0.17356821474872264
0.17356821474872264
0.17356821474872264
0.17364447494852436
0.17364447494852436
0.17364447494852436
0.17364447494852436
0.17364447494852436
0.17364447494852436
0.17364447494852436
0.17364447494852436
0.17364447494852436
0.17364447494852436
0.1737207351483261
0.17379699534812781
0.17379699534812781
0.17379699534812781
0.17387325554792954
0.17387325554792954
0.17387325554792954
0.17387325554792954
0.17394951574773126
0.17394951574773126
0.17394951574773126
0.17394951574773126
0.17394951574773126
0.174025775947533
0.17410203614733472
0.17410203614733472
0.17410203614733472
0.17410203614733472
0.17410203614733472
0.17410203614733472
0.17410203614733472
0.17410203614733472
0.17410203614733472
0.17410203614733472
0.17410203614733472
0.17410203614733472
0.17410203614733472
0.17410203614733472
0.17410203614733472
0.17410203614733472
0.17410203614733472
0.17410203614733472
0.17417829634713644
0.17425455654693817
0.17425455654693817
0.17433081674673986
0.17433081674673986
0.17433081674673986
0.17433081674673986
0.17433081674673986
0.17433081674673986
0.1744070769465416
0.1744070769465416
0.1744070769465416
0.1744070769465416
0.1744070769465416
0.1744070769465416
0.1744070769465416
0.1744070769465416
0.17448333714634331
0.17448333714634331
0.17448333714634331
0.17448333714634331
0.17448333714634331
0.17448333714634331
0.17455959734614504
0.17455959734614504
0.17455959734614504
0.1747121177457485
0.17478837794555022
0.17478837794555022
0.17478837794555022
0.17478837794555022
0.17478837794555022
0.17486463814535194
0.17494089834515367
0.17494089834515367
0.17494089834515367
0.1750171585449554
0.1750171585449554
0.1750171585449554
0.1750171585449554
0.1750171585449554
0.1750171585449554
0.1750171585449554
0.17509341874475712
0.17509341874475712
0.17509341874475712
0.17516967894455884
0.17516967894455884
0.17516967894455884
0.17516967894455884
0.1753221993441623
0.1753221993441623
0.1753221993441623
0.1753221993441623
0.17547471974376572
0.17555097994356744
0.17555097994356744
0.17555097994356744
0.17562724014336917
0.17562724014336917
0.17562724014336917
0.1757035003431709
0.1757035003431709
0.1757035003431709
0.1757035003431709
0.1757035003431709
0.1757035003431709
0.1757035003431709
0.1757035003431709
0.1757035003431709
0.1757035003431709
0.1757035003431709
0.1757035003431709
0.1757035003431709
0.1757035003431709
0.1757035003431709
0.17577976054297262
0.17577976054297262
0.17577976054297262
0.17585602074277434
0.17585602074277434
0.17585602074277434
0.17585602074277434
0.17593228094257607
0.17593228094257607
0.17593228094257607
0.17593228094257607
0.17593228094257607
0.17593228094257607
0.17593228094257607
0.1760085411423778
0.1760085411423778
0.17608480134217952
0.17608480134217952
0.17608480134217952
0.17608480134217952
0.17608480134217952
0.17608480134217952
0.17608480134217952
0.17608480134217952
0.17616106154198125
0.17616106154198125
0.17616106154198125
0.17616106154198125
0.17616106154198125
0.17616106154198125
0.17616106154198125
0.17623732174178297
0.17623732174178297
0.17623732174178297
0.17623732174178297
0.17623732174178297
0.17623732174178297
0.17623732174178297
0.17623732174178297
0.17623732174178297
0.1763135819415847
0.17638984214138642
0.17638984214138642
0.17638984214138642
0.17638984214138642
0.17638984214138642
0.17638984214138642
0.17638984214138642
0.17638984214138642
0.17638984214138642
0.17646610234118815
0.17646610234118815
0.17646610234118815
0.17646610234118815
0.17646610234118815
0.17646610234118815
0.17646610234118815
0.17646610234118815
0.17646610234118815
0.17654236254098984
0.17654236254098984
0.17654236254098984
0.17654236254098984
0.17654236254098984
0.17654236254098984
0.17661862274079157
0.17661862274079157
0.17661862274079157
0.17661862274079157
0.1766948829405933
0.1766948829405933
0.1766948829405933
0.1766948829405933
0.1766948829405933
0.17677114314039502
0.17677114314039502
0.17677114314039502
0.17677114314039502
0.17677114314039502
0.17677114314039502
0.17684740334019675
0.17684740334019675
0.17684740334019675
0.17684740334019675
0.17684740334019675
0.17692366353999847
0.17692366353999847
0.1769999237398002
0.1769999237398002
0.1769999237398002
0.1769999237398002
0.1769999237398002
0.17707618393960192
0.17707618393960192
0.17707618393960192
0.17707618393960192
0.17707618393960192
0.17707618393960192
0.17707618393960192
0.17715244413940365
0.17715244413940365
0.17715244413940365
0.17715244413940365
0.17715244413940365
0.17715244413940365
0.17715244413940365
0.17715244413940365
0.17722870433920537
0.17722870433920537
0.17722870433920537
0.17722870433920537
0.17722870433920537
0.17722870433920537
0.1773049645390071
0.1773049645390071
0.1773049645390071
0.1773049645390071
0.1773049645390071
0.1773049645390071
0.17738122473880882
0.17745748493861055
0.17745748493861055
0.17745748493861055
0.17745748493861055
0.17745748493861055
0.17745748493861055
0.17745748493861055
0.177610005338214
0.177610005338214
0.177610005338214
0.177610005338214
0.177610005338214
0.177610005338214
0.177610005338214
0.1776862655380157
0.1776862655380157
0.1776862655380157
0.17776252573781742
0.17776252573781742
0.17776252573781742
0.17776252573781742
0.17776252573781742
0.17783878593761915
0.17783878593761915
0.17783878593761915
0.17783878593761915
0.17783878593761915
0.17783878593761915
0.17783878593761915
0.17783878593761915
0.17783878593761915
0.17783878593761915
0.17783878593761915
0.17783878593761915
0.17783878593761915
0.17783878593761915
0.17783878593761915
0.17783878593761915
0.17783878593761915
0.17783878593761915
0.17791504613742087
0.17791504613742087
0.17791504613742087
0.17791504613742087
0.1779913063372226
0.1779913063372226
0.17806756653702432
0.17806756653702432
0.17806756653702432
0.17806756653702432
0.17806756653702432
0.17806756653702432
0.17806756653702432
0.17814382673682605
0.17814382673682605
0.17814382673682605
0.17814382673682605
0.17814382673682605
0.17814382673682605
0.17814382673682605
0.17814382673682605
0.17814382673682605
0.17814382673682605
0.17814382673682605
0.17814382673682605
0.17814382673682605
0.17814382673682605
0.17814382673682605
0.17814382673682605
0.17822008693662778
0.17822008693662778
0.17822008693662778
0.17822008693662778
0.17822008693662778
0.17822008693662778
0.17822008693662778
0.17822008693662778
0.17822008693662778
0.17822008693662778
0.1782963471364295
0.17837260733623123
0.17837260733623123
0.17837260733623123
0.17844886753603295
0.17852512773583468
0.1786013879356364
0.1786013879356364
0.1786013879356364
0.1786013879356364
0.1786013879356364
0.17867764813543813
0.17867764813543813
0.17867764813543813
0.17867764813543813
0.17867764813543813
0.17867764813543813
0.17867764813543813
0.17875390833523983
0.17875390833523983
0.17875390833523983
0.17890642873484328
0.17890642873484328
0.17890642873484328
0.17890642873484328
0.17890642873484328
0.17890642873484328
0.17890642873484328
0.17890642873484328
0.17890642873484328
0.17890642873484328
0.17890642873484328
0.17890642873484328
0.17890642873484328
0.17890642873484328
0.17890642873484328
0.17890642873484328
0.17890642873484328
0.17890642873484328
0.17890642873484328
0.17890642873484328
0.17890642873484328
0.17890642873484328
0.17890642873484328
0.17890642873484328
0.17890642873484328
0.17890642873484328
0.17890642873484328
0.17890642873484328
0.17890642873484328
0.17890642873484328
0.17890642873484328
0.17890642873484328
0.17890642873484328
0.178982688934645
0.17913520933424845
0.17913520933424845
0.17913520933424845
0.17913520933424845
0.17913520933424845
0.17913520933424845
0.17913520933424845
0.17913520933424845
0.17913520933424845
0.17913520933424845
0.17913520933424845
0.17913520933424845
0.17913520933424845
0.17913520933424845
0.17921146953405018
0.17921146953405018
0.17921146953405018
0.17921146953405018
0.17921146953405018
0.1792877297338519
0.17936398993365363
0.17936398993365363
0.17936398993365363
0.17936398993365363
0.17936398993365363
0.17936398993365363
0.17936398993365363
0.17936398993365363
0.17936398993365363
0.17936398993365363
0.17944025013345535
0.17944025013345535
0.17944025013345535
0.17944025013345535
0.17944025013345535
0.17944025013345535
0.17951651033325708
0.17951651033325708
0.17951651033325708
0.1795927705330588
0.17966903073286053
0.17974529093266225
0.17974529093266225
0.17974529093266225
0.17974529093266225
0.17974529093266225
0.17974529093266225
0.17974529093266225
0.17989781133226568
0.17989781133226568
0.17989781133226568
0.17989781133226568
0.17989781133226568
0.17989781133226568
0.17989781133226568
0.17989781133226568
0.17989781133226568
0.17989781133226568
0.17989781133226568
0.17989781133226568
0.17989781133226568
0.17989781133226568
0.17989781133226568
0.17989781133226568
0.17989781133226568
0.17989781133226568
0.17989781133226568
0.17989781133226568
0.17989781133226568
0.17989781133226568
0.17989781133226568
0.17989781133226568
0.1799740715320674
0.1799740715320674
0.1799740715320674
0.1799740715320674
0.18005033173186913
0.18005033173186913
0.18005033173186913
0.18005033173186913
0.18005033173186913
0.18005033173186913
0.18005033173186913
0.18005033173186913
0.18005033173186913
0.18012659193167085
0.18012659193167085
0.18012659193167085
0.18012659193167085
0.18012659193167085
0.18012659193167085
0.18020285213147258
0.18020285213147258
0.18020285213147258
0.18020285213147258
0.18020285213147258
0.18020285213147258
0.18020285213147258
0.18020285213147258
0.18020285213147258
0.18020285213147258
0.18020285213147258
0.18020285213147258
0.18020285213147258
0.18020285213147258
0.1802791123312743
0.1802791123312743
0.1802791123312743
0.1802791123312743
0.1802791123312743
0.1802791123312743
0.1802791123312743
0.1802791123312743
0.1802791123312743
0.1802791123312743
0.1802791123312743
0.1802791123312743
0.1802791123312743
0.1802791123312743
0.1802791123312743
0.1802791123312743
0.1802791123312743
0.18043163273087776
0.18043163273087776
0.18043163273087776
0.18043163273087776
0.18043163273087776
0.18043163273087776
0.18043163273087776
0.18043163273087776
0.18043163273087776
0.18043163273087776
0.18043163273087776
0.18050789293067948
0.18050789293067948
0.18050789293067948
0.1805841531304812
0.1805841531304812
0.1805841531304812
0.1805841531304812
0.1805841531304812
0.1805841531304812
0.1805841531304812
0.1805841531304812
0.1805841531304812
0.1805841531304812
0.1805841531304812
0.1805841531304812
0.1805841531304812
0.1805841531304812
0.1805841531304812
0.1805841531304812
0.1805841531304812
0.1805841531304812
0.1805841531304812
0.1805841531304812
0.1805841531304812
0.1805841531304812
0.18066041333028293
0.18066041333028293
0.18073667353008466
0.18073667353008466
0.18073667353008466
0.18081293372988638
0.18081293372988638
0.18081293372988638
0.18081293372988638
0.1808891939296881
0.1808891939296881
0.1808891939296881
0.1808891939296881
0.1808891939296881
0.1808891939296881
0.1808891939296881
0.1808891939296881
0.1808891939296881
0.1808891939296881
0.1808891939296881
0.1808891939296881
0.1808891939296881
0.1808891939296881
0.1808891939296881
0.1808891939296881
0.1808891939296881
0.1808891939296881
0.1808891939296881
0.1808891939296881
0.1808891939296881
0.1808891939296881
0.1808891939296881
0.1808891939296881
0.1808891939296881
0.1808891939296881
0.1808891939296881
0.1809654541294898
0.1809654541294898
0.1809654541294898
0.1809654541294898
0.1809654541294898
0.1809654541294898
0.1809654541294898
0.1809654541294898
0.1809654541294898
0.18104171432929153
0.18104171432929153
0.18104171432929153
0.18104171432929153
0.18111797452909326
0.18111797452909326
0.18119423472889498
0.18119423472889498
0.1812704949286967
0.1812704949286967
0.1812704949286967
0.1812704949286967
0.1812704949286967
0.1812704949286967
0.1812704949286967
0.18134675512849843
0.18134675512849843
0.18142301532830016
0.18142301532830016
0.18149927552810188
0.18149927552810188
0.18149927552810188
0.18149927552810188
0.18149927552810188
0.18149927552810188
0.18149927552810188
0.18149927552810188
0.18149927552810188
0.18149927552810188
0.18149927552810188
0.1815755357279036
0.1815755357279036
0.18165179592770533
0.18165179592770533
0.18165179592770533
0.18165179592770533
