0.07748036299855106
0.09799435674521467
0.11248379470754213
0.12247388088156791
0.12887973766491267
0.13498055364905057
0.1400137268359643
0.14390299702585221
0.14771600701593837
0.15053763440860216
0.1519865782048349
0.1542743841988866
0.1565621901929383
0.15778235338976587
0.15938381758560208
0.16167162357965378
0.1636543887744986
0.16502707237092962
0.16639975596736065
0.16708609776557615
0.16815374056280027
0.16914512316022268
0.1702127659574468
0.17089910775566233
0.1715091893540761
0.17227179135209333
0.17288187295050714
0.17333943414931746
0.17387325554792954
0.1747121177457485
0.17555097994356744
0.17585602074277434
0.17677114314039502
0.17791504613742087
0.17837260733623123
0.17867764813543813
0.17921146953405018
0.17966903073286053
0.18012659193167085
0.18073667353008466
0.1809654541294898
0.1815755357279036
0.18218561732631738
0.18264317852512774
0.18317699992373981
0.18340578052314496
0.18371082132235186
0.18424464272096394
0.18439716312056736
0.184778464119576
0.1850835049187829
0.1854648059177915
0.18569358651719667
0.18599862731640357
0.18615114771600702
0.18653244871501562
0.18668496911461907
0.18691374971402425
0.18714253031342942
0.18744757111263632
0.18760009151223977
0.18767635171204147
0.18798139251124837
0.18821017311065355
0.18843895371005873
0.18882025470906733
0.18897277510867078
0.18912529550827423
0.18927781590787768
0.18958285670708458
0.18996415770609318
0.19019293830549835
0.19049797910470526
0.19057423930450698
0.1906504995043087
0.1910318005033173
0.19118432090292076
0.19141310150232593
0.19148936170212766
0.1916418821017311
0.19171814230153283
0.19179440250133456
0.191946922900938
0.19209944330054143
0.19217570350034316
0.19225196370014488
0.19240448409974834
0.19248074429955006
0.19255700449935179
0.19270952489895524
0.19278578509875696
0.19278578509875696
0.19301456569816214
0.1932433462975673
0.1932433462975673
0.1932433462975673
0.19347212689697246
0.1935483870967742
0.1938534278959811
0.19392968809578282
0.194158468695188
0.19431098909479144
0.19431098909479144
0.19446350949439486
0.1945397696941966
0.19476855029360177
0.1948448104934035
0.19499733089300694
0.1951498512926104
0.19522611149241212
0.19530237169221384
0.19537863189201557
0.19545489209181727
0.19560741249142072
0.1958361930908259
0.1961412338900328
0.1961412338900328
0.19621749408983452
0.19637001448943797
0.19637001448943797
0.19652253488904142
0.19659879508884312
0.19659879508884312
0.19659879508884312
0.19659879508884312
0.19675131548844657
0.19675131548844657
0.1968275756882483
0.19690383588805002
0.1971326164874552
0.19728513688705865
0.19728513688705865
0.19736139708686037
0.19759017768626555
0.19759017768626555
0.19774269808586897
0.19789521848547242
0.19804773888507587
0.1981239990848776
0.19820025928467933
0.19820025928467933
0.19820025928467933
0.19827651948448105
0.19835277968428278
0.19858156028368795
0.19865782048348968
0.1988103408830931
0.1988103408830931
0.19888660108289483
0.1991153816823
0.19919164188210173
0.19919164188210173
0.19919164188210173
0.19934416228170518
0.1994204224815069
0.1994204224815069
0.1994204224815069
0.19949668268130863
0.19964920308091208
0.19964920308091208
0.1997254632807138
0.19980172348051553
0.19980172348051553
0.19987798368031726
0.19995424388011895
0.20003050407992068
0.20025928467932586
0.20048806527873103
0.20056432547853276
0.2007168458781362
0.2007168458781362
0.20094562647754138
0.20102188667734308
0.20102188667734308
0.2010981468771448
0.20125066727674826
0.20132692747654998
0.20155570807595516
0.20163196827575688
0.20163196827575688
0.2017082284755586
0.20186074887516206
0.20186074887516206
0.20193700907496379
0.20193700907496379
0.2020132692747655
0.2020132692747655
0.20216578967436893
0.20216578967436893
0.20224204987417066
0.20224204987417066
0.20231831007397238
0.20247083047357584
0.20247083047357584
0.2026233508731793
0.202699611072981
0.20277587127278274
0.2029283916723862
0.20315717227179136
0.20315717227179136
0.20323343247159306
0.2033096926713948
0.20353847327079996
0.2036147334706017
0.20369099367040341
0.20369099367040341
0.20369099367040341
0.20369099367040341
0.20369099367040341
0.20376725387020514
0.20384351407000686
0.20384351407000686
0.20384351407000686
0.2039197742698086
0.2039197742698086
0.2039197742698086
0.2039197742698086
0.2039197742698086
0.20407229466941204
0.20407229466941204
0.20430107526881722
0.20430107526881722
0.20430107526881722
0.20437733546861891
0.20445359566842064
0.20445359566842064
0.20452985586822237
0.20468237626782582
0.20483489666742927
0.204911156867231
0.204911156867231
0.20498741706703272
0.20506367726683444
0.20506367726683444
0.20513993746663617
0.20529245786623962
0.20536871806604134
0.20536871806604134
0.20536871806604134
0.20536871806604134
0.20544497826584307
0.20552123846564477
0.2055974986654465
0.2055974986654465
0.2055974986654465
0.2055974986654465
0.2055974986654465
0.2055974986654465
0.2055974986654465
0.2055974986654465
0.20567375886524822
0.20567375886524822
0.20567375886524822
0.20567375886524822
0.20567375886524822
0.20567375886524822
0.20567375886524822
0.20567375886524822
0.20567375886524822
0.20567375886524822
0.20582627926485167
0.20582627926485167
0.2059025394646534
0.20605505986425685
0.20613132006405857
0.20613132006405857
0.2062075802638603
0.2062075802638603
0.2062075802638603
0.20628384046366202
0.20628384046366202
0.20628384046366202
0.20636010066346375
0.20643636086326547
0.20643636086326547
0.2065126210630672
0.2065126210630672
0.2065126210630672
0.2065126210630672
0.2065126210630672
0.2065126210630672
0.2065126210630672
0.2065126210630672
0.2065126210630672
0.2065126210630672
0.2065126210630672
0.2065126210630672
0.2065126210630672
0.2065888812628689
0.20666514146267062
0.20674140166247235
0.20681766186227407
0.2068939220620758
0.2068939220620758
0.2068939220620758
0.20697018226187752
0.20697018226187752
0.20704644246167925
0.20704644246167925
0.20712270266148097
0.20727522306108442
0.20727522306108442
0.20727522306108442
0.20727522306108442
0.20727522306108442
0.20727522306108442
0.20742774346068787
0.20773278425989475
0.20773278425989475
0.20773278425989475
0.20773278425989475
0.20780904445969647
0.2078853046594982
0.20796156485929992
0.20811408525890338
0.20811408525890338
0.20811408525890338
0.20811408525890338
0.2081903454587051
0.2081903454587051
0.2081903454587051
0.2081903454587051
0.2081903454587051
0.2081903454587051
0.2081903454587051
0.2081903454587051
0.2081903454587051
0.2081903454587051
0.2081903454587051
0.2081903454587051
0.2081903454587051
0.2081903454587051
0.20834286585830855
0.20841912605811028
0.208495386257912
0.20864790665751545
0.20864790665751545
0.20864790665751545
0.20872416685731718
0.20872416685731718
0.20872416685731718
0.20880042705711888
0.20880042705711888
0.2088766872569206
0.20895294745672233
0.20902920765652405
0.20902920765652405
0.20910546785632578
0.2091817280561275
0.20925798825592923
0.20925798825592923
0.20925798825592923
0.20925798825592923
0.20925798825592923
0.20925798825592923
0.20925798825592923
0.20925798825592923
0.20925798825592923
0.20925798825592923
0.20925798825592923
0.20925798825592923
0.20925798825592923
0.20925798825592923
0.20933424845573095
0.20941050865553268
0.2094867688553344
0.2094867688553344
0.2094867688553344
0.20956302905513613
0.20956302905513613
0.20963928925493786
0.20963928925493786
0.20963928925493786
0.20971554945473958
0.2097918096545413
0.2097918096545413
0.2097918096545413
0.20986806985434303
0.20986806985434303
0.20986806985434303
0.20986806985434303
0.20986806985434303
0.20986806985434303
0.20986806985434303
0.20986806985434303
0.20986806985434303
0.21002059025394645
0.21002059025394645
0.21002059025394645
0.21002059025394645
0.21002059025394645
0.21002059025394645
0.21002059025394645
0.21002059025394645
0.21002059025394645
0.21009685045374818
0.21009685045374818
0.21009685045374818
0.21009685045374818
0.21009685045374818
0.21009685045374818
0.21009685045374818
0.2101731106535499
0.21024937085335163
0.21032563105315336
0.21032563105315336
0.21032563105315336
0.21032563105315336
0.21032563105315336
0.21032563105315336
0.21032563105315336
0.21032563105315336
0.21032563105315336
0.21032563105315336
0.21032563105315336
0.21032563105315336
0.21040189125295508
0.2104781514527568
0.21055441165255853
0.21055441165255853
0.21055441165255853
0.21063067185236026
0.21063067185236026
0.21063067185236026
0.21063067185236026
0.21070693205216198
0.21070693205216198
0.21070693205216198
0.21070693205216198
0.2107831922519637
0.21085945245176543
0.21085945245176543
0.21085945245176543
0.21085945245176543
0.21085945245176543
0.21093571265156716
0.21093571265156716
0.21093571265156716
0.21093571265156716
0.21093571265156716
0.21093571265156716
0.21093571265156716
0.21093571265156716
0.21108823305117058
0.2111644932509723
0.2111644932509723
0.2111644932509723
0.2111644932509723
0.2111644932509723
0.2111644932509723
0.2111644932509723
0.2111644932509723
0.2111644932509723
0.2111644932509723
0.2111644932509723
0.21124075345077403
0.21124075345077403
0.21124075345077403
0.21131701365057576
0.21131701365057576
0.21131701365057576
0.21139327385037748
0.21139327385037748
0.21139327385037748
0.21139327385037748
0.21139327385037748
0.2114695340501792
0.2114695340501792
0.2114695340501792
0.2114695340501792
0.2114695340501792
0.2114695340501792
0.21162205444978266
0.21162205444978266
0.21169831464958438
0.21169831464958438
0.21169831464958438
0.21169831464958438
0.21169831464958438
0.21169831464958438
0.21169831464958438
0.21169831464958438
0.21169831464958438
0.21169831464958438
0.21169831464958438
0.21169831464958438
0.21169831464958438
0.21169831464958438
0.2117745748493861
0.2117745748493861
0.21185083504918784
0.21185083504918784
0.21192709524898956
0.21192709524898956
0.21192709524898956
0.2120033554487913
0.2120033554487913
0.212079615648593
0.2121558758483947
0.2121558758483947
0.21223213604819643
0.21223213604819643
0.21223213604819643
0.21223213604819643
0.21223213604819643
0.21223213604819643
0.21223213604819643
0.21223213604819643
0.21223213604819643
0.21223213604819643
0.21223213604819643
0.21223213604819643
0.21223213604819643
0.21223213604819643
0.21223213604819643
0.21223213604819643
0.21223213604819643
0.21223213604819643
0.21223213604819643
0.21223213604819643
0.21223213604819643
0.21223213604819643
0.21230839624799816
0.21238465644779989
0.21238465644779989
0.21238465644779989
0.21238465644779989
0.21238465644779989
0.2124609166476016
0.2124609166476016
0.2124609166476016
0.21253717684740334
0.21261343704720506
0.21261343704720506
0.2127659574468085
0.2127659574468085
0.21284221764661024
0.21291847784641196
0.21291847784641196
0.21291847784641196
0.21291847784641196
0.21291847784641196
0.2129947380462137
0.2129947380462137
0.2129947380462137
0.2129947380462137
0.21307099824601541
0.21307099824601541
0.21307099824601541
0.21307099824601541
0.21307099824601541
0.21307099824601541
0.21307099824601541
0.21307099824601541
0.21307099824601541
0.21314725844581714
0.21314725844581714
0.21314725844581714
0.21314725844581714
0.21314725844581714
0.21314725844581714
0.21314725844581714
0.21314725844581714
0.21314725844581714
0.21322351864561886
0.21329977884542056
0.21329977884542056
0.21329977884542056
0.21352855944482574
0.21352855944482574
0.21352855944482574
0.21352855944482574
0.21360481964462746
0.21360481964462746
0.21360481964462746
0.21375734004423091
0.21375734004423091
0.21375734004423091
0.21375734004423091
0.21375734004423091
0.21375734004423091
0.21375734004423091
0.21375734004423091
0.21375734004423091
0.21375734004423091
0.21375734004423091
0.21375734004423091
0.21383360024403264
0.21383360024403264
0.21383360024403264
0.21383360024403264
0.21383360024403264
0.21383360024403264
0.21383360024403264
0.21390986044383437
0.21390986044383437
0.2139861206436361
0.2139861206436361
0.2139861206436361
0.2139861206436361
0.2139861206436361
0.2139861206436361
0.2139861206436361
0.2139861206436361
0.2139861206436361
0.2139861206436361
0.21406238084343782
0.21406238084343782
0.21406238084343782
0.21406238084343782
0.21406238084343782
0.21406238084343782
0.21421490124304127
0.21421490124304127
0.214291161442843
0.214291161442843
0.214291161442843
0.214291161442843
0.214291161442843
0.214291161442843
0.2143674216426447
0.2143674216426447
0.2143674216426447
0.2143674216426447
0.2143674216426447
0.2143674216426447
0.2143674216426447
0.2143674216426447
0.2143674216426447
0.2143674216426447
0.2143674216426447
0.21444368184244642
0.21444368184244642
0.21444368184244642
0.21444368184244642
0.21444368184244642
0.21444368184244642
0.21444368184244642
0.21444368184244642
0.21451994204224814
0.21451994204224814
0.21451994204224814
0.21451994204224814
0.21451994204224814
0.21451994204224814
0.21459620224204987
0.21459620224204987
0.21459620224204987
0.2146724624418516
0.2146724624418516
0.2146724624418516
0.2146724624418516
0.2146724624418516
0.2146724624418516
0.2146724624418516
0.21474872264165332
0.21474872264165332
0.21474872264165332
0.21474872264165332
0.21474872264165332
0.21474872264165332
0.21474872264165332
0.21474872264165332
0.21474872264165332
0.21474872264165332
0.21482498284145504
0.21482498284145504
0.21482498284145504
0.21482498284145504
0.21482498284145504
0.21482498284145504
0.21482498284145504
0.21482498284145504
0.21490124304125677
0.2149775032410585
0.2149775032410585
0.2149775032410585
0.2149775032410585
0.21505376344086022
0.21505376344086022
0.21505376344086022
0.21505376344086022
0.21505376344086022
0.21505376344086022
0.21505376344086022
0.21505376344086022
0.21513002364066194
0.21513002364066194
0.21513002364066194
0.21520628384046367
0.21520628384046367
0.21520628384046367
0.21520628384046367
0.21520628384046367
0.21520628384046367
0.21520628384046367
0.21520628384046367
0.21520628384046367
0.21520628384046367
0.21520628384046367
0.21520628384046367
0.21520628384046367
0.21520628384046367
0.2152825440402654
0.2152825440402654
0.2152825440402654
0.2152825440402654
0.2152825440402654
0.2152825440402654
0.2152825440402654
0.2152825440402654
0.2152825440402654
0.2152825440402654
0.21535880424006712
0.21535880424006712
0.21535880424006712
0.21535880424006712
0.21535880424006712
0.21535880424006712
0.21535880424006712
0.21543506443986885
0.21543506443986885
0.21543506443986885
0.21543506443986885
0.21543506443986885
0.21543506443986885
0.21543506443986885
0.21543506443986885
0.21543506443986885
0.21543506443986885
0.21543506443986885
0.21543506443986885
0.21543506443986885
0.21543506443986885
0.21543506443986885
0.21543506443986885
0.21543506443986885
0.21543506443986885
0.21543506443986885
0.21543506443986885
0.21543506443986885
0.21543506443986885
0.21543506443986885
0.21543506443986885
0.21543506443986885
0.21543506443986885
0.21543506443986885
0.21543506443986885
0.21551132463967054
0.21551132463967054
0.21551132463967054
0.21551132463967054
0.21551132463967054
0.21551132463967054
0.21558758483947227
0.21558758483947227
0.21558758483947227
0.21558758483947227
0.21558758483947227
0.215663845039274
0.215663845039274
0.215663845039274
0.215663845039274
0.215663845039274
0.21574010523907572
0.21574010523907572
0.21574010523907572
0.21574010523907572
0.21574010523907572
0.21574010523907572
0.21574010523907572
0.21574010523907572
0.21581636543887744
0.21581636543887744
0.21581636543887744
0.21589262563867917
0.21589262563867917
0.21589262563867917
0.2159688858384809
0.2159688858384809
0.2159688858384809
0.21604514603828262
0.21604514603828262
0.21604514603828262
0.21604514603828262
0.21604514603828262
0.21604514603828262
0.21604514603828262
0.21604514603828262
0.21604514603828262
0.21604514603828262
0.21604514603828262
0.21604514603828262
0.21604514603828262
0.21604514603828262
0.21604514603828262
0.21612140623808435
0.21612140623808435
0.21612140623808435
0.21612140623808435
0.21612140623808435
0.21612140623808435
0.21619766643788607
0.2162739266376878
0.2162739266376878
0.2162739266376878
0.2162739266376878
0.2162739266376878
0.2162739266376878
0.21635018683748952
0.21635018683748952
0.21635018683748952
0.21635018683748952
0.21635018683748952
0.21635018683748952
0.21635018683748952
0.21642644703729125
0.21650270723709297
0.21650270723709297
0.21650270723709297
0.21650270723709297
0.21650270723709297
0.21650270723709297
0.21650270723709297
0.21650270723709297
0.21650270723709297
0.2165789674368947
0.2165789674368947
0.2165789674368947
0.2165789674368947
0.2165789674368947
0.2165789674368947
0.2165789674368947
0.2165789674368947
0.2165789674368947
0.2165789674368947
0.2165789674368947
0.2165789674368947
0.2165789674368947
0.2165789674368947
0.2166552276366964
0.2166552276366964
0.21673148783649812
0.21673148783649812
0.21673148783649812
0.21673148783649812
0.21673148783649812
0.21673148783649812
0.21680774803629985
0.21680774803629985
0.21680774803629985
0.21680774803629985
0.21680774803629985
0.21680774803629985
0.21688400823610157
0.2169602684359033
0.2169602684359033
0.2169602684359033
0.2169602684359033
0.2169602684359033
0.2169602684359033
0.2169602684359033
0.21703652863570502
0.21703652863570502
0.21703652863570502
0.21703652863570502
0.21703652863570502
0.21703652863570502
0.21703652863570502
0.21703652863570502
0.21703652863570502
0.21711278883550675
0.21718904903530847
0.21718904903530847
0.21718904903530847
0.21718904903530847
0.21718904903530847
0.21718904903530847
0.21718904903530847
0.2172653092351102
0.2172653092351102
0.2172653092351102
0.2172653092351102
0.2172653092351102
0.2172653092351102
0.2172653092351102
0.2172653092351102
0.2172653092351102
0.2172653092351102
0.2172653092351102
0.2172653092351102
0.2172653092351102
0.2172653092351102
0.2172653092351102
0.2172653092351102
0.2172653092351102
0.2172653092351102
0.21734156943491192
0.21734156943491192
0.21734156943491192
0.21734156943491192
0.21734156943491192
0.21734156943491192
0.21734156943491192
0.21734156943491192
0.21734156943491192
0.21734156943491192
0.21734156943491192
0.21734156943491192
0.21734156943491192
0.21734156943491192
0.21734156943491192
0.21734156943491192
0.21734156943491192
0.21734156943491192
0.21734156943491192
0.21734156943491192
0.21734156943491192
0.21734156943491192
0.21734156943491192
0.21734156943491192
0.21734156943491192
0.21734156943491192
0.21734156943491192
0.21734156943491192
0.21734156943491192
0.21734156943491192
0.21734156943491192
0.21734156943491192
0.21741782963471365
0.21741782963471365
0.21741782963471365
0.21741782963471365
0.21741782963471365
0.21741782963471365
0.21741782963471365
0.21741782963471365
0.21741782963471365
0.21741782963471365
0.21749408983451538
0.21749408983451538
0.21749408983451538
0.21749408983451538
0.21749408983451538
0.21749408983451538
0.2175703500343171
0.21772287043392052
0.21772287043392052
0.21772287043392052
0.21772287043392052
0.21772287043392052
0.21772287043392052
0.21772287043392052
0.21772287043392052
0.21772287043392052
0.21772287043392052
0.21772287043392052
0.21772287043392052
0.21772287043392052
0.21779913063372225
0.21779913063372225
0.21779913063372225
0.21787539083352397
0.21787539083352397
0.21787539083352397
0.21787539083352397
0.21787539083352397
0.2179516510333257
0.2179516510333257
0.2179516510333257
0.2179516510333257
0.2179516510333257
0.2179516510333257
0.21802791123312742
0.21802791123312742
0.21802791123312742
0.21802791123312742
0.21802791123312742
0.21802791123312742
0.21802791123312742
0.21802791123312742
0.21802791123312742
0.21802791123312742
0.21802791123312742
0.21802791123312742
0.21802791123312742
0.21810417143292915
0.21810417143292915
0.21810417143292915
0.21810417143292915
0.21810417143292915
0.21810417143292915
0.21810417143292915
0.21810417143292915
0.21810417143292915
0.21810417143292915
0.21810417143292915
0.21810417143292915
0.21810417143292915
0.21810417143292915
