0.06832913902234423
0.08846183176999924
0.10157858613589568
0.11133989171051628
0.11866087089148174
0.12422786547700755
0.12811713566689545
0.13139632425836956
0.13490429344924884
0.13681079844429192
0.1386410432395333
0.1410051094333867
0.1426065736292229
0.14375047662624876
0.14489437962327462
0.14573324182109357
0.14718218561732632
0.14824982841455045
0.14893617021276595
0.15015633340959353
0.15099519560741248
0.1520628384046366
0.15313048120186074
0.153893083199878
0.15473194539769694
0.15549454739571417
0.15633340959353315
0.15724853199115382
0.15831617478837795
0.15877373598718827
0.1594600777854038
0.15991763898421413
0.16060398078242966
0.16106154198123998
0.16151910318005033
0.16182414397925723
0.16235796537786928
0.16281552657667964
0.1629680469762831
0.16327308777548996
0.1637306489743003
0.16441699077251581
0.164645771371921
0.16479829177152444
0.16502707237092962
0.16533211317013652
0.16556089376954167
0.16571341416914512
0.16601845496835202
0.16639975596736065
0.16685731716617097
0.16739113856478305
0.16784869976359337
0.16830626096240373
0.16876382216121405
0.1692213833600244
0.16945016395942958
0.16967894455883475
0.16983146495843818
0.17013650575764508
0.17044154655685198
0.17059406695645543
0.1708228475558606
0.17105162815526576
0.17143292915427438
0.1715091893540761
0.1715091893540761
0.17173796995348128
0.17196675055288646
0.17196675055288646
0.1721955311522916
0.17234805155189506
0.17257683215130024
0.1727293525509037
0.17288187295050714
0.17295813315030886
0.17326317394951574
0.1734156943491192
0.1734919545489209
0.1737207351483261
0.1737207351483261
0.1737207351483261
0.17394951574773126
0.17394951574773126
0.17417829634713644
0.17425455654693817
0.17455959734614504
0.17463585754594677
0.17478837794555022
0.17494089834515367
0.1750171585449554
0.17524593914436057
0.175398459543964
0.17547471974376572
0.1757035003431709
0.1757035003431709
0.17577976054297262
0.17585602074277434
0.17608480134217952
0.17608480134217952
0.17616106154198125
0.1763135819415847
0.1766948829405933
0.17692366353999847
0.17715244413940365
0.17738122473880882
0.1776862655380157
0.17776252573781742
0.17783878593761915
0.17783878593761915
0.17791504613742087
0.17806756653702432
0.17814382673682605
0.17822008693662778
0.17852512773583468
0.17867764813543813
0.17883016853504155
0.178982688934645
0.17913520933424845
0.1792877297338519
0.17944025013345535
0.17966903073286053
0.17974529093266225
0.17989781133226568
0.17989781133226568
0.18020285213147258
0.1802791123312743
0.18043163273087776
0.18043163273087776
0.18043163273087776
0.18066041333028293
0.18066041333028293
0.18081293372988638
0.1808891939296881
0.1808891939296881
0.1809654541294898
0.18104171432929153
0.18104171432929153
0.18119423472889498
0.18142301532830016
0.18149927552810188
0.1815755357279036
0.18165179592770533
0.18172805612750706
0.18180431632730878
0.18180431632730878
0.18203309692671396
0.18210935712651566
0.18218561732631738
0.18241439792572256
0.18249065812552429
0.18249065812552429
0.18249065812552429
0.18249065812552429
0.18264317852512774
0.1827956989247312
0.1828719591245329
0.18294821932433464
0.18294821932433464
0.18302447952413636
0.18317699992373981
0.1832532601235415
0.18340578052314496
0.18363456112255014
0.18371082132235186
0.18371082132235186
0.1837870815221536
0.18401586212155877
0.18416838252116222
0.18416838252116222
0.18416838252116222
0.18424464272096394
0.18439716312056736
0.18454968352017082
0.18454968352017082
0.18462594371997254
0.184778464119576
0.184778464119576
0.184778464119576
0.18485472431937772
0.18493098451917944
0.18493098451917944
0.18493098451917944
0.18500724471898117
0.18515976511858462
0.18523602531838634
0.18531228551818807
0.18531228551818807
0.1854648059177915
0.1854648059177915
0.1854648059177915
0.1854648059177915
0.18561732631739494
0.18561732631739494
0.1857698467169984
0.18584610691680012
0.18592236711660184
0.1860748875162053
0.1860748875162053
0.1860748875162053
0.18622740791580875
0.18622740791580875
0.18645618851521392
0.18660870891481735
0.18660870891481735
0.18668496911461907
0.1867612293144208
0.1867612293144208
0.18683748951422252
0.18683748951422252
0.18683748951422252
0.18699000991382597
0.18699000991382597
0.1870662701136277
0.1870662701136277
0.18721879051323115
0.18729505071303287
0.18744757111263632
0.18767635171204147
0.18767635171204147
0.18767635171204147
0.18782887211164492
0.18782887211164492
0.18782887211164492
0.18782887211164492
0.18790513231144665
0.1880576527110501
0.1880576527110501
0.18828643331045528
0.188362693510257
0.18843895371005873
0.18843895371005873
0.18851521390986045
0.18859147410966218
0.1886677343094639
0.18874399450926563
0.18874399450926563
0.18874399450926563
0.18882025470906733
0.18882025470906733
0.18882025470906733
0.18889651490886905
0.18897277510867078
0.18897277510867078
0.1890490353084725
0.1890490353084725
0.18912529550827423
0.18912529550827423
0.18920155570807595
0.18920155570807595
0.18920155570807595
0.18927781590787768
0.1893540761076794
0.18950659650728285
0.18958285670708458
0.18958285670708458
0.1896591169068863
0.1896591169068863
0.1896591169068863
0.1896591169068863
0.1896591169068863
0.18981163730648976
0.18981163730648976
0.18988789750629145
0.18988789750629145
0.1900404179058949
0.19011667810569663
0.19019293830549835
0.19019293830549835
0.19019293830549835
0.19026919850530008
0.1903454587051018
0.1903454587051018
0.19042171890490353
0.19049797910470526
0.19057423930450698
0.1906504995043087
0.1906504995043087
0.19080301990391216
0.19087928010371388
0.19087928010371388
0.1909555403035156
0.1909555403035156
0.1909555403035156
0.1909555403035156
0.1910318005033173
0.1910318005033173
0.1910318005033173
0.1910318005033173
0.1910318005033173
0.19110806070311903
0.19118432090292076
0.19118432090292076
0.1913368413025242
0.1913368413025242
0.19148936170212766
0.19148936170212766
0.19156562190192938
0.19156562190192938
0.19156562190192938
0.1916418821017311
0.19171814230153283
0.19171814230153283
0.19171814230153283
0.19179440250133456
0.19187066270113629
0.191946922900938
0.191946922900938
0.19202318310073974
0.19209944330054143
0.19217570350034316
0.19217570350034316
0.1923282238999466
0.19240448409974834
0.19240448409974834
0.19248074429955006
0.19248074429955006
0.19248074429955006
0.19255700449935179
0.19255700449935179
0.1926332646991535
0.1926332646991535
0.1926332646991535
0.19278578509875696
0.19278578509875696
0.19278578509875696
0.19278578509875696
0.1928620452985587
0.1929383054983604
0.1929383054983604
0.1929383054983604
0.1929383054983604
0.19301456569816214
0.19301456569816214
0.19309082589796386
0.1931670860977656
0.1931670860977656
0.1931670860977656
0.1931670860977656
0.1931670860977656
0.1931670860977656
0.1931670860977656
0.1931670860977656
0.1931670860977656
0.1932433462975673
0.193319606497369
0.19339586669717074
0.19339586669717074
0.19339586669717074
0.19339586669717074
0.19347212689697246
0.19347212689697246
0.1936246472965759
0.1936246472965759
0.1936246472965759
0.1936246472965759
0.19377716769617936
0.19377716769617936
0.19377716769617936
0.19377716769617936
0.19377716769617936
0.19377716769617936
0.1938534278959811
0.1938534278959811
0.1938534278959811
0.1938534278959811
0.1938534278959811
0.19392968809578282
0.19392968809578282
0.19423472889498972
0.19423472889498972
0.19423472889498972
0.19431098909479144
0.19431098909479144
0.19431098909479144
0.19431098909479144
0.19431098909479144
0.19431098909479144
0.19431098909479144
0.19431098909479144
0.19431098909479144
0.19431098909479144
0.19438724929459314
0.19438724929459314
0.19438724929459314
0.19446350949439486
0.1945397696941966
0.1945397696941966
0.1945397696941966
0.1945397696941966
0.1945397696941966
0.1945397696941966
0.1945397696941966
0.1945397696941966
0.19461602989399832
0.19461602989399832
0.19461602989399832
0.19461602989399832
0.19461602989399832
0.19461602989399832
0.19461602989399832
0.19469229009380004
0.19469229009380004
0.19469229009380004
0.19469229009380004
0.19469229009380004
0.19469229009380004
0.19469229009380004
0.19469229009380004
0.19476855029360177
0.19476855029360177
0.19476855029360177
0.1948448104934035
0.1948448104934035
0.19492107069320522
0.19492107069320522
0.19492107069320522
0.19492107069320522
0.19492107069320522
0.19492107069320522
0.19507359109280867
0.19507359109280867
0.19507359109280867
0.19507359109280867
0.1951498512926104
0.1951498512926104
0.1951498512926104
0.1951498512926104
0.1951498512926104
0.1951498512926104
0.19522611149241212
0.19522611149241212
0.19530237169221384
0.19530237169221384
0.19530237169221384
0.19530237169221384
0.19530237169221384
0.19537863189201557
0.19537863189201557
0.19545489209181727
0.19545489209181727
0.19545489209181727
0.19545489209181727
0.19545489209181727
0.19545489209181727
0.19545489209181727
0.19545489209181727
0.19545489209181727
0.19560741249142072
0.19560741249142072
0.19560741249142072
0.19568367269122244
0.19568367269122244
0.19568367269122244
0.19568367269122244
0.19568367269122244
0.19568367269122244
0.19568367269122244
0.19568367269122244
0.19568367269122244
0.19568367269122244
0.19575993289102417
0.19575993289102417
0.19591245329062762
0.19591245329062762
0.19591245329062762
0.19598871349042934
0.19606497369023107
0.19606497369023107
0.19606497369023107
0.1961412338900328
0.1961412338900328
0.1961412338900328
0.19621749408983452
0.19629375428963625
0.19637001448943797
0.19637001448943797
0.19637001448943797
0.19637001448943797
0.19637001448943797
0.19637001448943797
0.19637001448943797
0.19637001448943797
0.1964462746892397
0.1964462746892397
0.1964462746892397
0.1964462746892397
0.1964462746892397
0.19652253488904142
0.19659879508884312
0.19659879508884312
0.19659879508884312
0.19659879508884312
0.19667505528864485
0.19675131548844657
0.19675131548844657
0.19675131548844657
0.19690383588805002
0.19690383588805002
0.19698009608785175
0.19698009608785175
0.19705635628765347
0.1971326164874552
0.1971326164874552
0.1971326164874552
0.1971326164874552
0.1971326164874552
0.1971326164874552
0.1971326164874552
0.1971326164874552
0.1971326164874552
0.1971326164874552
0.1971326164874552
0.19728513688705865
0.19728513688705865
0.19728513688705865
0.19728513688705865
0.19728513688705865
0.19728513688705865
0.19728513688705865
0.1974376572866621
0.1974376572866621
0.1974376572866621
0.19751391748646382
0.19759017768626555
0.19766643788606725
0.19766643788606725
0.19766643788606725
0.19766643788606725
0.19766643788606725
0.19766643788606725
0.19766643788606725
0.19766643788606725
0.19766643788606725
0.19766643788606725
0.19766643788606725
0.19766643788606725
0.19766643788606725
0.19766643788606725
0.19766643788606725
0.19774269808586897
0.19774269808586897
0.1978189582856707
0.1978189582856707
0.1978189582856707
0.19789521848547242
0.19797147868527415
0.19797147868527415
0.19804773888507587
0.19804773888507587
0.1981239990848776
0.19820025928467933
0.19820025928467933
0.19820025928467933
0.19827651948448105
0.19827651948448105
0.1984290398840845
0.1984290398840845
0.1984290398840845
0.1984290398840845
0.19850530008388623
0.19850530008388623
0.19858156028368795
0.19858156028368795
0.19865782048348968
0.1987340806832914
0.1987340806832914
0.1987340806832914
0.1987340806832914
0.1987340806832914
0.1987340806832914
0.1987340806832914
0.1987340806832914
0.1988103408830931
0.19888660108289483
0.19888660108289483
0.19888660108289483
0.19896286128269655
0.19896286128269655
0.19896286128269655
0.19896286128269655
0.19896286128269655
0.19903912148249828
0.19903912148249828
0.19903912148249828
0.19903912148249828
0.19903912148249828
0.19903912148249828
0.19903912148249828
0.19903912148249828
0.19903912148249828
0.1991153816823
0.1991153816823
0.1991153816823
0.1991153816823
0.19919164188210173
0.19919164188210173
0.19919164188210173
0.19919164188210173
0.19926790208190345
0.19926790208190345
0.19926790208190345
0.19926790208190345
0.19926790208190345
0.19926790208190345
0.19926790208190345
0.19926790208190345
0.19926790208190345
0.19926790208190345
0.19934416228170518
0.19934416228170518
0.19934416228170518
0.19934416228170518
0.19934416228170518
0.19934416228170518
0.19934416228170518
0.19934416228170518
0.19934416228170518
0.19934416228170518
0.19934416228170518
0.19934416228170518
0.19934416228170518
0.19934416228170518
0.19934416228170518
0.19934416228170518
0.1994204224815069
0.1994204224815069
0.1994204224815069
0.19949668268130863
0.19949668268130863
0.19949668268130863
0.19949668268130863
0.19949668268130863
0.19949668268130863
0.19949668268130863
0.19957294288111035
0.19957294288111035
0.19957294288111035
0.19957294288111035
0.19957294288111035
0.19957294288111035
0.19964920308091208
0.19964920308091208
0.19964920308091208
0.19964920308091208
0.19964920308091208
0.19964920308091208
0.19964920308091208
0.19964920308091208
0.19964920308091208
0.19964920308091208
0.19964920308091208
0.1997254632807138
0.1997254632807138
0.1997254632807138
0.1997254632807138
0.19980172348051553
0.19980172348051553
0.19980172348051553
0.19980172348051553
0.19980172348051553
0.19980172348051553
0.19980172348051553
0.19980172348051553
0.19980172348051553
0.19980172348051553
0.19980172348051553
0.19987798368031726
0.19987798368031726
0.20003050407992068
0.2001067642797224
0.20018302447952413
0.20018302447952413
0.20018302447952413
0.20025928467932586
0.20025928467932586
0.20025928467932586
0.20025928467932586
0.20025928467932586
0.20025928467932586
0.20025928467932586
0.20033554487912758
0.20033554487912758
0.2004118050789293
0.20048806527873103
0.20048806527873103
0.20048806527873103
0.20048806527873103
0.20048806527873103
0.20048806527873103
0.20048806527873103
0.20048806527873103
0.20048806527873103
0.20048806527873103
0.20048806527873103
0.20048806527873103
0.20048806527873103
0.20048806527873103
0.20048806527873103
0.20056432547853276
0.20056432547853276
0.20056432547853276
0.20056432547853276
0.20056432547853276
0.20064058567833448
0.20064058567833448
0.20064058567833448
0.20064058567833448
0.20064058567833448
0.20064058567833448
0.2007168458781362
0.2007168458781362
0.2007168458781362
0.2007168458781362
0.2007168458781362
0.2007168458781362
0.2007168458781362
0.2007168458781362
0.2007168458781362
0.2007168458781362
0.2007168458781362
0.2007168458781362
0.2007168458781362
0.2007168458781362
0.2007168458781362
0.2007168458781362
0.2007168458781362
0.2007168458781362
0.20079310607793793
0.20079310607793793
0.20079310607793793
0.20086936627773966
0.20086936627773966
0.20094562647754138
0.20094562647754138
0.20094562647754138
0.20094562647754138
0.20102188667734308
0.20102188667734308
0.20102188667734308
0.20102188667734308
0.20102188667734308
0.20102188667734308
0.20102188667734308
0.20102188667734308
0.20102188667734308
0.2010981468771448
0.2010981468771448
0.2010981468771448
0.2010981468771448
0.20117440707694653
0.20117440707694653
0.20117440707694653
0.20117440707694653
0.20117440707694653
0.20117440707694653
0.20117440707694653
0.20117440707694653
0.20117440707694653
0.20125066727674826
0.20125066727674826
0.20125066727674826
0.20125066727674826
0.20125066727674826
0.20125066727674826
0.20125066727674826
0.20125066727674826
0.20125066727674826
0.20125066727674826
0.20125066727674826
0.20125066727674826
0.20125066727674826
0.20125066727674826
0.20125066727674826
0.20125066727674826
0.20125066727674826
0.20132692747654998
0.20132692747654998
0.20132692747654998
0.20132692747654998
0.20132692747654998
0.20132692747654998
0.2014031876763517
0.2014031876763517
0.2014031876763517
0.2014031876763517
0.2014031876763517
0.2014031876763517
0.2014031876763517
0.2014031876763517
0.20147944787615343
0.20147944787615343
0.20147944787615343
0.20147944787615343
0.20147944787615343
0.20147944787615343
0.20147944787615343
0.20147944787615343
0.20147944787615343
0.20147944787615343
0.20147944787615343
0.20155570807595516
0.20155570807595516
0.20155570807595516
0.20155570807595516
0.20155570807595516
0.20163196827575688
0.20163196827575688
0.20163196827575688
0.20163196827575688
0.2017082284755586
0.2017082284755586
0.2017082284755586
0.2017082284755586
0.2017082284755586
0.2017082284755586
0.2017082284755586
0.2017082284755586
0.2017082284755586
0.20178448867536034
0.20178448867536034
0.20178448867536034
0.20178448867536034
0.20178448867536034
0.20178448867536034
0.20178448867536034
0.20186074887516206
0.20186074887516206
0.20186074887516206
0.20186074887516206
0.20186074887516206
0.20186074887516206
0.20186074887516206
0.20186074887516206
0.20186074887516206
0.20186074887516206
0.20186074887516206
0.20186074887516206
0.20193700907496379
0.20193700907496379
0.20193700907496379
0.20193700907496379
0.20193700907496379
0.20193700907496379
0.20193700907496379
0.20193700907496379
0.20193700907496379
0.20193700907496379
0.20193700907496379
0.20193700907496379
0.20193700907496379
0.2020132692747655
0.2020132692747655
0.2020132692747655
0.2020132692747655
0.2020132692747655
0.2020132692747655
0.2020132692747655
0.2020132692747655
0.20208952947456724
0.20208952947456724
0.20208952947456724
0.20208952947456724
0.20208952947456724
0.20208952947456724
0.20208952947456724
0.20208952947456724
0.20208952947456724
0.20208952947456724
0.20208952947456724
0.20208952947456724
0.20208952947456724
0.20208952947456724
0.20208952947456724
0.20208952947456724
0.20208952947456724
0.20208952947456724
0.20208952947456724
0.20208952947456724
0.20208952947456724
0.20208952947456724
0.20208952947456724
0.20208952947456724
0.20216578967436893
0.20216578967436893
0.20216578967436893
0.20216578967436893
0.20216578967436893
0.20216578967436893
0.20216578967436893
0.20216578967436893
0.20216578967436893
0.20216578967436893
0.20216578967436893
0.20216578967436893
0.20216578967436893
0.20216578967436893
0.20216578967436893
0.20216578967436893
0.20216578967436893
0.20216578967436893
0.20216578967436893
0.20216578967436893
0.20216578967436893
0.20216578967436893
0.20216578967436893
0.20216578967436893
0.20216578967436893
0.20216578967436893
0.20224204987417066
0.20224204987417066
0.20231831007397238
0.20231831007397238
0.20231831007397238
0.20231831007397238
0.20231831007397238
0.20231831007397238
0.20231831007397238
0.20231831007397238
0.20231831007397238
0.20231831007397238
0.20231831007397238
0.2023945702737741
0.2023945702737741
0.2023945702737741
0.2023945702737741
0.2023945702737741
0.2023945702737741
0.2023945702737741
0.2023945702737741
0.2023945702737741
0.2023945702737741
0.2023945702737741
0.2023945702737741
0.2023945702737741
0.2023945702737741
0.2023945702737741
0.2023945702737741
0.2023945702737741
0.2023945702737741
0.2023945702737741
0.2023945702737741
0.2023945702737741
0.2023945702737741
0.2023945702737741
0.2023945702737741
0.2023945702737741
0.2023945702737741
0.2023945702737741
0.2023945702737741
0.2023945702737741
0.2023945702737741
0.20247083047357584
0.20254709067337756
0.20254709067337756
0.20254709067337756
0.20254709067337756
0.20254709067337756
0.20254709067337756
0.20254709067337756
0.20254709067337756
0.20254709067337756
0.20254709067337756
0.20254709067337756
0.20254709067337756
0.20254709067337756
0.20254709067337756
0.20254709067337756
0.20254709067337756
0.20254709067337756
0.20254709067337756
0.20254709067337756
0.20254709067337756
0.20254709067337756
0.20254709067337756
0.20254709067337756
0.20254709067337756
0.20254709067337756
0.20254709067337756
0.20254709067337756
0.20254709067337756
0.20254709067337756
0.20254709067337756
0.20254709067337756
0.20254709067337756
0.20254709067337756
0.20254709067337756
0.20254709067337756
0.20254709067337756
0.20254709067337756
0.20254709067337756
0.20254709067337756
0.20254709067337756
0.20254709067337756
0.20254709067337756
0.20254709067337756
0.20254709067337756
0.20254709067337756
0.20254709067337756
0.20254709067337756
