0.03492717150918936
0.053382139861206435
0.06535499123007703
0.0753450774041028
0.08030199039121483
0.08556394417753374
0.08869061236940441
0.09235110195988713
0.09471516815374056
0.09738427514680088
0.09921451994204225
0.10127354533668878
0.10340883093113704
0.10539159612598185
0.10645923892320598
0.10767940212003356
0.10920460611606803
0.1104247693128956
0.11194997330893007
0.11294135590635247
0.1140089987035766
0.115000381300999
0.11599176389842142
0.11705940669564555
0.11812704949286967
0.11896591169068862
0.11988103408830932
0.12079615648592999
0.12232136048196446
0.12338900327918859
0.1240753450774041
0.12460916647601616
0.12514298787462824
0.12560054907343857
0.1262868908716541
0.1266681918706627
0.12735453366887822
0.1276595744680851
0.1286509570655075
0.12933729886372303
0.12979486006253335
0.13009990086174025
0.13032868146114543
0.13070998246015406
0.13101502325936093
0.13147258445817128
0.13193014565698163
0.13231144665599023
0.13269274765499886
0.13330282925341264
0.133760390452223
0.13429421185083504
0.1347517730496454
0.13498055364905057
0.13536185464805917
0.13551437504766262
0.1357431556470678
0.13620071684587814
0.13627697704567987
0.1363532372454816
0.1364294974452833
0.13688705864409365
0.13711583924349882
0.13764966064211087
0.13787844124151605
0.13818348204072295
0.13848852283992985
0.13894608403874018
0.1390223442385419
0.13955616563715398
0.13978494623655913
0.13993746663616258
0.14008998703576603
0.14024250743536948
0.14039502783497293
0.14077632883398156
0.14108136963318843
0.14138641043239533
0.1416151910318005
0.14184397163120568
0.14214901243041256
0.142301532830016
0.14253031342942118
0.14275909402882636
0.14306413482803326
0.1432929154274384
0.1435216960268436
0.14390299702585221
0.1441317776252574
0.1442842980248608
0.14443681842446426
0.14458933882406771
0.14474185922367117
0.14504690002287807
0.14535194082208494
0.14535194082208494
0.14565698162129184
0.14565698162129184
0.1458095020208953
0.14603828262030047
0.1461145428201022
0.14626706321970565
0.1464958438191108
0.14657210401891252
0.14702966521772287
0.14718218561732632
0.1474109662167315
0.14763974681613665
0.14763974681613665
0.14786852741554182
0.14794478761534355
0.14802104781514527
0.14824982841455045
0.1484023488141539
0.14847860901395563
0.14863112941355908
0.1487836498131625
0.14901243041256768
0.1490886906123694
0.14916495081217113
0.14924121101197285
0.1493937314115763
0.14946999161137803
0.14954625181117975
0.14962251201098148
0.14985129261038663
0.1500800732097918
0.15030885380919698
0.1503851140089987
0.1503851140089987
0.15046137420880043
0.15046137420880043
0.15046137420880043
0.15053763440860216
0.1506901548082056
0.15076641500800733
0.15084267520780906
0.1510714558072142
0.1510714558072142
0.15122397620681766
0.15145275680622283
0.15160527720582628
0.15160527720582628
0.151681537405628
0.15175779760542973
0.15191031800503318
0.1520628384046366
0.1520628384046366
0.15229161900404178
0.15252039960344696
0.1526729200030504
0.15274918020285214
0.15282544040265386
0.15282544040265386
0.1529017006024556
0.15305422100205904
0.15305422100205904
0.15328300160146419
0.15343552200106764
0.1535880424006711
0.1536643026004728
0.1536643026004728
0.1536643026004728
0.153893083199878
0.153893083199878
0.15396934339967971
0.15404560359948144
0.15404560359948144
0.15412186379928317
0.1542743841988866
0.1543506443986883
0.1543506443986883
0.15442690459849004
0.15450316479829176
0.15450316479829176
0.15450316479829176
0.15465568519789522
0.15465568519789522
0.15480820559749867
0.15503698619690384
0.15503698619690384
0.1551895065965073
0.15526576679630902
0.15526576679630902
0.15534202699611074
0.15534202699611074
0.15564706779531762
0.15564706779531762
0.15579958819492107
0.1558758483947228
0.1558758483947228
0.15602836879432624
0.15602836879432624
0.15610462899412797
0.1561808891939297
0.15633340959353315
0.15640966979333487
0.1565621901929383
0.15671471059254174
0.15679097079234347
0.15679097079234347
0.1571722717913521
0.1571722717913521
0.1571722717913521
0.15724853199115382
0.15724853199115382
0.15724853199115382
0.15740105239075727
0.15755357279036072
0.15770609318996415
0.15778235338976587
0.1578586135895676
0.15801113398917105
0.15808739418897277
0.15808739418897277
0.1581636543887745
0.15831617478837795
0.15831617478837795
0.15839243498817968
0.1584686951879814
0.15862121558758485
0.15862121558758485
0.15862121558758485
0.15862121558758485
0.15869747578738655
0.15877373598718827
0.15900251658659345
0.15907877678639518
0.15907877678639518
0.15923129718599863
0.15923129718599863
0.15923129718599863
0.15923129718599863
0.15930755738580035
0.15953633798520553
0.15953633798520553
0.15961259818500725
0.15968885838480898
0.15968885838480898
0.15968885838480898
0.1598413787844124
0.15999389918401585
0.16007015938381758
0.16022267978342103
0.16029893998322275
0.16037520018302448
0.16037520018302448
0.16037520018302448
0.16037520018302448
0.1604514603828262
0.1604514603828262
0.16060398078242966
0.1607565011820331
0.16106154198123998
0.16106154198123998
0.16106154198123998
0.1611378021810417
0.16121406238084343
0.16121406238084343
0.16129032258064516
0.16136658278044688
0.16136658278044688
0.1614428429802486
0.1614428429802486
0.16159536337985206
0.16159536337985206
0.16159536337985206
0.16159536337985206
0.16159536337985206
0.16159536337985206
0.16159536337985206
0.16159536337985206
0.16167162357965378
0.16167162357965378
0.16182414397925723
0.16182414397925723
0.16190040417905896
0.16197666437886069
0.16197666437886069
0.16205292457866238
0.16220544497826583
0.16228170517806756
0.16228170517806756
0.16228170517806756
0.16235796537786928
0.16235796537786928
0.16235796537786928
0.16235796537786928
0.16235796537786928
0.162434225577671
0.16251048577747274
0.16266300617707619
0.16266300617707619
0.1627392663768779
0.1627392663768779
0.16281552657667964
0.16281552657667964
0.16289178677648136
0.16289178677648136
0.1629680469762831
0.1630443071760848
0.1630443071760848
0.16312056737588654
0.16319682757568824
0.16327308777548996
0.16327308777548996
0.1633493479752917
0.1634256081750934
0.1634256081750934
0.16350186837489514
0.1636543887744986
0.16388316937390376
0.1639594295737055
0.16403568977350722
0.16411194997330894
0.16426447037291236
0.16426447037291236
0.16426447037291236
0.16426447037291236
0.16441699077251581
0.16449325097231754
0.16449325097231754
0.16456951117211926
0.164645771371921
0.164645771371921
0.164645771371921
0.16472203157172272
0.16472203157172272
0.16472203157172272
0.16472203157172272
0.16487455197132617
0.1649508121711279
0.1649508121711279
0.1649508121711279
0.16502707237092962
0.16510333257073134
0.16510333257073134
0.16510333257073134
0.16517959277053307
0.16533211317013652
0.16540837336993822
0.16548463356973994
0.16556089376954167
0.16556089376954167
0.16556089376954167
0.16556089376954167
0.16556089376954167
0.1656371539693434
0.1656371539693434
0.16571341416914512
0.16571341416914512
0.16571341416914512
0.16578967436894684
0.16586593456874857
0.16586593456874857
0.16586593456874857
0.16586593456874857
0.16601845496835202
0.16601845496835202
0.16609471516815374
0.16617097536795547
0.16617097536795547
0.16617097536795547
0.1662472355677572
0.1662472355677572
0.16632349576755892
0.16632349576755892
0.16632349576755892
0.16632349576755892
0.16632349576755892
0.16639975596736065
0.16639975596736065
0.16647601616716237
0.16647601616716237
0.16647601616716237
0.16655227636696407
0.16655227636696407
0.1666285365667658
0.1666285365667658
0.16670479676656752
0.16678105696636925
0.16685731716617097
0.1669335773659727
0.1669335773659727
0.1669335773659727
0.1669335773659727
0.1669335773659727
0.16700983756577442
0.16700983756577442
0.16700983756577442
0.16700983756577442
0.16700983756577442
0.16700983756577442
0.16700983756577442
0.16700983756577442
0.16708609776557615
0.16708609776557615
0.16708609776557615
0.16708609776557615
0.16708609776557615
0.16708609776557615
0.16716235796537787
0.16716235796537787
0.1672386181651796
0.1672386181651796
0.16731487836498132
0.16731487836498132
0.16739113856478305
0.16739113856478305
0.16739113856478305
0.16739113856478305
0.16739113856478305
0.16739113856478305
0.16739113856478305
0.16746739876458477
0.16746739876458477
0.16746739876458477
0.16746739876458477
0.16746739876458477
0.16746739876458477
0.16746739876458477
0.16746739876458477
0.1675436589643865
0.1675436589643865
0.1675436589643865
0.1676199191641882
0.1676199191641882
0.1676199191641882
0.1676199191641882
0.16777243956379165
0.1679249599633951
0.1679249599633951
0.1679249599633951
0.1679249599633951
0.16800122016319682
0.16807748036299855
0.16807748036299855
0.16807748036299855
0.16815374056280027
0.16815374056280027
0.168230000762602
0.168230000762602
0.16830626096240373
0.16830626096240373
0.16830626096240373
0.16830626096240373
0.16838252116220545
0.16845878136200718
0.16868756196141235
0.16868756196141235
0.16876382216121405
0.16876382216121405
0.16876382216121405
0.16876382216121405
0.16876382216121405
0.16876382216121405
0.16876382216121405
0.16876382216121405
0.16876382216121405
0.16876382216121405
0.16876382216121405
0.16876382216121405
0.16876382216121405
0.16884008236101578
0.1689163425608175
0.1689163425608175
0.1689163425608175
0.1689163425608175
0.1689163425608175
0.1689163425608175
0.1689163425608175
0.1689163425608175
0.1689163425608175
0.1689163425608175
0.1689163425608175
0.1689163425608175
0.1689163425608175
0.16899260276061923
0.16906886296042095
0.16906886296042095
0.16906886296042095
0.16906886296042095
0.16906886296042095
0.16906886296042095
0.16906886296042095
0.16906886296042095
0.16906886296042095
0.16906886296042095
0.16906886296042095
0.16906886296042095
0.16914512316022268
0.16914512316022268
0.16914512316022268
0.1692213833600244
0.16929764355982613
0.16929764355982613
0.16929764355982613
0.16929764355982613
0.16929764355982613
0.16929764355982613
0.16929764355982613
0.16929764355982613
0.16929764355982613
0.16929764355982613
0.16929764355982613
0.16945016395942958
0.16945016395942958
0.16945016395942958
0.16945016395942958
0.16945016395942958
0.16945016395942958
0.16945016395942958
0.16945016395942958
0.16945016395942958
0.1695264241592313
0.16960268435903303
0.16960268435903303
0.16960268435903303
0.16960268435903303
0.16960268435903303
0.16960268435903303
0.16967894455883475
0.16967894455883475
0.16967894455883475
0.16967894455883475
0.16975520475863648
0.16975520475863648
0.16975520475863648
0.16975520475863648
0.16975520475863648
0.16975520475863648
0.16975520475863648
0.16975520475863648
0.16983146495843818
0.16983146495843818
0.16983146495843818
0.16983146495843818
0.16983146495843818
0.16983146495843818
0.16983146495843818
0.16983146495843818
0.16983146495843818
0.16983146495843818
0.16983146495843818
0.16983146495843818
0.16983146495843818
0.16983146495843818
0.16983146495843818
0.1699077251582399
0.16998398535804163
0.16998398535804163
0.16998398535804163
0.17006024555784335
0.17006024555784335
0.17006024555784335
0.17006024555784335
0.17006024555784335
0.17006024555784335
0.17006024555784335
0.17006024555784335
0.17006024555784335
0.17006024555784335
0.17013650575764508
0.17013650575764508
0.17013650575764508
0.17013650575764508
0.17013650575764508
0.17013650575764508
0.17013650575764508
0.17013650575764508
0.1702127659574468
0.1702127659574468
0.17028902615724853
0.17028902615724853
0.17028902615724853
0.17028902615724853
0.17028902615724853
0.17036528635705026
0.17036528635705026
0.17036528635705026
0.17036528635705026
0.17036528635705026
0.17036528635705026
0.17036528635705026
0.17044154655685198
0.17059406695645543
0.17059406695645543
0.17059406695645543
0.17059406695645543
0.17059406695645543
0.17059406695645543
0.17067032715625716
0.17067032715625716
0.17067032715625716
0.17067032715625716
0.17067032715625716
0.17067032715625716
0.17067032715625716
0.17067032715625716
0.17067032715625716
0.17067032715625716
0.17067032715625716
0.17067032715625716
0.17067032715625716
0.17067032715625716
0.17067032715625716
0.17067032715625716
0.17067032715625716
0.17067032715625716
0.17067032715625716
0.17067032715625716
0.17067032715625716
0.17067032715625716
0.17067032715625716
0.17067032715625716
0.17067032715625716
0.17067032715625716
0.17067032715625716
0.17067032715625716
0.17067032715625716
0.17067032715625716
0.17067032715625716
0.17067032715625716
0.17067032715625716
0.17067032715625716
0.17067032715625716
0.17067032715625716
0.17067032715625716
0.17067032715625716
0.17067032715625716
0.17067032715625716
0.17067032715625716
0.17067032715625716
0.17074658735605888
0.1708228475558606
0.1708228475558606
0.1708228475558606
0.1708228475558606
0.1708228475558606
0.17089910775566233
0.17089910775566233
0.17089910775566233
0.17089910775566233
0.17089910775566233
0.17089910775566233
0.17089910775566233
0.17089910775566233
0.17089910775566233
0.17089910775566233
0.17089910775566233
0.17097536795546403
0.17097536795546403
0.17097536795546403
0.17112788835506748
0.17112788835506748
0.17112788835506748
0.17112788835506748
0.17112788835506748
0.17112788835506748
0.17112788835506748
0.1712041485548692
0.1712041485548692
0.1712041485548692
0.1712041485548692
0.1712041485548692
0.1712041485548692
0.1712041485548692
0.1712041485548692
0.1712041485548692
0.1712041485548692
0.1712041485548692
0.17128040875467093
0.17128040875467093
0.17128040875467093
0.17128040875467093
0.17128040875467093
0.17128040875467093
0.17128040875467093
0.17128040875467093
0.17135666895447266
0.17135666895447266
0.17135666895447266
0.17135666895447266
0.17135666895447266
0.17135666895447266
0.17135666895447266
0.17135666895447266
0.17135666895447266
0.17135666895447266
0.17135666895447266
0.17135666895447266
0.17135666895447266
0.17135666895447266
0.17135666895447266
0.17135666895447266
0.17135666895447266
0.17135666895447266
0.17135666895447266
0.17143292915427438
0.17143292915427438
0.17143292915427438
0.17143292915427438
0.1715091893540761
0.1715091893540761
0.1715091893540761
0.1715091893540761
0.1715091893540761
0.17158544955387783
0.17158544955387783
0.17158544955387783
0.17158544955387783
0.17158544955387783
0.17158544955387783
0.17158544955387783
0.17158544955387783
0.17158544955387783
0.17166170975367956
0.17166170975367956
0.17166170975367956
0.17166170975367956
0.17173796995348128
0.17173796995348128
0.17173796995348128
0.17173796995348128
0.17173796995348128
0.17173796995348128
0.17173796995348128
0.17173796995348128
0.17173796995348128
0.17173796995348128
0.17173796995348128
0.171814230153283
0.17189049035308474
0.17189049035308474
0.17196675055288646
0.17196675055288646
0.17196675055288646
0.17196675055288646
0.17204301075268819
0.17204301075268819
0.17204301075268819
0.17211927095248988
0.1721955311522916
0.17227179135209333
0.17227179135209333
0.17227179135209333
0.17227179135209333
0.17227179135209333
0.17227179135209333
0.17227179135209333
0.17227179135209333
0.17227179135209333
0.17227179135209333
0.17227179135209333
0.17227179135209333
0.17234805155189506
0.17234805155189506
0.17234805155189506
0.17234805155189506
0.17234805155189506
0.17234805155189506
0.1725005719514985
0.1725005719514985
0.1725005719514985
0.17257683215130024
0.17257683215130024
0.17257683215130024
0.17265309235110196
0.17265309235110196
0.17265309235110196
0.17265309235110196
0.17265309235110196
0.17265309235110196
0.17265309235110196
0.17265309235110196
0.17265309235110196
0.17265309235110196
0.1727293525509037
0.1727293525509037
0.1727293525509037
0.1727293525509037
0.1727293525509037
0.1727293525509037
0.1727293525509037
0.1727293525509037
0.1727293525509037
0.17288187295050714
0.17288187295050714
0.17288187295050714
0.17288187295050714
0.17288187295050714
0.17288187295050714
0.17288187295050714
0.17288187295050714
0.17295813315030886
0.17295813315030886
0.17295813315030886
0.1730343933501106
0.1730343933501106
0.1730343933501106
0.1730343933501106
0.1730343933501106
0.1730343933501106
0.1730343933501106
0.1730343933501106
0.1730343933501106
0.1730343933501106
0.1730343933501106
0.1730343933501106
0.1731106535499123
0.173186913749714
0.173186913749714
0.17333943414931746
0.17333943414931746
0.17333943414931746
0.1734156943491192
0.1734156943491192
0.1734156943491192
0.1734156943491192
0.1734156943491192
0.1734156943491192
0.1734156943491192
0.1734156943491192
0.1734156943491192
0.1734156943491192
0.1734156943491192
0.1734156943491192
0.1734156943491192
0.1734156943491192
0.1734919545489209
0.1734919545489209
0.1734919545489209
0.1734919545489209
0.1734919545489209
0.1734919545489209
0.1734919545489209
0.1734919545489209
0.1734919545489209
0.1734919545489209
0.1734919545489209
0.1734919545489209
0.1734919545489209
0.1734919545489209
0.1734919545489209
0.1734919545489209
0.1734919545489209
0.1734919545489209
0.1734919545489209
0.17356821474872264
0.17356821474872264
0.17356821474872264
0.17356821474872264
0.17356821474872264
0.17356821474872264
0.17364447494852436
0.17364447494852436
0.17364447494852436
0.17364447494852436
0.17364447494852436
0.17364447494852436
0.17364447494852436
0.17364447494852436
0.17364447494852436
0.17364447494852436
0.17364447494852436
0.17364447494852436
0.17364447494852436
0.17364447494852436
0.17364447494852436
0.17364447494852436
0.17364447494852436
0.17364447494852436
0.17364447494852436
0.17364447494852436
0.1737207351483261
0.1737207351483261
0.1737207351483261
0.1737207351483261
0.1737207351483261
0.17379699534812781
0.17379699534812781
0.17379699534812781
0.17379699534812781
0.17379699534812781
0.17379699534812781
0.17387325554792954
0.17387325554792954
0.17387325554792954
0.17387325554792954
0.17387325554792954
0.17387325554792954
0.17387325554792954
0.17387325554792954
0.17394951574773126
0.174025775947533
0.174025775947533
0.17410203614733472
0.17417829634713644
0.17417829634713644
0.17417829634713644
0.17425455654693817
0.17425455654693817
0.17425455654693817
0.17425455654693817
0.17433081674673986
0.17433081674673986
0.17433081674673986
0.17433081674673986
0.17433081674673986
0.17433081674673986
0.17433081674673986
0.17433081674673986
0.17433081674673986
0.17433081674673986
0.17433081674673986
0.17433081674673986
0.17433081674673986
0.17433081674673986
0.17433081674673986
0.17433081674673986
0.17433081674673986
0.17433081674673986
0.17433081674673986
0.17433081674673986
0.1744070769465416
0.1744070769465416
0.1744070769465416
0.1744070769465416
0.1744070769465416
0.1744070769465416
0.1744070769465416
0.1744070769465416
0.1744070769465416
0.1744070769465416
0.1744070769465416
0.1744070769465416
0.1744070769465416
0.1744070769465416
0.1744070769465416
0.1744070769465416
0.1744070769465416
0.1744070769465416
0.1744070769465416
0.1744070769465416
0.1744070769465416
0.1744070769465416
0.1744070769465416
0.1744070769465416
0.1744070769465416
0.1744070769465416
0.1744070769465416
0.1744070769465416
0.1744070769465416
0.1744070769465416
0.1744070769465416
0.1744070769465416
0.17448333714634331
0.17448333714634331
0.17448333714634331
0.17448333714634331
0.17448333714634331
0.17448333714634331
0.17448333714634331
0.17448333714634331
0.17448333714634331
0.17448333714634331
0.17448333714634331
0.17448333714634331
0.17448333714634331
0.17448333714634331
0.17448333714634331
0.17448333714634331
0.17448333714634331
0.17448333714634331
0.17448333714634331
0.17448333714634331
0.17448333714634331
0.17448333714634331
0.17448333714634331
0.17448333714634331
0.17448333714634331
0.17448333714634331
0.17448333714634331
0.17448333714634331
0.17448333714634331
0.17448333714634331
0.17448333714634331
0.17448333714634331
0.17448333714634331
0.17448333714634331
0.17448333714634331
0.17448333714634331
0.17448333714634331
0.17448333714634331
0.17448333714634331
0.17448333714634331
0.17448333714634331
0.17448333714634331
0.17455959734614504
0.17455959734614504
0.17455959734614504
