0.08228475558605963
0.10592541752459392
0.11972851368870586
0.12964233966292993
0.13688705864409365
0.14245405322961946
0.14596202242049874
0.15061389460840388
0.15404560359948144
0.1568672309921452
0.1594600777854038
0.16159536337985206
0.1637306489743003
0.16586593456874857
0.16784869976359337
0.1692213833600244
0.17059406695645543
0.17196675055288646
0.1734919545489209
0.17448333714634331
0.175398459543964
0.17623732174178297
0.17715244413940365
0.17837260733623123
0.17875390833523983
0.17982155113246398
0.18043163273087776
0.18104171432929153
0.18149927552810188
0.1822618775261191
0.1827956989247312
0.18317699992373981
0.18401586212155877
0.18485472431937772
0.18554106611759322
0.18599862731640357
0.1867612293144208
0.1870662701136277
0.18760009151223977
0.18798139251124837
0.18828643331045528
0.18912529550827423
0.18950659650728285
0.19011667810569663
0.1903454587051018
0.19072675970411043
0.1910318005033173
0.19141310150232593
0.19156562190192938
0.19179440250133456
0.19202318310073974
0.19240448409974834
0.19255700449935179
0.1928620452985587
0.1929383054983604
0.193319606497369
0.19370090749637764
0.1938534278959811
0.19408220849538627
0.19431098909479144
0.1945397696941966
0.19461602989399832
0.19476855029360177
0.19499733089300694
0.19545489209181727
0.1958361930908259
0.19598871349042934
0.1961412338900328
0.1964462746892397
0.19667505528864485
0.1971326164874552
0.19736139708686037
0.19774269808586897
0.19797147868527415
0.19835277968428278
0.1987340806832914
0.19888660108289483
0.19903912148249828
0.19903912148249828
0.19934416228170518
0.19949668268130863
0.19964920308091208
0.19987798368031726
0.20025928467932586
0.20048806527873103
0.20064058567833448
0.20086936627773966
0.20086936627773966
0.20117440707694653
0.20178448867536034
0.20186074887516206
0.2020132692747655
0.20216578967436893
0.2023945702737741
0.20247083047357584
0.20277587127278274
0.2029283916723862
0.2029283916723862
0.20308091207198964
0.20323343247159306
0.2033096926713948
0.2036147334706017
0.20369099367040341
0.20369099367040341
0.20384351407000686
0.20384351407000686
0.2039197742698086
0.20407229466941204
0.20430107526881722
0.20430107526881722
0.20437733546861891
0.2046061160680241
0.20468237626782582
0.20475863646762754
0.2052161976664379
0.20552123846564477
0.20567375886524822
0.20582627926485167
0.20582627926485167
0.20597879966445512
0.20597879966445512
0.20605505986425685
0.20628384046366202
0.20636010066346375
0.20643636086326547
0.2065888812628689
0.2065888812628689
0.20666514146267062
0.20674140166247235
0.20674140166247235
0.20674140166247235
0.20674140166247235
0.2068939220620758
0.2068939220620758
0.2068939220620758
0.20712270266148097
0.2071989628612827
0.20735148326088615
0.2075040036604896
0.20758026386029133
0.20765652406009305
0.20780904445969647
0.2078853046594982
0.20803782505910165
0.20811408525890338
0.2081903454587051
0.20834286585830855
0.20834286585830855
0.20834286585830855
0.20834286585830855
0.20841912605811028
0.20841912605811028
0.208495386257912
0.20864790665751545
0.20872416685731718
0.20895294745672233
0.20902920765652405
0.20910546785632578
0.20910546785632578
0.20925798825592923
0.20925798825592923
0.20925798825592923
0.20933424845573095
0.20956302905513613
0.20963928925493786
0.20963928925493786
0.20963928925493786
0.20963928925493786
0.20971554945473958
0.20986806985434303
0.20994433005414473
0.20994433005414473
0.21002059025394645
0.2101731106535499
0.21024937085335163
0.21032563105315336
0.21040189125295508
0.2104781514527568
0.21070693205216198
0.2107831922519637
0.21085945245176543
0.21085945245176543
0.21085945245176543
0.21093571265156716
0.21093571265156716
0.2111644932509723
0.2111644932509723
0.21131701365057576
0.21131701365057576
0.21131701365057576
0.21131701365057576
0.21139327385037748
0.21169831464958438
0.21169831464958438
0.21169831464958438
0.2117745748493861
0.2117745748493861
0.2117745748493861
0.2117745748493861
0.21185083504918784
0.21185083504918784
0.21192709524898956
0.21192709524898956
0.2120033554487913
0.2120033554487913
0.212079615648593
0.212079615648593
0.212079615648593
0.2121558758483947
0.2121558758483947
0.21223213604819643
0.21238465644779989
0.2124609166476016
0.21253717684740334
0.21253717684740334
0.2126896972470068
0.2126896972470068
0.2127659574468085
0.2127659574468085
0.21284221764661024
0.21284221764661024
0.21291847784641196
0.2129947380462137
0.21307099824601541
0.21307099824601541
0.21307099824601541
0.21307099824601541
0.21307099824601541
0.21322351864561886
0.21329977884542056
0.21329977884542056
0.21329977884542056
0.213452299245024
0.213452299245024
0.213452299245024
0.21352855944482574
0.21352855944482574
0.21352855944482574
0.21352855944482574
0.21360481964462746
0.21360481964462746
0.21360481964462746
0.21360481964462746
0.21360481964462746
0.2136810798444292
0.21375734004423091
0.21375734004423091
0.21383360024403264
0.21383360024403264
0.21390986044383437
0.21390986044383437
0.21390986044383437
0.2139861206436361
0.2139861206436361
0.2139861206436361
0.2139861206436361
0.2139861206436361
0.21406238084343782
0.21406238084343782
0.21406238084343782
0.21413864104323954
0.21413864104323954
0.21413864104323954
0.21421490124304127
0.214291161442843
0.214291161442843
0.214291161442843
0.214291161442843
0.21451994204224814
0.21451994204224814
0.21451994204224814
0.21451994204224814
0.21459620224204987
0.21459620224204987
0.2146724624418516
0.21474872264165332
0.21482498284145504
0.21482498284145504
0.21482498284145504
0.21482498284145504
0.21490124304125677
0.21490124304125677
0.21490124304125677
0.21490124304125677
0.21490124304125677
0.21490124304125677
0.2149775032410585
0.21505376344086022
0.21505376344086022
0.21505376344086022
0.21513002364066194
0.21513002364066194
0.2152825440402654
0.21535880424006712
0.21543506443986885
0.21543506443986885
0.21558758483947227
0.21558758483947227
0.215663845039274
0.215663845039274
0.215663845039274
0.215663845039274
0.21574010523907572
0.21574010523907572
0.21574010523907572
0.21589262563867917
0.21589262563867917
0.21589262563867917
0.21589262563867917
0.21589262563867917
0.2159688858384809
0.21604514603828262
0.21612140623808435
0.21619766643788607
0.21619766643788607
0.2162739266376878
0.21635018683748952
0.21650270723709297
0.2165789674368947
0.2165789674368947
0.2166552276366964
0.2166552276366964
0.21673148783649812
0.21673148783649812
0.21680774803629985
0.21688400823610157
0.2169602684359033
0.2169602684359033
0.21703652863570502
0.21711278883550675
0.21711278883550675
0.21711278883550675
0.21718904903530847
0.21718904903530847
0.2172653092351102
0.2172653092351102
0.2172653092351102
0.2172653092351102
0.21741782963471365
0.21741782963471365
0.21741782963471365
0.21741782963471365
0.21741782963471365
0.21749408983451538
0.21749408983451538
0.2175703500343171
0.21772287043392052
0.21779913063372225
0.21779913063372225
0.21779913063372225
0.21787539083352397
0.21787539083352397
0.2179516510333257
0.21802791123312742
0.21810417143292915
0.21810417143292915
0.21818043163273088
0.2182566918325326
0.2182566918325326
0.2182566918325326
0.2182566918325326
0.2182566918325326
0.21833295203233433
0.21833295203233433
0.21833295203233433
0.21833295203233433
0.21833295203233433
0.21833295203233433
0.21833295203233433
0.21833295203233433
0.21833295203233433
0.21833295203233433
0.21833295203233433
0.21833295203233433
0.21833295203233433
0.21833295203233433
0.21833295203233433
0.21833295203233433
0.21833295203233433
0.21833295203233433
0.21833295203233433
0.21840921223213605
0.21840921223213605
0.21848547243193778
0.21848547243193778
0.21848547243193778
0.21848547243193778
0.21848547243193778
0.21848547243193778
0.21871425303134295
0.21871425303134295
0.21871425303134295
0.21879051323114468
0.21879051323114468
0.21879051323114468
0.21879051323114468
0.21879051323114468
0.21879051323114468
0.21879051323114468
0.21879051323114468
0.21879051323114468
0.21879051323114468
0.21879051323114468
0.21879051323114468
0.21879051323114468
0.21879051323114468
0.21886677343094638
0.21886677343094638
0.21886677343094638
0.21901929383054983
0.21901929383054983
0.21901929383054983
0.21901929383054983
0.21901929383054983
0.21909555403035155
0.21909555403035155
0.21909555403035155
0.21909555403035155
0.21909555403035155
0.21917181423015328
0.21917181423015328
0.21917181423015328
0.21917181423015328
0.21917181423015328
0.21917181423015328
0.21917181423015328
0.21917181423015328
0.21917181423015328
0.21917181423015328
0.21917181423015328
0.21917181423015328
0.21917181423015328
0.219248074429955
0.21932433462975673
0.21932433462975673
0.21932433462975673
0.21932433462975673
0.21940059482955845
0.21940059482955845
0.21947685502936018
0.21947685502936018
0.21947685502936018
0.21947685502936018
0.2195531152291619
0.2195531152291619
0.2195531152291619
0.21962937542896363
0.21962937542896363
0.21970563562876536
0.21970563562876536
0.21978189582856708
0.21978189582856708
0.21978189582856708
0.21978189582856708
0.21978189582856708
0.21978189582856708
0.2198581560283688
0.2198581560283688
0.2198581560283688
0.2199344162281705
0.2199344162281705
0.22008693662777395
0.22008693662777395
0.22008693662777395
0.22016319682757568
0.22016319682757568
0.22016319682757568
0.22016319682757568
0.22016319682757568
0.22016319682757568
0.22016319682757568
0.22016319682757568
0.22016319682757568
0.22016319682757568
0.22016319682757568
0.22016319682757568
0.22016319682757568
0.22016319682757568
0.22016319682757568
0.22016319682757568
0.22016319682757568
0.22016319682757568
0.22016319682757568
0.22031571722717913
0.22039197742698086
0.22039197742698086
0.22039197742698086
0.22039197742698086
0.22039197742698086
0.22039197742698086
0.22039197742698086
0.22039197742698086
0.22039197742698086
0.22039197742698086
0.22039197742698086
0.22039197742698086
0.22046823762678258
0.22046823762678258
0.22046823762678258
0.2205444978265843
0.2205444978265843
0.2205444978265843
0.2205444978265843
0.2205444978265843
0.2205444978265843
0.2205444978265843
0.2205444978265843
0.2205444978265843
0.2205444978265843
0.2205444978265843
0.2205444978265843
0.2205444978265843
0.2205444978265843
0.2205444978265843
0.2205444978265843
0.2205444978265843
0.2205444978265843
0.22062075802638603
0.22069701822618776
0.22077327842598948
0.22077327842598948
0.22077327842598948
0.22077327842598948
0.22077327842598948
0.22077327842598948
0.22077327842598948
0.22077327842598948
0.22077327842598948
0.22077327842598948
0.22077327842598948
0.22077327842598948
0.22077327842598948
0.22077327842598948
0.22077327842598948
0.22077327842598948
0.2208495386257912
0.2208495386257912
0.2208495386257912
0.22092579882559293
0.22092579882559293
0.22100205902539466
0.22100205902539466
0.22115457942499808
0.2212308396247998
0.2212308396247998
0.2212308396247998
0.2212308396247998
0.2212308396247998
0.2212308396247998
0.2212308396247998
0.22130709982460153
0.22130709982460153
0.22130709982460153
0.22130709982460153
0.22138336002440326
0.22138336002440326
0.22138336002440326
0.22145962022420498
0.22161214062380843
0.22168840082361016
0.22168840082361016
0.22168840082361016
0.22168840082361016
0.22168840082361016
0.22168840082361016
0.22168840082361016
0.22168840082361016
0.22168840082361016
0.22168840082361016
0.22168840082361016
0.22168840082361016
0.22168840082361016
0.22168840082361016
0.22176466102341189
0.22176466102341189
0.22176466102341189
0.22176466102341189
0.22176466102341189
0.22176466102341189
0.22176466102341189
0.22191718142301534
0.22191718142301534
0.22191718142301534
0.22191718142301534
0.22199344162281706
0.22199344162281706
0.22199344162281706
0.22199344162281706
0.22199344162281706
0.22199344162281706
0.22199344162281706
0.22199344162281706
0.22199344162281706
0.22199344162281706
0.2220697018226188
0.2220697018226188
0.2220697018226188
0.2220697018226188
0.2221459620224205
0.2221459620224205
0.2221459620224205
0.2221459620224205
0.2221459620224205
0.2221459620224205
0.2221459620224205
0.22237474262182566
0.22237474262182566
0.22237474262182566
0.22237474262182566
0.22237474262182566
0.22237474262182566
0.22237474262182566
0.22245100282162739
0.22245100282162739
0.22245100282162739
0.22245100282162739
0.22245100282162739
0.22245100282162739
0.22245100282162739
0.2225272630214291
0.2225272630214291
0.2225272630214291
0.2225272630214291
0.2225272630214291
0.2225272630214291
0.22260352322123084
0.22260352322123084
0.22260352322123084
0.22260352322123084
0.22260352322123084
0.22260352322123084
0.22260352322123084
0.22260352322123084
0.22267978342103256
0.22267978342103256
0.22267978342103256
0.2227560436208343
0.222832303820636
0.222832303820636
0.222832303820636
0.222832303820636
0.222832303820636
0.222832303820636
0.222832303820636
0.222832303820636
0.22290856402043774
0.22290856402043774
0.22290856402043774
0.22290856402043774
0.22290856402043774
0.22298482422023946
0.22298482422023946
0.22298482422023946
0.2230610844200412
0.2230610844200412
0.2230610844200412
0.2230610844200412
0.2230610844200412
0.2230610844200412
0.2230610844200412
0.2230610844200412
0.2230610844200412
0.2230610844200412
0.2230610844200412
0.2230610844200412
0.2230610844200412
0.22313734461984291
0.22313734461984291
0.22313734461984291
0.22321360481964464
0.22321360481964464
0.22328986501944634
0.22328986501944634
0.22328986501944634
0.22328986501944634
0.22328986501944634
0.22328986501944634
0.22328986501944634
0.22328986501944634
0.22336612521924806
0.22336612521924806
0.22336612521924806
0.22336612521924806
0.22336612521924806
0.22336612521924806
0.2234423854190498
0.2234423854190498
0.2234423854190498
0.2234423854190498
0.2234423854190498
0.2234423854190498
0.2235186456188515
0.2235186456188515
0.22367116601845496
0.22367116601845496
0.22367116601845496
0.2237474262182567
0.22389994661786014
0.22389994661786014
0.22389994661786014
0.22389994661786014
0.22389994661786014
0.22389994661786014
0.22389994661786014
0.22397620681766187
0.22397620681766187
0.22397620681766187
0.22397620681766187
0.22397620681766187
0.22397620681766187
0.22397620681766187
0.2240524670174636
0.22412872721726532
0.22420498741706704
0.22420498741706704
0.22420498741706704
0.22420498741706704
0.22420498741706704
0.22420498741706704
0.22420498741706704
0.22420498741706704
0.22420498741706704
0.22420498741706704
0.22420498741706704
0.22428124761686877
0.22428124761686877
0.22428124761686877
0.22428124761686877
0.22428124761686877
0.22428124761686877
0.22428124761686877
0.22428124761686877
0.22428124761686877
0.22428124761686877
0.22428124761686877
0.22428124761686877
0.22428124761686877
0.22428124761686877
0.22428124761686877
0.22428124761686877
0.22428124761686877
0.22428124761686877
0.2243575078166705
0.2243575078166705
0.2243575078166705
0.2243575078166705
0.2243575078166705
0.2243575078166705
0.2243575078166705
0.2243575078166705
0.2243575078166705
0.2243575078166705
0.2244337680164722
0.22451002821627392
0.22451002821627392
0.22451002821627392
0.22451002821627392
0.22451002821627392
0.22451002821627392
0.22451002821627392
0.22451002821627392
0.22458628841607564
0.22458628841607564
0.22458628841607564
0.22458628841607564
0.22458628841607564
0.22458628841607564
0.22458628841607564
0.22458628841607564
0.22458628841607564
0.22458628841607564
0.22458628841607564
0.22466254861587737
0.22466254861587737
0.22466254861587737
0.22466254861587737
0.22466254861587737
0.22466254861587737
0.22466254861587737
0.2247388088156791
0.2247388088156791
0.22481506901548082
0.22481506901548082
0.22481506901548082
0.22481506901548082
0.22481506901548082
0.22481506901548082
0.22481506901548082
0.22481506901548082
0.22481506901548082
0.22481506901548082
0.22481506901548082
0.22481506901548082
0.22481506901548082
0.22481506901548082
0.22481506901548082
0.22481506901548082
0.22489132921528254
0.22489132921528254
0.22496758941508427
0.22496758941508427
0.22496758941508427
0.22496758941508427
0.22496758941508427
0.22496758941508427
0.22496758941508427
0.22496758941508427
0.22496758941508427
0.225043849614886
0.225043849614886
0.225043849614886
0.225043849614886
0.225043849614886
0.225043849614886
0.225043849614886
0.22512010981468772
0.22512010981468772
0.22512010981468772
0.22512010981468772
0.22512010981468772
0.22512010981468772
0.22512010981468772
0.22519637001448944
0.22519637001448944
0.22519637001448944
0.22519637001448944
0.22519637001448944
0.22527263021429117
0.2253488904140929
0.2253488904140929
0.2253488904140929
0.2253488904140929
0.2253488904140929
0.2253488904140929
0.2253488904140929
0.2253488904140929
0.2253488904140929
0.2253488904140929
0.22542515061389462
0.22542515061389462
0.22542515061389462
0.22550141081369632
0.22550141081369632
0.22557767101349804
0.22557767101349804
0.22565393121329977
0.22565393121329977
0.22565393121329977
0.22565393121329977
0.22565393121329977
0.22565393121329977
0.22565393121329977
0.22565393121329977
0.22565393121329977
0.22565393121329977
0.22565393121329977
0.22565393121329977
0.22565393121329977
0.22565393121329977
0.22565393121329977
0.2257301914131015
0.2257301914131015
0.2257301914131015
0.2257301914131015
0.2257301914131015
0.2257301914131015
0.2257301914131015
0.2257301914131015
0.2257301914131015
0.2257301914131015
0.2257301914131015
0.2257301914131015
0.2257301914131015
0.2257301914131015
0.22580645161290322
0.22588271181270494
0.22588271181270494
0.22588271181270494
0.22588271181270494
0.22588271181270494
0.22588271181270494
0.22588271181270494
0.22588271181270494
0.22588271181270494
0.22588271181270494
0.22588271181270494
0.22588271181270494
0.22588271181270494
0.22588271181270494
0.22588271181270494
0.22588271181270494
0.22588271181270494
0.22588271181270494
0.22588271181270494
0.22588271181270494
0.22588271181270494
0.22588271181270494
0.22588271181270494
0.22588271181270494
0.22588271181270494
0.22588271181270494
0.22588271181270494
0.22588271181270494
0.22588271181270494
0.22588271181270494
0.22588271181270494
0.22588271181270494
0.22588271181270494
0.22588271181270494
0.22588271181270494
0.22588271181270494
0.22588271181270494
0.22588271181270494
0.22588271181270494
0.22588271181270494
0.22588271181270494
0.22588271181270494
0.22588271181270494
0.22588271181270494
0.22588271181270494
0.22588271181270494
0.22588271181270494
0.22588271181270494
0.22588271181270494
0.22595897201250667
0.22595897201250667
0.22595897201250667
0.22595897201250667
0.22595897201250667
0.22595897201250667
0.22595897201250667
0.22595897201250667
0.22595897201250667
0.22595897201250667
0.22595897201250667
0.22595897201250667
0.22595897201250667
0.22595897201250667
0.22595897201250667
0.22595897201250667
0.22595897201250667
0.22595897201250667
0.22595897201250667
0.22595897201250667
0.22595897201250667
0.22595897201250667
0.2260352322123084
0.2260352322123084
0.2260352322123084
0.2260352322123084
0.2260352322123084
0.2260352322123084
0.2260352322123084
0.22618775261191185
0.22618775261191185
0.22618775261191185
0.22618775261191185
0.22618775261191185
0.22618775261191185
0.22618775261191185
0.22618775261191185
0.22618775261191185
0.22618775261191185
0.22618775261191185
0.22618775261191185
0.22618775261191185
0.22618775261191185
0.22618775261191185
0.22618775261191185
0.22618775261191185
0.22618775261191185
0.22618775261191185
0.22618775261191185
0.22618775261191185
0.22618775261191185
0.22618775261191185
0.22618775261191185
0.22618775261191185
0.22618775261191185
0.22618775261191185
0.22618775261191185
0.22618775261191185
0.22618775261191185
0.22618775261191185
0.22618775261191185
0.22618775261191185
0.22618775261191185
0.22618775261191185
0.22618775261191185
0.22618775261191185
0.22618775261191185
0.22618775261191185
0.22618775261191185
0.22618775261191185
0.22618775261191185
0.22618775261191185
0.22618775261191185
0.22618775261191185
0.22618775261191185
0.22618775261191185
