0.04171432929154274
0.0629909250362236
0.07298101121024937
0.08007320979180965
0.08388621978189582
0.08724166857317166
0.09120719896286128
0.09433386715473195
0.09585907115076642
0.09761305574620606
0.1000533821398612
0.10150232593609396
0.10356135133074049
0.10531533592618013
0.10661175932280943
0.10836574391824906
0.10973842751468009
0.11095859071150767
0.11240753450774041
0.11339891710516281
0.1143140395027835
0.11553420269961108
0.11675436589643864
0.11744070769465416
0.1182033096926714
0.11911843209029208
0.12003355448791275
0.12056737588652482
0.1211011972851369
0.12171127888355067
0.12270266148097309
0.12323648287958515
0.12346526347899031
0.12392282467780065
0.12468542667581789
0.12552428887363684
0.12621063067185237
0.12689697247006787
0.12720201326927477
0.12773583466788682
0.12811713566689545
0.1286509570655075
0.1289559978647144
0.12903225806451613
0.1295660794631282
0.12987112026233508
0.13009990086174025
0.13040494166094715
0.13078624265995578
0.1309387630595592
0.13109128345916266
0.131548844657973
0.13170136505757646
0.13200640585678333
0.13238770685579196
0.13269274765499886
0.13292152825440404
0.13330282925341264
0.1334553496530161
0.13368413025242126
0.13391291085182644
0.1340654312514299
0.1344467322504385
0.13452299245024021
0.13459925265004194
0.13482803324944712
0.13528559444825747
0.1354381148478609
0.1357431556470678
0.13589567604667124
0.13612445664607642
0.13627697704567987
0.13665827804468847
0.13681079844429192
0.1370395790436971
0.13726835964310227
0.13764966064211087
0.13795470144131777
0.13818348204072295
0.13825974224052467
0.1383360024403264
0.13841226264012813
0.1386410432395333
0.1390223442385419
0.13917486463814535
0.13970868603675743
0.13993746663616258
0.14024250743536948
0.14039502783497293
0.1406238084343781
0.14085258903378328
0.14115762983299016
0.14146267063219706
0.14153893083199878
0.14176771143140396
0.1419964920308091
0.14207275223061083
0.14237779302981773
0.1426065736292229
0.1426065736292229
0.14275909402882636
0.1429116144284298
0.1432929154274384
0.14336917562724014
0.14344543582704186
0.1435216960268436
0.1435216960268436
0.14367421642644704
0.14375047662624876
0.14405551742545566
0.14405551742545566
0.1441317776252574
0.1441317776252574
0.1442842980248608
0.14436055822466254
0.14436055822466254
0.14436055822466254
0.14436055822466254
0.14436055822466254
0.144513078624266
0.14458933882406771
0.14466559902386944
0.14466559902386944
0.14489437962327462
0.14497063982307634
0.14504690002287807
0.14519942042248152
0.14535194082208494
0.1455044612216884
0.14573324182109357
0.14596202242049874
0.14603828262030047
0.14619080301990392
0.14626706321970565
0.14626706321970565
0.14626706321970565
0.14634332341950737
0.1464958438191108
0.1464958438191108
0.1464958438191108
0.14657210401891252
0.14672462441851597
0.1468008846183177
0.14695340501792115
0.1471059254175246
0.14718218561732632
0.14718218561732632
0.14733470601692977
0.14756348661633492
0.14756348661633492
0.14771600701593837
0.1477922672157401
0.14794478761534355
0.14802104781514527
0.14802104781514527
0.14824982841455045
0.1484023488141539
0.1484023488141539
0.14863112941355908
0.14863112941355908
0.14870738961336077
0.14870738961336077
0.14924121101197285
0.14931747121177458
0.14931747121177458
0.14931747121177458
0.14931747121177458
0.14931747121177458
0.14946999161137803
0.14954625181117975
0.14954625181117975
0.14962251201098148
0.14992755281018835
0.14992755281018835
0.14992755281018835
0.15000381300999008
0.15000381300999008
0.15000381300999008
0.15000381300999008
0.15000381300999008
0.15015633340959353
0.15023259360939525
0.15023259360939525
0.15030885380919698
0.15030885380919698
0.15030885380919698
0.1503851140089987
0.1503851140089987
0.1503851140089987
0.15046137420880043
0.15053763440860216
0.15076641500800733
0.15076641500800733
0.15091893540761075
0.15091893540761075
0.15091893540761075
0.15114771600701593
0.15122397620681766
0.15122397620681766
0.15122397620681766
0.15130023640661938
0.15130023640661938
0.15145275680622283
0.15152901700602456
0.15152901700602456
0.15152901700602456
0.15160527720582628
0.15160527720582628
0.151681537405628
0.15175779760542973
0.15191031800503318
0.1520628384046366
0.1520628384046366
0.1520628384046366
0.1520628384046366
0.15213909860443833
0.15213909860443833
0.15213909860443833
0.15221535880424006
0.15221535880424006
0.15221535880424006
0.1523678792038435
0.15252039960344696
0.15252039960344696
0.15259665980324869
0.15259665980324869
0.1526729200030504
0.15282544040265386
0.15282544040265386
0.15282544040265386
0.15305422100205904
0.15305422100205904
0.15320674140166246
0.1533592618012659
0.15343552200106764
0.1535880424006711
0.1535880424006711
0.1535880424006711
0.1535880424006711
0.1535880424006711
0.1536643026004728
0.1536643026004728
0.15374056280027454
0.15374056280027454
0.15374056280027454
0.15396934339967971
0.15412186379928317
0.1541981239990849
0.1542743841988866
0.1542743841988866
0.1542743841988866
0.1543506443986883
0.1543506443986883
0.1543506443986883
0.15450316479829176
0.15450316479829176
0.15465568519789522
0.1548844657973004
0.1548844657973004
0.15503698619690384
0.15511324639670557
0.15511324639670557
0.15511324639670557
0.1551895065965073
0.1551895065965073
0.15541828719591244
0.15541828719591244
0.15541828719591244
0.15541828719591244
0.15541828719591244
0.15541828719591244
0.15549454739571417
0.15572332799511934
0.15572332799511934
0.15579958819492107
0.15579958819492107
0.1558758483947228
0.15602836879432624
0.15602836879432624
0.15602836879432624
0.15610462899412797
0.15610462899412797
0.15610462899412797
0.1561808891939297
0.1561808891939297
0.15625714939373142
0.15625714939373142
0.15625714939373142
0.15625714939373142
0.15625714939373142
0.15625714939373142
0.15633340959353315
0.15640966979333487
0.15648592999313657
0.1565621901929383
0.1565621901929383
0.15671471059254174
0.15671471059254174
0.15671471059254174
0.15671471059254174
0.15671471059254174
0.15671471059254174
0.15671471059254174
0.15671471059254174
0.15679097079234347
0.15679097079234347
0.1568672309921452
0.1568672309921452
0.15694349119194692
0.15694349119194692
0.15694349119194692
0.15709601159155037
0.1571722717913521
0.1571722717913521
0.15724853199115382
0.15732479219095555
0.15732479219095555
0.157477312590559
0.15762983299016242
0.15762983299016242
0.15762983299016242
0.15778235338976587
0.15778235338976587
0.15793487378936932
0.15793487378936932
0.15793487378936932
0.15801113398917105
0.15823991458857622
0.15823991458857622
0.15823991458857622
0.15823991458857622
0.15823991458857622
0.15831617478837795
0.15839243498817968
0.15839243498817968
0.15839243498817968
0.1584686951879814
0.15854495538778313
0.15862121558758485
0.15862121558758485
0.15862121558758485
0.15862121558758485
0.15862121558758485
0.15869747578738655
0.15884999618699
0.15884999618699
0.15892625638679173
0.15900251658659345
0.15900251658659345
0.1591550369861969
0.1591550369861969
0.1591550369861969
0.1591550369861969
0.1591550369861969
0.1591550369861969
0.1591550369861969
0.1591550369861969
0.15923129718599863
0.15930755738580035
0.15930755738580035
0.15930755738580035
0.15930755738580035
0.15930755738580035
0.15930755738580035
0.15938381758560208
0.15938381758560208
0.15938381758560208
0.1594600777854038
0.15953633798520553
0.15953633798520553
0.15961259818500725
0.15961259818500725
0.15961259818500725
0.15961259818500725
0.15968885838480898
0.15968885838480898
0.15968885838480898
0.1597651185846107
0.1597651185846107
0.1597651185846107
0.1598413787844124
0.1598413787844124
0.15991763898421413
0.15991763898421413
0.15991763898421413
0.15991763898421413
0.15991763898421413
0.15991763898421413
0.15991763898421413
0.15991763898421413
0.15991763898421413
0.15999389918401585
0.15999389918401585
0.15999389918401585
0.15999389918401585
0.15999389918401585
0.15999389918401585
0.15999389918401585
0.15999389918401585
0.1601464195836193
0.1601464195836193
0.1601464195836193
0.16022267978342103
0.16022267978342103
0.16022267978342103
0.16022267978342103
0.16022267978342103
0.16029893998322275
0.16037520018302448
0.16037520018302448
0.1604514603828262
0.1604514603828262
0.16052772058262793
0.1607565011820331
0.1607565011820331
0.1607565011820331
0.1607565011820331
0.1607565011820331
0.16083276138183483
0.16090902158163656
0.16090902158163656
0.16090902158163656
0.16090902158163656
0.16090902158163656
0.16090902158163656
0.16090902158163656
0.16090902158163656
0.16098528178143826
0.16098528178143826
0.16098528178143826
0.16098528178143826
0.16098528178143826
0.16098528178143826
0.16098528178143826
0.16098528178143826
0.16098528178143826
0.16098528178143826
0.16098528178143826
0.16098528178143826
0.16098528178143826
0.16098528178143826
0.16098528178143826
0.16106154198123998
0.16106154198123998
0.16106154198123998
0.1611378021810417
0.1611378021810417
0.1611378021810417
0.16121406238084343
0.16129032258064516
0.16136658278044688
0.16136658278044688
0.16136658278044688
0.1614428429802486
0.1614428429802486
0.16159536337985206
0.16167162357965378
0.16167162357965378
0.1617478837794555
0.1617478837794555
0.1617478837794555
0.1617478837794555
0.16182414397925723
0.16182414397925723
0.16182414397925723
0.16182414397925723
0.16190040417905896
0.16190040417905896
0.16190040417905896
0.16205292457866238
0.16205292457866238
0.16205292457866238
0.1621291847784641
0.16220544497826583
0.16228170517806756
0.16235796537786928
0.16235796537786928
0.16235796537786928
0.16235796537786928
0.162434225577671
0.162434225577671
0.162434225577671
0.162434225577671
0.162434225577671
0.162434225577671
0.162434225577671
0.162434225577671
0.162434225577671
0.162434225577671
0.162434225577671
0.162434225577671
0.162434225577671
0.162434225577671
0.162434225577671
0.16251048577747274
0.16258674597727446
0.16258674597727446
0.16258674597727446
0.16266300617707619
0.16266300617707619
0.16266300617707619
0.16266300617707619
0.16266300617707619
0.16266300617707619
0.1627392663768779
0.16281552657667964
0.16281552657667964
0.16281552657667964
0.16281552657667964
0.16289178677648136
0.16289178677648136
0.1629680469762831
0.1629680469762831
0.1629680469762831
0.1629680469762831
0.1629680469762831
0.1629680469762831
0.1630443071760848
0.1630443071760848
0.1630443071760848
0.1630443071760848
0.16312056737588654
0.16312056737588654
0.16312056737588654
0.16319682757568824
0.16319682757568824
0.16319682757568824
0.16327308777548996
0.16327308777548996
0.16327308777548996
0.16327308777548996
0.16327308777548996
0.16327308777548996
0.16327308777548996
0.1633493479752917
0.1633493479752917
0.16357812857469686
0.16357812857469686
0.16357812857469686
0.16357812857469686
0.16357812857469686
0.16357812857469686
0.16357812857469686
0.16357812857469686
0.16357812857469686
0.16357812857469686
0.1636543887744986
0.1637306489743003
0.1637306489743003
0.1637306489743003
0.1637306489743003
0.1637306489743003
0.1637306489743003
0.1637306489743003
0.1637306489743003
0.1637306489743003
0.1637306489743003
0.1637306489743003
0.1637306489743003
0.16388316937390376
0.16388316937390376
0.16388316937390376
0.16388316937390376
0.16388316937390376
0.1639594295737055
0.16411194997330894
0.16411194997330894
0.16411194997330894
0.16411194997330894
0.16411194997330894
0.16418821017311067
0.16418821017311067
0.16418821017311067
0.16418821017311067
0.16418821017311067
0.16418821017311067
0.16418821017311067
0.16418821017311067
0.16418821017311067
0.16418821017311067
0.16418821017311067
0.16418821017311067
0.16418821017311067
0.16418821017311067
0.16426447037291236
0.16426447037291236
0.16426447037291236
0.16426447037291236
0.16426447037291236
0.1643407305727141
0.1643407305727141
0.1643407305727141
0.1643407305727141
0.1643407305727141
0.1643407305727141
0.1643407305727141
0.1643407305727141
0.1643407305727141
0.1643407305727141
0.1643407305727141
0.1643407305727141
0.1643407305727141
0.1643407305727141
0.16441699077251581
0.16441699077251581
0.16441699077251581
0.16441699077251581
0.16441699077251581
0.16441699077251581
0.16449325097231754
0.16449325097231754
0.16456951117211926
0.164645771371921
0.164645771371921
0.164645771371921
0.164645771371921
0.164645771371921
0.164645771371921
0.164645771371921
0.164645771371921
0.164645771371921
0.164645771371921
0.164645771371921
0.164645771371921
0.164645771371921
0.164645771371921
0.164645771371921
0.164645771371921
0.164645771371921
0.164645771371921
0.164645771371921
0.16472203157172272
0.16479829177152444
0.16479829177152444
0.16479829177152444
0.16479829177152444
0.16487455197132617
0.16487455197132617
0.1649508121711279
0.16502707237092962
0.16502707237092962
0.16502707237092962
0.16502707237092962
0.16510333257073134
0.16510333257073134
0.16510333257073134
0.16510333257073134
0.16510333257073134
0.16510333257073134
0.16510333257073134
0.16510333257073134
0.16510333257073134
0.16517959277053307
0.16517959277053307
0.16517959277053307
0.16517959277053307
0.16517959277053307
0.16517959277053307
0.16517959277053307
0.16517959277053307
0.16517959277053307
0.16517959277053307
0.16517959277053307
0.16517959277053307
0.16517959277053307
0.1652558529703348
0.1652558529703348
0.1652558529703348
0.16533211317013652
0.16533211317013652
0.16548463356973994
0.16548463356973994
0.16548463356973994
0.16548463356973994
0.16548463356973994
0.16548463356973994
0.16548463356973994
0.16548463356973994
0.16548463356973994
0.16548463356973994
0.1656371539693434
0.1656371539693434
0.1656371539693434
0.16571341416914512
0.16571341416914512
0.16571341416914512
0.16571341416914512
0.16571341416914512
0.16571341416914512
0.16571341416914512
0.16571341416914512
0.16586593456874857
0.16586593456874857
0.1659421947685503
0.1659421947685503
0.16601845496835202
0.16601845496835202
0.16601845496835202
0.16601845496835202
0.16601845496835202
0.16609471516815374
0.16609471516815374
0.16609471516815374
0.16609471516815374
0.16609471516815374
0.16609471516815374
0.16609471516815374
0.16609471516815374
0.16617097536795547
0.16617097536795547
0.16617097536795547
0.16617097536795547
0.16617097536795547
0.16617097536795547
0.16617097536795547
0.16617097536795547
0.16617097536795547
0.16617097536795547
0.16617097536795547
0.1662472355677572
0.16632349576755892
0.16632349576755892
0.16632349576755892
0.16639975596736065
0.16639975596736065
0.16639975596736065
0.16639975596736065
0.16639975596736065
0.16647601616716237
0.16647601616716237
0.16647601616716237
0.16647601616716237
0.16647601616716237
0.16647601616716237
0.16647601616716237
0.16647601616716237
0.16647601616716237
0.16647601616716237
0.16647601616716237
0.16647601616716237
0.16647601616716237
0.16647601616716237
0.16647601616716237
0.16647601616716237
0.16647601616716237
0.16647601616716237
0.16647601616716237
0.16647601616716237
0.16647601616716237
0.16647601616716237
0.16647601616716237
0.16647601616716237
0.16655227636696407
0.16655227636696407
0.16655227636696407
0.16655227636696407
0.16655227636696407
0.16655227636696407
0.1666285365667658
0.1666285365667658
0.1666285365667658
0.1666285365667658
0.1666285365667658
0.1666285365667658
0.1666285365667658
0.1666285365667658
0.1666285365667658
0.1666285365667658
0.1666285365667658
0.1666285365667658
0.1666285365667658
0.1666285365667658
0.1666285365667658
0.1666285365667658
0.1666285365667658
0.16670479676656752
0.16670479676656752
0.16678105696636925
0.16678105696636925
0.16678105696636925
0.16678105696636925
0.16678105696636925
0.16678105696636925
0.16678105696636925
0.16678105696636925
0.16678105696636925
0.16678105696636925
0.16678105696636925
0.16678105696636925
0.16678105696636925
0.16678105696636925
0.16678105696636925
0.16678105696636925
0.16678105696636925
0.16678105696636925
0.16685731716617097
0.16685731716617097
0.16685731716617097
0.16700983756577442
0.16700983756577442
0.16700983756577442
0.16700983756577442
0.16708609776557615
0.16716235796537787
0.16716235796537787
0.16716235796537787
0.16716235796537787
0.16716235796537787
0.16716235796537787
0.1672386181651796
0.16731487836498132
0.16731487836498132
0.16731487836498132
0.16731487836498132
0.16731487836498132
0.16731487836498132
0.16731487836498132
0.16731487836498132
0.16731487836498132
0.16731487836498132
0.16731487836498132
0.16731487836498132
0.16731487836498132
0.16731487836498132
0.16731487836498132
0.16731487836498132
0.16731487836498132
0.16731487836498132
0.16731487836498132
0.16739113856478305
0.16739113856478305
0.16739113856478305
0.16739113856478305
0.1675436589643865
0.1675436589643865
0.1675436589643865
0.1675436589643865
0.1675436589643865
0.16769617936398992
0.16769617936398992
0.16769617936398992
0.16769617936398992
0.16769617936398992
0.16769617936398992
0.16769617936398992
0.16777243956379165
0.16777243956379165
0.16777243956379165
0.16784869976359337
0.16784869976359337
0.16784869976359337
0.16784869976359337
0.16784869976359337
0.16784869976359337
0.16784869976359337
0.16784869976359337
0.16784869976359337
0.16784869976359337
0.16784869976359337
0.16784869976359337
0.16784869976359337
0.16784869976359337
0.16784869976359337
0.1679249599633951
0.1679249599633951
0.1679249599633951
0.1679249599633951
0.1679249599633951
0.1679249599633951
0.1679249599633951
0.1679249599633951
0.1679249599633951
0.1679249599633951
0.1679249599633951
0.1679249599633951
0.1679249599633951
0.1679249599633951
0.1679249599633951
0.1679249599633951
0.16800122016319682
0.16800122016319682
0.16800122016319682
0.16800122016319682
0.16800122016319682
0.16807748036299855
0.16815374056280027
0.16815374056280027
0.168230000762602
0.16830626096240373
0.16830626096240373
0.16830626096240373
0.16830626096240373
0.16845878136200718
0.16845878136200718
0.16845878136200718
0.16845878136200718
0.16845878136200718
0.16845878136200718
0.16845878136200718
0.16845878136200718
0.16845878136200718
0.16845878136200718
0.16845878136200718
0.16845878136200718
0.16845878136200718
0.16845878136200718
0.16845878136200718
0.16845878136200718
0.16845878136200718
0.16845878136200718
0.16845878136200718
0.1685350415618089
0.1685350415618089
0.1685350415618089
0.1685350415618089
0.1685350415618089
0.1685350415618089
0.1685350415618089
0.1685350415618089
0.1685350415618089
0.1685350415618089
0.1685350415618089
0.1685350415618089
0.1685350415618089
0.1685350415618089
0.1685350415618089
0.16861130176161063
0.16861130176161063
0.16861130176161063
0.16868756196141235
0.16868756196141235
0.16868756196141235
0.16868756196141235
0.16868756196141235
0.16868756196141235
0.16868756196141235
0.16868756196141235
0.16868756196141235
0.16868756196141235
0.16868756196141235
0.16868756196141235
0.16868756196141235
0.16868756196141235
0.16868756196141235
0.1689163425608175
0.16899260276061923
0.16899260276061923
0.16899260276061923
0.16899260276061923
0.16914512316022268
0.16914512316022268
0.16914512316022268
0.16914512316022268
0.1692213833600244
0.1692213833600244
0.1692213833600244
0.1692213833600244
0.1692213833600244
0.1692213833600244
0.16929764355982613
0.16929764355982613
0.16937390375962785
0.16937390375962785
0.16937390375962785
0.16937390375962785
0.16937390375962785
0.16937390375962785
0.16937390375962785
0.16937390375962785
0.16937390375962785
0.16937390375962785
0.16937390375962785
0.16945016395942958
0.16945016395942958
0.16945016395942958
0.16945016395942958
0.16945016395942958
0.16945016395942958
0.16945016395942958
0.1695264241592313
0.1695264241592313
0.1695264241592313
0.1695264241592313
0.1695264241592313
0.1695264241592313
0.1695264241592313
0.1695264241592313
0.1695264241592313
0.1695264241592313
0.1695264241592313
0.16960268435903303
0.16960268435903303
0.16967894455883475
0.16967894455883475
0.16967894455883475
0.16967894455883475
0.16967894455883475
0.16967894455883475
0.16967894455883475
0.16967894455883475
