0.030351559521085945
0.04842522687409441
0.05742393045069778
0.060626858842370165
0.06489743003126668
0.06962556241897354
0.07420117440707695
0.07854800579577519
0.08091207198962862
0.08289483718447342
0.08503012277892168
0.0870128879737665
0.0889956531686113
0.09013955616563715
0.09135971936246473
0.09242736215968886
0.09441012735453366
0.09570655075116297
0.09715549454739572
0.09829939754442156
0.09944330054144741
0.09982460154045604
0.10051094333867154
0.10142606573629223
0.10180736673530084
0.10256996873331808
0.10379013193014566
0.10432395332875773
0.10546785632578358
0.10592541752459392
0.10653549912300771
0.10760314192023183
0.10790818271943872
0.10836574391824906
0.10882330511705941
0.10950964691527491
0.10981468771448182
0.11027224891329215
0.11057728971249904
0.11126363151071456
0.11156867230992146
0.11210249370853352
0.11240753450774041
0.11278883550674902
0.1130176161061542
0.11332265690536109
0.11385647830397316
0.11454282010218866
0.1153054221002059
0.11545794249980935
0.11568672309921452
0.11614428429802486
0.11644932509723176
0.11675436589643864
0.11721192709524898
0.11751696789445588
0.11766948829405934
0.11797452909326622
0.1182033096926714
0.11843209029207656
0.11850835049187829
0.11866087089148174
0.11911843209029208
0.11942347288949898
0.11957599328910241
0.11995729428811104
0.1201860748875162
0.12026233508731793
0.12056737588652482
0.12087241668573172
0.12102493708533517
0.12125371768474033
0.12171127888355067
0.1217875390833524
0.12216884008236102
0.12239762068176618
0.12262640128117136
0.1227789216807748
0.12293144208037825
0.1230839624799817
0.12331274307938687
0.12354152367879204
0.12377030427819721
0.1240753450774041
0.12415160527720583
0.12430412567680928
0.124380385876611
0.12445664607641271
0.12460916647601616
0.12468542667581789
0.12491420727522307
0.12506672767482652
0.12529550827423167
0.12544802867383512
0.12544802867383512
0.12575306947304202
0.12590558987264547
0.1259818500724472
0.1262868908716541
0.12636315107145582
0.12651567147105924
0.12674445207046442
0.12689697247006787
0.1269732326698696
0.1269732326698696
0.12720201326927477
0.12750705406848165
0.12758331426828337
0.127964615267292
0.12811713566689545
0.1282696560664989
0.12834591626630062
0.12842217646610235
0.12872721726530922
0.12887973766491267
0.12903225806451613
0.1292610386639213
0.12941355906352475
0.12964233966292993
0.12971859986273165
0.13002364066193853
0.13009990086174025
0.13009990086174025
0.13017616106154198
0.13032868146114543
0.1305574620605506
0.1305574620605506
0.1305574620605506
0.13070998246015406
0.13070998246015406
0.13078624265995578
0.13078624265995578
0.13078624265995578
0.13078624265995578
0.13078624265995578
0.13086250285975748
0.13086250285975748
0.13086250285975748
0.1309387630595592
0.13101502325936093
0.13109128345916266
0.13116754365896438
0.1312438038587661
0.1312438038587661
0.13147258445817128
0.131548844657973
0.13170136505757646
0.13170136505757646
0.1318538854571799
0.13200640585678333
0.13208266605658506
0.13215892625638678
0.13215892625638678
0.13231144665599023
0.13238770685579196
0.13238770685579196
0.13238770685579196
0.13269274765499886
0.13276900785480059
0.13299778845420576
0.13299778845420576
0.13299778845420576
0.13307404865400746
0.13307404865400746
0.13307404865400746
0.1332265690536109
0.1332265690536109
0.1332265690536109
0.13330282925341264
0.133760390452223
0.1338366506520247
0.1338366506520247
0.1338366506520247
0.1338366506520247
0.13398917105162816
0.13398917105162816
0.13398917105162816
0.1340654312514299
0.1340654312514299
0.1340654312514299
0.13414169145123161
0.13414169145123161
0.13414169145123161
0.13414169145123161
0.13414169145123161
0.13429421185083504
0.13429421185083504
0.13429421185083504
0.13429421185083504
0.13437047205063676
0.13452299245024021
0.13490429344924884
0.13513307404865402
0.13513307404865402
0.13513307404865402
0.13528559444825747
0.13528559444825747
0.13528559444825747
0.13528559444825747
0.1354381148478609
0.1354381148478609
0.1354381148478609
0.1354381148478609
0.13559063524746434
0.13559063524746434
0.1357431556470678
0.1357431556470678
0.13581941584686952
0.13589567604667124
0.13612445664607642
0.13620071684587814
0.13620071684587814
0.13620071684587814
0.13627697704567987
0.1363532372454816
0.1363532372454816
0.1363532372454816
0.1364294974452833
0.1364294974452833
0.1364294974452833
0.13650575764508502
0.13658201784488674
0.13658201784488674
0.13658201784488674
0.13658201784488674
0.13658201784488674
0.13665827804468847
0.13681079844429192
0.13681079844429192
0.13688705864409365
0.13696331884389537
0.13696331884389537
0.1370395790436971
0.13711583924349882
0.13711583924349882
0.13719209944330055
0.13719209944330055
0.13726835964310227
0.13726835964310227
0.137344619842904
0.137344619842904
0.13742088004270572
0.13749714024250745
0.13757340044230915
0.13757340044230915
0.13757340044230915
0.13764966064211087
0.1377259208419126
0.1377259208419126
0.1377259208419126
0.1377259208419126
0.1377259208419126
0.13780218104171432
0.13780218104171432
0.13787844124151605
0.13787844124151605
0.13787844124151605
0.13787844124151605
0.1380309616411195
0.13810722184092122
0.13810722184092122
0.13810722184092122
0.13810722184092122
0.13810722184092122
0.13810722184092122
0.13810722184092122
0.13810722184092122
0.13818348204072295
0.13818348204072295
0.13818348204072295
0.13825974224052467
0.13825974224052467
0.1383360024403264
0.1383360024403264
0.13841226264012813
0.13841226264012813
0.13841226264012813
0.13841226264012813
0.13841226264012813
0.13841226264012813
0.13856478303973158
0.13856478303973158
0.13856478303973158
0.1386410432395333
0.138717303439335
0.138717303439335
0.13886982383893845
0.13894608403874018
0.13894608403874018
0.1390223442385419
0.1390223442385419
0.1390223442385419
0.1390223442385419
0.1390223442385419
0.1390223442385419
0.1390223442385419
0.13909860443834363
0.13909860443834363
0.13917486463814535
0.13917486463814535
0.13917486463814535
0.13925112483794708
0.13925112483794708
0.13925112483794708
0.13925112483794708
0.13925112483794708
0.13925112483794708
0.13925112483794708
0.13925112483794708
0.13940364523755053
0.13947990543735225
0.13947990543735225
0.13947990543735225
0.13955616563715398
0.13955616563715398
0.13970868603675743
0.13970868603675743
0.13978494623655913
0.13986120643636085
0.13986120643636085
0.13986120643636085
0.13993746663616258
0.13993746663616258
0.13993746663616258
0.13993746663616258
0.13993746663616258
0.13993746663616258
0.1400137268359643
0.1400137268359643
0.1400137268359643
0.1400137268359643
0.1400137268359643
0.1400137268359643
0.14008998703576603
0.14016624723556775
0.14024250743536948
0.14024250743536948
0.14047128803477466
0.1406238084343781
0.14070006863417983
0.14070006863417983
0.14077632883398156
0.14085258903378328
0.14085258903378328
0.14085258903378328
0.14092884923358498
0.14092884923358498
0.1410051094333867
0.14108136963318843
0.14108136963318843
0.14108136963318843
0.14108136963318843
0.14108136963318843
0.14108136963318843
0.14115762983299016
0.14115762983299016
0.14123389003279188
0.14123389003279188
0.14123389003279188
0.14123389003279188
0.14123389003279188
0.14123389003279188
0.14123389003279188
0.14123389003279188
0.1413101502325936
0.1413101502325936
0.1413101502325936
0.1413101502325936
0.1413101502325936
0.14138641043239533
0.14146267063219706
0.14146267063219706
0.14146267063219706
0.14153893083199878
0.1416151910318005
0.1416151910318005
0.1416151910318005
0.1416151910318005
0.1416151910318005
0.14169145123160223
0.14169145123160223
0.14169145123160223
0.14169145123160223
0.14169145123160223
0.14176771143140396
0.14176771143140396
0.14184397163120568
0.1419202318310074
0.1419202318310074
0.14207275223061083
0.14207275223061083
0.14207275223061083
0.14207275223061083
0.14214901243041256
0.14214901243041256
0.14214901243041256
0.142301532830016
0.142301532830016
0.142301532830016
0.14237779302981773
0.14237779302981773
0.14237779302981773
0.14237779302981773
0.14237779302981773
0.14237779302981773
0.14237779302981773
0.14237779302981773
0.14245405322961946
0.14245405322961946
0.14245405322961946
0.14245405322961946
0.1426065736292229
0.14268283382902464
0.14268283382902464
0.14268283382902464
0.14275909402882636
0.1428353542286281
0.1428353542286281
0.1428353542286281
0.1428353542286281
0.1428353542286281
0.1428353542286281
0.1428353542286281
0.1428353542286281
0.1428353542286281
0.1428353542286281
0.1428353542286281
0.1428353542286281
0.1428353542286281
0.1428353542286281
0.1429116144284298
0.14298787462823154
0.14298787462823154
0.14298787462823154
0.14298787462823154
0.14298787462823154
0.14298787462823154
0.14306413482803326
0.14306413482803326
0.14314039502783496
0.14321665522763669
0.14321665522763669
0.14321665522763669
0.14321665522763669
0.14321665522763669
0.14321665522763669
0.14321665522763669
0.14321665522763669
0.1432929154274384
0.14336917562724014
0.14344543582704186
0.14344543582704186
0.14344543582704186
0.14344543582704186
0.14344543582704186
0.14344543582704186
0.14344543582704186
0.1435216960268436
0.1435216960268436
0.1435216960268436
0.1435216960268436
0.1435216960268436
0.1435216960268436
0.1435216960268436
0.1435979562266453
0.1435979562266453
0.14367421642644704
0.14367421642644704
0.14367421642644704
0.14367421642644704
0.14367421642644704
0.14367421642644704
0.14367421642644704
0.14367421642644704
0.14367421642644704
0.14367421642644704
0.14367421642644704
0.14367421642644704
0.14375047662624876
0.14375047662624876
0.1438267368260505
0.1438267368260505
0.1438267368260505
0.1438267368260505
0.1438267368260505
0.1438267368260505
0.1438267368260505
0.1438267368260505
0.1438267368260505
0.1438267368260505
0.14390299702585221
0.14390299702585221
0.14390299702585221
0.14390299702585221
0.14390299702585221
0.14390299702585221
0.14390299702585221
0.14390299702585221
0.14390299702585221
0.14390299702585221
0.14390299702585221
0.14397925722565394
0.14397925722565394
0.14405551742545566
0.14405551742545566
0.14405551742545566
0.14405551742545566
0.1441317776252574
0.1441317776252574
0.1441317776252574
0.1441317776252574
0.1441317776252574
0.1441317776252574
0.1441317776252574
0.14420803782505912
0.14420803782505912
0.1442842980248608
0.1442842980248608
0.14436055822466254
0.14436055822466254
0.14436055822466254
0.14436055822466254
0.14436055822466254
0.14436055822466254
0.14443681842446426
0.144513078624266
0.144513078624266
0.144513078624266
0.144513078624266
0.14458933882406771
0.14466559902386944
0.14466559902386944
0.14466559902386944
0.14474185922367117
0.14474185922367117
0.1448181194234729
0.1448181194234729
0.1448181194234729
0.1448181194234729
0.1448181194234729
0.14489437962327462
0.14489437962327462
0.14489437962327462
0.14489437962327462
0.14497063982307634
0.14497063982307634
0.14497063982307634
0.14497063982307634
0.14497063982307634
0.14497063982307634
0.14504690002287807
0.14504690002287807
0.1451231602226798
0.1451231602226798
0.1451231602226798
0.1451231602226798
0.14519942042248152
0.14519942042248152
0.14519942042248152
0.14519942042248152
0.14519942042248152
0.14519942042248152
0.14519942042248152
0.14519942042248152
0.14519942042248152
0.14519942042248152
0.14519942042248152
0.14519942042248152
0.14519942042248152
0.14519942042248152
0.14519942042248152
0.14527568062228324
0.14535194082208494
0.14542820102188667
0.14542820102188667
0.14542820102188667
0.14542820102188667
0.14542820102188667
0.14542820102188667
0.14542820102188667
0.14542820102188667
0.14542820102188667
0.14542820102188667
0.14542820102188667
0.14542820102188667
0.1455044612216884
0.1455044612216884
0.1455044612216884
0.1455044612216884
0.14558072142149012
0.14558072142149012
0.14558072142149012
0.14558072142149012
0.14558072142149012
0.14558072142149012
0.14565698162129184
0.14565698162129184
0.14565698162129184
0.14565698162129184
0.14565698162129184
0.14565698162129184
0.14565698162129184
0.14565698162129184
0.14565698162129184
0.14565698162129184
0.14565698162129184
0.14565698162129184
0.14565698162129184
0.1458095020208953
0.1458095020208953
0.1458095020208953
0.1458095020208953
0.1458095020208953
0.1458095020208953
0.1458095020208953
0.1458095020208953
0.1458095020208953
0.1458095020208953
0.1458095020208953
0.1458095020208953
0.1458095020208953
0.14588576222069702
0.14588576222069702
0.14588576222069702
0.14588576222069702
0.14596202242049874
0.14596202242049874
0.14603828262030047
0.14603828262030047
0.14603828262030047
0.14603828262030047
0.14619080301990392
0.14619080301990392
0.14619080301990392
0.14619080301990392
0.14619080301990392
0.14619080301990392
0.14619080301990392
0.14619080301990392
0.14619080301990392
0.14626706321970565
0.14626706321970565
0.14626706321970565
0.14626706321970565
0.14626706321970565
0.14626706321970565
0.14626706321970565
0.14634332341950737
0.14634332341950737
0.14634332341950737
0.1464195836193091
0.1464195836193091
0.1464195836193091
0.1464195836193091
0.1464195836193091
0.1464195836193091
0.1464195836193091
0.1464958438191108
0.1464958438191108
0.1464958438191108
0.14657210401891252
0.14657210401891252
0.14664836421871424
0.14664836421871424
0.14664836421871424
0.14664836421871424
0.14664836421871424
0.14664836421871424
0.14664836421871424
0.14664836421871424
0.14664836421871424
0.14664836421871424
0.14664836421871424
0.14664836421871424
0.14664836421871424
0.14664836421871424
0.14664836421871424
0.14664836421871424
0.14664836421871424
0.14664836421871424
0.14664836421871424
0.14664836421871424
0.14664836421871424
0.14664836421871424
0.14672462441851597
0.14672462441851597
0.14672462441851597
0.14672462441851597
0.14672462441851597
0.14672462441851597
0.14672462441851597
0.14672462441851597
0.14672462441851597
0.1468008846183177
0.1468008846183177
0.1468008846183177
0.14687714481811942
0.14695340501792115
0.14702966521772287
0.14702966521772287
0.1471059254175246
0.1471059254175246
0.14718218561732632
0.14725844581712805
0.14725844581712805
0.14725844581712805
0.14725844581712805
0.14725844581712805
0.14725844581712805
0.14725844581712805
0.14725844581712805
0.14725844581712805
0.14725844581712805
0.14725844581712805
0.14733470601692977
0.14733470601692977
0.14733470601692977
0.14733470601692977
0.14748722641653322
0.14748722641653322
0.14748722641653322
0.14748722641653322
0.14748722641653322
0.14748722641653322
0.14748722641653322
0.14748722641653322
0.14748722641653322
0.14748722641653322
0.14756348661633492
0.14756348661633492
0.14756348661633492
0.14756348661633492
0.14756348661633492
0.14763974681613665
0.14763974681613665
0.14771600701593837
0.14771600701593837
0.14771600701593837
0.14771600701593837
0.14771600701593837
0.14771600701593837
0.14771600701593837
0.14771600701593837
0.14771600701593837
0.14771600701593837
0.14771600701593837
0.14771600701593837
0.1477922672157401
0.1477922672157401
0.14786852741554182
0.14786852741554182
0.14786852741554182
0.14786852741554182
0.14786852741554182
0.14786852741554182
0.14786852741554182
0.14786852741554182
0.14786852741554182
0.14786852741554182
0.14786852741554182
0.14786852741554182
0.14786852741554182
0.14786852741554182
0.14786852741554182
0.14786852741554182
0.14786852741554182
0.14786852741554182
0.14786852741554182
0.14786852741554182
0.14786852741554182
0.14786852741554182
0.14786852741554182
0.14786852741554182
0.14786852741554182
0.14786852741554182
0.14786852741554182
0.14786852741554182
0.14786852741554182
0.14786852741554182
0.14786852741554182
0.14786852741554182
0.14786852741554182
0.14786852741554182
0.14786852741554182
0.14786852741554182
0.14786852741554182
0.14786852741554182
0.14786852741554182
0.14786852741554182
0.14786852741554182
0.14786852741554182
0.14786852741554182
0.14786852741554182
0.14786852741554182
0.14786852741554182
0.14786852741554182
0.14794478761534355
0.14794478761534355
0.14794478761534355
0.14794478761534355
0.14794478761534355
0.14794478761534355
0.14794478761534355
0.14794478761534355
0.14794478761534355
0.14794478761534355
0.14794478761534355
0.14794478761534355
0.14794478761534355
0.14794478761534355
0.14794478761534355
0.14794478761534355
0.14794478761534355
0.14794478761534355
0.14794478761534355
0.14794478761534355
0.14802104781514527
0.14802104781514527
0.14802104781514527
0.14802104781514527
0.14802104781514527
0.14802104781514527
0.14802104781514527
0.14802104781514527
0.14802104781514527
0.14802104781514527
0.14802104781514527
0.14802104781514527
0.14802104781514527
0.14802104781514527
0.14802104781514527
0.14802104781514527
0.148097308014947
0.148097308014947
0.148097308014947
0.148097308014947
0.148097308014947
0.148097308014947
0.148097308014947
0.148097308014947
0.148097308014947
0.148097308014947
0.148097308014947
0.148097308014947
0.148097308014947
0.148097308014947
0.148097308014947
0.148097308014947
0.148097308014947
0.148097308014947
0.148097308014947
0.148097308014947
0.148097308014947
0.148097308014947
0.148097308014947
0.148097308014947
0.148097308014947
0.148097308014947
0.148097308014947
0.148097308014947
0.148097308014947
0.148097308014947
0.148097308014947
0.148097308014947
0.148097308014947
0.148097308014947
0.148097308014947
0.148097308014947
0.148097308014947
0.148097308014947
0.148097308014947
0.148097308014947
0.148097308014947
0.148097308014947
0.148097308014947
0.148097308014947
0.148097308014947
0.148097308014947
0.148097308014947
0.148097308014947
0.148097308014947
0.14817356821474872
0.14817356821474872
0.14817356821474872
0.14817356821474872
0.14817356821474872
0.14817356821474872
0.14817356821474872
0.14817356821474872
0.14817356821474872
0.14817356821474872
0.14817356821474872
0.14817356821474872
0.14817356821474872
0.14817356821474872
0.14817356821474872
0.14817356821474872
0.14824982841455045
0.14824982841455045
0.14824982841455045
0.14824982841455045
0.14824982841455045
0.14824982841455045
0.14824982841455045
0.14824982841455045
0.14824982841455045
0.14824982841455045
0.14824982841455045
0.14824982841455045
0.14824982841455045
0.14824982841455045
0.14824982841455045
0.14824982841455045
0.14824982841455045
0.14824982841455045
0.14824982841455045
0.14824982841455045
0.14824982841455045
0.14824982841455045
0.14824982841455045
0.14824982841455045
0.14824982841455045
0.14824982841455045
0.14824982841455045
0.14824982841455045
0.14824982841455045
0.14824982841455045
0.14832608861435218
0.14832608861435218
0.14832608861435218
0.14832608861435218
0.14832608861435218
0.14832608861435218
0.14832608861435218
0.14832608861435218
0.14832608861435218
0.14832608861435218
0.14832608861435218
0.14832608861435218
0.14832608861435218
0.14832608861435218
0.14832608861435218
0.14832608861435218
0.14832608861435218
0.14832608861435218
0.14832608861435218
0.14832608861435218
0.14832608861435218
0.14832608861435218
0.14832608861435218
0.14832608861435218
0.14832608861435218
0.14832608861435218
0.14832608861435218
0.14832608861435218
0.14832608861435218
0.14832608861435218
0.14832608861435218
0.14832608861435218
0.14832608861435218
0.14832608861435218
0.14832608861435218
0.14832608861435218
0.14832608861435218
0.14832608861435218
0.14832608861435218
0.14832608861435218
0.14832608861435218
0.14832608861435218
0.14832608861435218
0.14832608861435218
0.14832608861435218
0.14832608861435218
0.14832608861435218
0.14832608861435218
0.14832608861435218
0.14832608861435218
0.14832608861435218
0.14832608861435218
0.14832608861435218
0.14832608861435218
0.14832608861435218
0.14832608861435218
0.14832608861435218
0.14832608861435218
0.14832608861435218
0.14832608861435218
0.14832608861435218
0.14832608861435218
0.14832608861435218
0.14832608861435218
0.14832608861435218
0.14832608861435218
0.14832608861435218
0.14832608861435218
0.14832608861435218
0.14832608861435218
0.14832608861435218
0.14832608861435218
0.14832608861435218
