0.04880652787310303
0.06588881262868909
0.07946312819339586
0.09052085716464577
0.09814687714481812
0.1039426523297491
0.10844200411805079
0.11256005490734386
0.11606802409822314
0.11881339129108519
0.12094867688553344
0.12247388088156791
0.12460916647601616
0.12590558987264547
0.12674445207046442
0.12834591626630062
0.1295660794631282
0.13032868146114543
0.131548844657973
0.13238770685579196
0.13330282925341264
0.13429421185083504
0.1354381148478609
0.13589567604667124
0.13658201784488674
0.13749714024250745
0.13879356363913672
0.1396324258369557
0.14008998703576603
0.14070006863417983
0.14176771143140396
0.14222527263021428
0.14275909402882636
0.1432929154274384
0.14375047662624876
0.14420803782505912
0.14497063982307634
0.14535194082208494
0.14558072142149012
0.14573324182109357
0.14596202242049874
0.1464195836193091
0.1464958438191108
0.14695340501792115
0.1471059254175246
0.1474109662167315
0.14771600701593837
0.14802104781514527
0.1484023488141539
0.14855486921375735
0.1487836498131625
0.1490886906123694
0.14946999161137803
0.14985129261038663
0.15015633340959353
0.15046137420880043
0.15084267520780906
0.1510714558072142
0.15122397620681766
0.15152901700602456
0.15183405780523146
0.1520628384046366
0.15221535880424006
0.15244413940364523
0.15274918020285214
0.1529779608022573
0.15313048120186074
0.15320674140166246
0.1536643026004728
0.1541981239990849
0.1541981239990849
0.1542743841988866
0.15465568519789522
0.1548844657973004
0.15511324639670557
0.15541828719591244
0.15572332799511934
0.15579958819492107
0.15602836879432624
0.15625714939373142
0.15640966979333487
0.1565621901929383
0.15671471059254174
0.15701975139174865
0.15724853199115382
0.15732479219095555
0.15740105239075727
0.15740105239075727
0.15740105239075727
0.15762983299016242
0.1578586135895676
0.15801113398917105
0.15808739418897277
0.1581636543887745
0.15839243498817968
0.1584686951879814
0.15854495538778313
0.15862121558758485
0.15892625638679173
0.15892625638679173
0.1591550369861969
0.15938381758560208
0.15953633798520553
0.1597651185846107
0.1598413787844124
0.15999389918401585
0.16022267978342103
0.16029893998322275
0.16037520018302448
0.1604514603828262
0.16052772058262793
0.16068024098223138
0.16083276138183483
0.1611378021810417
0.16129032258064516
0.1614428429802486
0.16167162357965378
0.1617478837794555
0.16182414397925723
0.16182414397925723
0.16197666437886069
0.16205292457866238
0.16220544497826583
0.16251048577747274
0.16251048577747274
0.16258674597727446
0.1627392663768779
0.16281552657667964
0.16289178677648136
0.16312056737588654
0.16327308777548996
0.1634256081750934
0.1634256081750934
0.1636543887744986
0.16380690917410204
0.16388316937390376
0.16411194997330894
0.16426447037291236
0.16441699077251581
0.16441699077251581
0.16479829177152444
0.16479829177152444
0.1649508121711279
0.1649508121711279
0.16510333257073134
0.16510333257073134
0.16510333257073134
0.16517959277053307
0.1652558529703348
0.1652558529703348
0.1652558529703348
0.16548463356973994
0.16556089376954167
0.16578967436894684
0.1659421947685503
0.16601845496835202
0.16617097536795547
0.1662472355677572
0.1662472355677572
0.16632349576755892
0.16632349576755892
0.16647601616716237
0.16655227636696407
0.1666285365667658
0.16678105696636925
0.16678105696636925
0.1669335773659727
0.16700983756577442
0.16708609776557615
0.16716235796537787
0.1672386181651796
0.1672386181651796
0.16731487836498132
0.16731487836498132
0.16739113856478305
0.16746739876458477
0.1676199191641882
0.16769617936398992
0.16769617936398992
0.16777243956379165
0.16784869976359337
0.16784869976359337
0.16784869976359337
0.1679249599633951
0.16800122016319682
0.16807748036299855
0.16807748036299855
0.16815374056280027
0.168230000762602
0.16830626096240373
0.16838252116220545
0.16861130176161063
0.16861130176161063
0.16861130176161063
0.16876382216121405
0.1689163425608175
0.16899260276061923
0.16914512316022268
0.16914512316022268
0.16929764355982613
0.16937390375962785
0.16945016395942958
0.16945016395942958
0.1695264241592313
0.16960268435903303
0.16960268435903303
0.16967894455883475
0.16967894455883475
0.16967894455883475
0.16967894455883475
0.16975520475863648
0.16975520475863648
0.16975520475863648
0.16998398535804163
0.17006024555784335
0.17013650575764508
0.17013650575764508
0.1702127659574468
0.1702127659574468
0.1702127659574468
0.1702127659574468
0.1702127659574468
0.17028902615724853
0.17028902615724853
0.17028902615724853
0.17028902615724853
0.17028902615724853
0.17036528635705026
0.17036528635705026
0.17036528635705026
0.17044154655685198
0.17044154655685198
0.17044154655685198
0.17044154655685198
0.1705178067566537
0.1705178067566537
0.17074658735605888
0.1708228475558606
0.1708228475558606
0.1708228475558606
0.1708228475558606
0.1708228475558606
0.1708228475558606
0.17097536795546403
0.17105162815526576
0.17105162815526576
0.1712041485548692
0.17128040875467093
0.17135666895447266
0.17135666895447266
0.17135666895447266
0.17135666895447266
0.17135666895447266
0.17135666895447266
0.17135666895447266
0.17143292915427438
0.17143292915427438
0.17143292915427438
0.1715091893540761
0.17158544955387783
0.17166170975367956
0.17166170975367956
0.17166170975367956
0.17166170975367956
0.17166170975367956
0.171814230153283
0.171814230153283
0.17204301075268819
0.17204301075268819
0.17204301075268819
0.17211927095248988
0.17211927095248988
0.17211927095248988
0.17211927095248988
0.17211927095248988
0.17211927095248988
0.1721955311522916
0.17227179135209333
0.17227179135209333
0.17234805155189506
0.17234805155189506
0.17242431175169678
0.17242431175169678
0.1725005719514985
0.1725005719514985
0.17257683215130024
0.17257683215130024
0.17265309235110196
0.17265309235110196
0.17265309235110196
0.1727293525509037
0.1728056127507054
0.1728056127507054
0.17295813315030886
0.1730343933501106
0.1730343933501106
0.1730343933501106
0.1730343933501106
0.1731106535499123
0.1731106535499123
0.173186913749714
0.17333943414931746
0.1734156943491192
0.1734156943491192
0.1734156943491192
0.1734156943491192
0.1734919545489209
0.17356821474872264
0.17356821474872264
0.17364447494852436
0.17364447494852436
0.1737207351483261
0.1737207351483261
0.1737207351483261
0.17379699534812781
0.17387325554792954
0.17387325554792954
0.17394951574773126
0.174025775947533
0.174025775947533
0.174025775947533
0.17410203614733472
0.17410203614733472
0.17417829634713644
0.17417829634713644
0.17425455654693817
0.17425455654693817
0.17425455654693817
0.17425455654693817
0.1744070769465416
0.17448333714634331
0.17448333714634331
0.17448333714634331
0.17448333714634331
0.17455959734614504
0.1747121177457485
0.1747121177457485
0.1747121177457485
0.1747121177457485
0.17486463814535194
0.17486463814535194
0.17494089834515367
0.1750171585449554
0.17509341874475712
0.17509341874475712
0.17509341874475712
0.17509341874475712
0.17509341874475712
0.17509341874475712
0.17509341874475712
0.17509341874475712
0.17509341874475712
0.17516967894455884
0.17516967894455884
0.17516967894455884
0.17524593914436057
0.17524593914436057
0.17524593914436057
0.1753221993441623
0.175398459543964
0.17547471974376572
0.17562724014336917
0.17562724014336917
0.1757035003431709
0.17577976054297262
0.17577976054297262
0.17577976054297262
0.17577976054297262
0.17577976054297262
0.17577976054297262
0.17585602074277434
0.17593228094257607
0.17593228094257607
0.17593228094257607
0.1760085411423778
0.1760085411423778
0.1760085411423778
0.1760085411423778
0.1760085411423778
0.1760085411423778
0.17608480134217952
0.17608480134217952
0.17608480134217952
0.17608480134217952
0.17608480134217952
0.17608480134217952
0.17608480134217952
0.17608480134217952
0.17608480134217952
0.17616106154198125
0.17616106154198125
0.17623732174178297
0.17623732174178297
0.1763135819415847
0.1763135819415847
0.1763135819415847
0.1763135819415847
0.1763135819415847
0.1763135819415847
0.1763135819415847
0.1763135819415847
0.17646610234118815
0.17646610234118815
0.17654236254098984
0.17654236254098984
0.17654236254098984
0.17654236254098984
0.17654236254098984
0.17654236254098984
0.17661862274079157
0.17661862274079157
0.17661862274079157
0.1766948829405933
0.1766948829405933
0.1766948829405933
0.1766948829405933
0.1766948829405933
0.17677114314039502
0.17677114314039502
0.17684740334019675
0.17684740334019675
0.17684740334019675
0.17684740334019675
0.17684740334019675
0.17684740334019675
0.17684740334019675
0.17684740334019675
0.17692366353999847
0.17692366353999847
0.17692366353999847
0.17692366353999847
0.17692366353999847
0.17692366353999847
0.17692366353999847
0.17692366353999847
0.1769999237398002
0.1773049645390071
0.17745748493861055
0.17745748493861055
0.17745748493861055
0.17745748493861055
0.17745748493861055
0.17745748493861055
0.17753374513841227
0.17753374513841227
0.17753374513841227
0.177610005338214
0.177610005338214
0.177610005338214
0.177610005338214
0.177610005338214
0.177610005338214
0.1776862655380157
0.1776862655380157
0.1776862655380157
0.1776862655380157
0.17776252573781742
0.17776252573781742
0.17776252573781742
0.17776252573781742
0.17776252573781742
0.17776252573781742
0.17776252573781742
0.17783878593761915
0.17783878593761915
0.17791504613742087
0.17791504613742087
0.17791504613742087
0.17791504613742087
0.17791504613742087
0.17791504613742087
0.1779913063372226
0.1779913063372226
0.1779913063372226
0.1779913063372226
0.1779913063372226
0.1779913063372226
0.17806756653702432
0.17806756653702432
0.17806756653702432
0.17806756653702432
0.17806756653702432
0.17806756653702432
0.17806756653702432
0.17806756653702432
0.17806756653702432
0.17806756653702432
0.17814382673682605
0.17814382673682605
0.17814382673682605
0.17814382673682605
0.17822008693662778
0.17822008693662778
0.17822008693662778
0.17822008693662778
0.17822008693662778
0.17822008693662778
0.17822008693662778
0.1782963471364295
0.1782963471364295
0.1782963471364295
0.1782963471364295
0.1782963471364295
0.1782963471364295
0.1782963471364295
0.1782963471364295
0.1782963471364295
0.1782963471364295
0.1782963471364295
0.1782963471364295
0.1782963471364295
0.1782963471364295
0.17837260733623123
0.17837260733623123
0.17837260733623123
0.17844886753603295
0.17852512773583468
0.17852512773583468
0.17852512773583468
0.17852512773583468
0.17852512773583468
0.1786013879356364
0.17875390833523983
0.17875390833523983
0.17875390833523983
0.17875390833523983
0.17883016853504155
0.17883016853504155
0.178982688934645
0.178982688934645
0.178982688934645
0.178982688934645
0.17905894913444673
0.17921146953405018
0.17921146953405018
0.17921146953405018
0.17921146953405018
0.1792877297338519
0.1792877297338519
0.1792877297338519
0.1792877297338519
0.1792877297338519
0.1792877297338519
0.17936398993365363
0.17936398993365363
0.17944025013345535
0.17944025013345535
0.17951651033325708
0.17951651033325708
0.17951651033325708
0.17951651033325708
0.17951651033325708
0.17951651033325708
0.1795927705330588
0.1795927705330588
0.1795927705330588
0.1795927705330588
0.1795927705330588
0.1795927705330588
0.1795927705330588
0.17974529093266225
0.17974529093266225
0.17974529093266225
0.17974529093266225
0.17982155113246398
0.17982155113246398
0.17982155113246398
0.17982155113246398
0.17982155113246398
0.17982155113246398
0.17982155113246398
0.17989781133226568
0.17989781133226568
0.17989781133226568
0.17989781133226568
0.17989781133226568
0.17989781133226568
0.17989781133226568
0.17989781133226568
0.17989781133226568
0.17989781133226568
0.17989781133226568
0.17989781133226568
0.17989781133226568
0.17989781133226568
0.17989781133226568
0.17989781133226568
0.17989781133226568
0.17989781133226568
0.17989781133226568
0.17989781133226568
0.17989781133226568
0.17989781133226568
0.17989781133226568
0.17989781133226568
0.17989781133226568
0.17989781133226568
0.17989781133226568
0.17989781133226568
0.17989781133226568
0.17989781133226568
0.18005033173186913
0.18005033173186913
0.18005033173186913
0.18012659193167085
0.18020285213147258
0.18020285213147258
0.18020285213147258
0.18020285213147258
0.18020285213147258
0.18020285213147258
0.1802791123312743
0.1802791123312743
0.1802791123312743
0.1802791123312743
0.1802791123312743
0.18035537253107603
0.18035537253107603
0.18035537253107603
0.18035537253107603
0.18043163273087776
0.18043163273087776
0.18043163273087776
0.18043163273087776
0.18050789293067948
0.18050789293067948
0.18050789293067948
0.18050789293067948
0.18050789293067948
0.18050789293067948
0.18050789293067948
0.18050789293067948
0.18050789293067948
0.18050789293067948
0.18050789293067948
0.18050789293067948
0.1805841531304812
0.1805841531304812
0.1805841531304812
0.1805841531304812
0.1805841531304812
0.18066041333028293
0.18066041333028293
0.18081293372988638
0.18081293372988638
0.1808891939296881
0.1809654541294898
0.1809654541294898
0.1809654541294898
0.1809654541294898
0.1809654541294898
0.1809654541294898
0.1809654541294898
0.18104171432929153
0.18104171432929153
0.18111797452909326
0.18111797452909326
0.18111797452909326
0.18111797452909326
0.18111797452909326
0.18111797452909326
0.18111797452909326
0.18119423472889498
0.18119423472889498
0.18119423472889498
0.18119423472889498
0.18119423472889498
0.18119423472889498
0.18119423472889498
0.18119423472889498
0.18119423472889498
0.18119423472889498
0.18119423472889498
0.18119423472889498
0.18119423472889498
0.18119423472889498
0.18119423472889498
0.18119423472889498
0.18119423472889498
0.18119423472889498
0.18119423472889498
0.18119423472889498
0.1812704949286967
0.1812704949286967
0.1812704949286967
0.1812704949286967
0.1812704949286967
0.1812704949286967
0.1812704949286967
0.1812704949286967
0.1812704949286967
0.1812704949286967
0.1812704949286967
0.1812704949286967
0.1812704949286967
0.1812704949286967
0.18134675512849843
0.18134675512849843
0.18134675512849843
0.18134675512849843
0.18134675512849843
0.18134675512849843
0.18134675512849843
0.18134675512849843
0.18134675512849843
0.18134675512849843
0.18134675512849843
0.18134675512849843
0.18142301532830016
0.18142301532830016
0.18142301532830016
0.18142301532830016
0.18142301532830016
0.18142301532830016
0.18142301532830016
0.18142301532830016
0.18142301532830016
0.18142301532830016
0.18142301532830016
0.18142301532830016
0.18142301532830016
0.18142301532830016
0.18149927552810188
0.18149927552810188
0.18149927552810188
0.18149927552810188
0.18149927552810188
0.18149927552810188
0.18149927552810188
0.18149927552810188
0.18149927552810188
0.18149927552810188
0.18149927552810188
0.18149927552810188
0.18149927552810188
0.18149927552810188
0.18149927552810188
0.18149927552810188
0.18149927552810188
0.18149927552810188
0.18149927552810188
0.18149927552810188
0.18149927552810188
0.1815755357279036
0.1815755357279036
0.18165179592770533
0.18165179592770533
0.18172805612750706
0.18172805612750706
0.18172805612750706
0.18172805612750706
0.18172805612750706
0.18172805612750706
0.18180431632730878
0.18180431632730878
0.18180431632730878
0.18180431632730878
0.1818805765271105
0.1818805765271105
0.1818805765271105
0.1818805765271105
0.18195683672691224
0.18195683672691224
0.18195683672691224
0.18195683672691224
0.18195683672691224
0.18195683672691224
0.18195683672691224
0.18203309692671396
0.18203309692671396
0.18203309692671396
0.18203309692671396
0.18203309692671396
0.18203309692671396
0.18210935712651566
0.18210935712651566
0.18210935712651566
0.18210935712651566
0.18218561732631738
0.18218561732631738
0.18218561732631738
0.18218561732631738
0.18218561732631738
0.18218561732631738
0.18218561732631738
0.18218561732631738
0.18218561732631738
0.18218561732631738
0.18218561732631738
0.18218561732631738
0.18218561732631738
0.18218561732631738
0.18218561732631738
0.1822618775261191
0.1822618775261191
0.1822618775261191
0.18233813772592083
0.18233813772592083
0.18241439792572256
0.18241439792572256
0.18241439792572256
0.18241439792572256
0.18241439792572256
0.18241439792572256
0.18241439792572256
0.18241439792572256
0.18249065812552429
0.18249065812552429
0.18249065812552429
0.182566918325326
0.182566918325326
0.182566918325326
0.182566918325326
0.182566918325326
0.182566918325326
0.182566918325326
0.182566918325326
0.182566918325326
0.182566918325326
0.182566918325326
0.182566918325326
0.18264317852512774
0.18264317852512774
0.18264317852512774
0.18264317852512774
0.18264317852512774
0.18264317852512774
0.18264317852512774
0.18264317852512774
0.18271943872492946
0.18271943872492946
0.18271943872492946
0.18271943872492946
0.18271943872492946
0.18271943872492946
0.18271943872492946
0.18271943872492946
0.18271943872492946
0.1827956989247312
0.1827956989247312
0.1828719591245329
0.1828719591245329
0.18294821932433464
0.18294821932433464
0.18294821932433464
0.18294821932433464
0.18294821932433464
0.18294821932433464
0.18302447952413636
0.1831007397239381
0.18317699992373981
0.18317699992373981
0.18317699992373981
0.18317699992373981
0.1832532601235415
0.1832532601235415
0.1832532601235415
0.1832532601235415
0.1832532601235415
0.1832532601235415
0.1832532601235415
0.1832532601235415
0.1832532601235415
0.1832532601235415
0.1832532601235415
0.18332952032334324
0.18332952032334324
0.18332952032334324
0.18332952032334324
0.18332952032334324
0.18332952032334324
0.18332952032334324
0.18332952032334324
0.18332952032334324
0.18332952032334324
0.18332952032334324
0.18332952032334324
0.18332952032334324
0.18332952032334324
0.18332952032334324
0.18332952032334324
0.18332952032334324
0.18332952032334324
0.18332952032334324
0.18332952032334324
0.18332952032334324
0.18332952032334324
0.18332952032334324
0.18332952032334324
0.18332952032334324
0.18340578052314496
0.18340578052314496
0.18340578052314496
0.18340578052314496
0.18340578052314496
0.1834820407229467
0.1834820407229467
0.1834820407229467
0.1834820407229467
0.1834820407229467
0.1834820407229467
0.1834820407229467
0.1834820407229467
0.1834820407229467
0.1834820407229467
0.1834820407229467
0.1834820407229467
0.1834820407229467
0.1834820407229467
0.1834820407229467
0.1834820407229467
0.1834820407229467
0.1834820407229467
0.1834820407229467
0.1835583009227484
0.1835583009227484
0.1835583009227484
0.1835583009227484
0.1835583009227484
0.1835583009227484
0.1835583009227484
0.1835583009227484
0.18363456112255014
0.18363456112255014
0.18363456112255014
0.18363456112255014
0.18363456112255014
0.18363456112255014
0.18363456112255014
0.18363456112255014
0.18363456112255014
0.18363456112255014
0.18371082132235186
0.18371082132235186
0.18371082132235186
0.1837870815221536
0.1837870815221536
0.1837870815221536
0.1837870815221536
0.1837870815221536
0.1837870815221536
0.1837870815221536
0.1837870815221536
0.1837870815221536
0.1837870815221536
0.18386334172195531
0.18386334172195531
0.18386334172195531
0.18386334172195531
0.18386334172195531
0.18386334172195531
0.18386334172195531
0.18386334172195531
0.18386334172195531
0.18386334172195531
0.18386334172195531
0.18386334172195531
0.18386334172195531
0.18386334172195531
0.18386334172195531
0.18393960192175704
0.18393960192175704
0.18401586212155877
0.18401586212155877
0.18401586212155877
0.18401586212155877
0.18401586212155877
0.1840921223213605
0.1840921223213605
0.1840921223213605
0.1840921223213605
0.1840921223213605
0.1840921223213605
0.18416838252116222
0.18416838252116222
0.18416838252116222
0.18416838252116222
0.18424464272096394
0.18424464272096394
0.18424464272096394
0.18424464272096394
0.18424464272096394
0.18424464272096394
0.18424464272096394
0.18424464272096394
0.18424464272096394
0.18424464272096394
0.18424464272096394
0.18424464272096394
0.18424464272096394
0.18424464272096394
0.18424464272096394
0.18424464272096394
0.18424464272096394
0.18424464272096394
0.18424464272096394
0.18424464272096394
0.18432090292076564
0.18432090292076564
0.18432090292076564
