0.05422100205902539
0.07313353160985282
0.0828185769846717
0.08876687256920614
0.09410508655532678
0.09768931594600778
0.1003584229390681
0.10256996873331808
0.10485777472736979
0.10691680012201632
0.10836574391824906
0.10943338671547319
0.11088233051170594
0.11217875390833525
0.1130176161061542
0.1140089987035766
0.11545794249980935
0.11591550369861969
0.11698314649584382
0.11744070769465416
0.11843209029207656
0.11949973308930069
0.12026233508731793
0.12064363608632654
0.1211774574849386
0.1217875390833524
0.12232136048196446
0.1227789216807748
0.12361778387859376
0.12377030427819721
0.1240753450774041
0.124380385876611
0.12491420727522307
0.12514298787462824
0.12590558987264547
0.12651567147105924
0.12720201326927477
0.127964615267292
0.1282696560664989
0.1286509570655075
0.12903225806451613
0.1292610386639213
0.12979486006253335
0.13032868146114543
0.13048120186074888
0.13070998246015406
0.1309387630595592
0.13109128345916266
0.13147258445817128
0.1318538854571799
0.13231144665599023
0.13261648745519714
0.1328452680546023
0.13337908945321436
0.13368413025242126
0.1340654312514299
0.1342179516510333
0.13452299245024021
0.13467551284984366
0.13498055364905057
0.1350568138488523
0.13528559444825747
0.1354381148478609
0.13551437504766262
0.1357431556470678
0.13597193624647297
0.1360481964462747
0.13627697704567987
0.1364294974452833
0.13658201784488674
0.13688705864409365
0.13696331884389537
0.1370395790436971
0.13719209944330055
0.137344619842904
0.13742088004270572
0.13742088004270572
0.13757340044230915
0.13780218104171432
0.13787844124151605
0.13787844124151605
0.13795470144131777
0.13810722184092122
0.1383360024403264
0.13848852283992985
0.1386410432395333
0.13894608403874018
0.13909860443834363
0.13917486463814535
0.13917486463814535
0.1393273850377488
0.13947990543735225
0.13947990543735225
0.13955616563715398
0.13955616563715398
0.13970868603675743
0.13970868603675743
0.13986120643636085
0.1400137268359643
0.14024250743536948
0.14039502783497293
0.14047128803477466
0.1406238084343781
0.14070006863417983
0.14070006863417983
0.1410051094333867
0.14108136963318843
0.14115762983299016
0.14123389003279188
0.14138641043239533
0.14146267063219706
0.1416151910318005
0.1416151910318005
0.14176771143140396
0.14176771143140396
0.1419964920308091
0.14214901243041256
0.142301532830016
0.14237779302981773
0.14245405322961946
0.1426065736292229
0.1428353542286281
0.1429116144284298
0.1429116144284298
0.14298787462823154
0.14306413482803326
0.1432929154274384
0.1435216960268436
0.1435979562266453
0.1435979562266453
0.14367421642644704
0.14397925722565394
0.14405551742545566
0.1441317776252574
0.14420803782505912
0.1442842980248608
0.14443681842446426
0.144513078624266
0.144513078624266
0.14466559902386944
0.14466559902386944
0.14474185922367117
0.1448181194234729
0.14497063982307634
0.1451231602226798
0.14535194082208494
0.14558072142149012
0.14565698162129184
0.14573324182109357
0.14573324182109357
0.1458095020208953
0.1458095020208953
0.14588576222069702
0.14596202242049874
0.14603828262030047
0.1461145428201022
0.1461145428201022
0.14619080301990392
0.14626706321970565
0.14634332341950737
0.14634332341950737
0.14634332341950737
0.14634332341950737
0.1464195836193091
0.1464195836193091
0.1464958438191108
0.1464958438191108
0.1468008846183177
0.1468008846183177
0.14687714481811942
0.14687714481811942
0.14687714481811942
0.14687714481811942
0.14695340501792115
0.14702966521772287
0.1471059254175246
0.1471059254175246
0.1471059254175246
0.14718218561732632
0.14718218561732632
0.1474109662167315
0.14756348661633492
0.14756348661633492
0.14763974681613665
0.14771600701593837
0.14771600701593837
0.14794478761534355
0.14802104781514527
0.14802104781514527
0.14817356821474872
0.14817356821474872
0.14817356821474872
0.14824982841455045
0.14832608861435218
0.14832608861435218
0.14847860901395563
0.14847860901395563
0.14855486921375735
0.14863112941355908
0.14863112941355908
0.14863112941355908
0.14863112941355908
0.1487836498131625
0.14885991001296422
0.14885991001296422
0.14885991001296422
0.14885991001296422
0.14893617021276595
0.14901243041256768
0.14901243041256768
0.1490886906123694
0.14916495081217113
0.14916495081217113
0.14916495081217113
0.14916495081217113
0.14924121101197285
0.14924121101197285
0.14924121101197285
0.14924121101197285
0.14931747121177458
0.14931747121177458
0.14931747121177458
0.14931747121177458
0.14931747121177458
0.1493937314115763
0.1493937314115763
0.14946999161137803
0.14946999161137803
0.14946999161137803
0.14954625181117975
0.14962251201098148
0.14977503241058493
0.14977503241058493
0.14977503241058493
0.14977503241058493
0.14977503241058493
0.14977503241058493
0.14977503241058493
0.14977503241058493
0.14977503241058493
0.14985129261038663
0.14985129261038663
0.14985129261038663
0.14985129261038663
0.14985129261038663
0.14992755281018835
0.14992755281018835
0.15000381300999008
0.15000381300999008
0.1500800732097918
0.1500800732097918
0.1500800732097918
0.1500800732097918
0.1500800732097918
0.15015633340959353
0.15015633340959353
0.15015633340959353
0.15030885380919698
0.1503851140089987
0.1503851140089987
0.1503851140089987
0.1503851140089987
0.1503851140089987
0.1503851140089987
0.1503851140089987
0.1503851140089987
0.1503851140089987
0.1503851140089987
0.15046137420880043
0.15053763440860216
0.15053763440860216
0.15061389460840388
0.1506901548082056
0.1506901548082056
0.1506901548082056
0.1506901548082056
0.15084267520780906
0.15084267520780906
0.15099519560741248
0.15099519560741248
0.15099519560741248
0.15114771600701593
0.15114771600701593
0.15114771600701593
0.15114771600701593
0.15114771600701593
0.15114771600701593
0.15114771600701593
0.15122397620681766
0.15122397620681766
0.15122397620681766
0.15122397620681766
0.15122397620681766
0.15122397620681766
0.15122397620681766
0.15122397620681766
0.15130023640661938
0.1513764966064211
0.1513764966064211
0.1513764966064211
0.1513764966064211
0.15145275680622283
0.15145275680622283
0.15152901700602456
0.15152901700602456
0.15160527720582628
0.15160527720582628
0.15160527720582628
0.15160527720582628
0.15160527720582628
0.151681537405628
0.151681537405628
0.151681537405628
0.151681537405628
0.151681537405628
0.151681537405628
0.151681537405628
0.151681537405628
0.151681537405628
0.151681537405628
0.151681537405628
0.15175779760542973
0.15175779760542973
0.15175779760542973
0.15175779760542973
0.15175779760542973
0.15175779760542973
0.15175779760542973
0.15175779760542973
0.15183405780523146
0.15183405780523146
0.15191031800503318
0.15191031800503318
0.15191031800503318
0.15191031800503318
0.1520628384046366
0.15213909860443833
0.15213909860443833
0.15213909860443833
0.15221535880424006
0.15221535880424006
0.15229161900404178
0.15229161900404178
0.1523678792038435
0.1523678792038435
0.1523678792038435
0.15252039960344696
0.15252039960344696
0.15252039960344696
0.1526729200030504
0.15274918020285214
0.15274918020285214
0.15274918020285214
0.15274918020285214
0.15282544040265386
0.15282544040265386
0.15282544040265386
0.15282544040265386
0.15282544040265386
0.15282544040265386
0.15282544040265386
0.1529779608022573
0.1529779608022573
0.1529779608022573
0.15305422100205904
0.15313048120186074
0.15313048120186074
0.15313048120186074
0.15320674140166246
0.1533592618012659
0.1533592618012659
0.15343552200106764
0.15351178220086936
0.1535880424006711
0.1535880424006711
0.15374056280027454
0.153893083199878
0.153893083199878
0.153893083199878
0.153893083199878
0.15396934339967971
0.15396934339967971
0.15396934339967971
0.15396934339967971
0.15404560359948144
0.15404560359948144
0.15404560359948144
0.15404560359948144
0.15404560359948144
0.15404560359948144
0.15404560359948144
0.15404560359948144
0.15412186379928317
0.15412186379928317
0.1541981239990849
0.1543506443986883
0.1543506443986883
0.15442690459849004
0.15450316479829176
0.15450316479829176
0.15450316479829176
0.15450316479829176
0.15450316479829176
0.15450316479829176
0.15450316479829176
0.15450316479829176
0.15450316479829176
0.15450316479829176
0.15450316479829176
0.15450316479829176
0.15450316479829176
0.15450316479829176
0.15450316479829176
0.1545794249980935
0.1545794249980935
0.1545794249980935
0.1545794249980935
0.1545794249980935
0.15473194539769694
0.1548844657973004
0.1548844657973004
0.15496072599710212
0.15496072599710212
0.15503698619690384
0.15503698619690384
0.15503698619690384
0.15511324639670557
0.15511324639670557
0.15511324639670557
0.15511324639670557
0.15511324639670557
0.15511324639670557
0.15511324639670557
0.1551895065965073
0.15526576679630902
0.15526576679630902
0.15526576679630902
0.15526576679630902
0.15526576679630902
0.15534202699611074
0.15534202699611074
0.15541828719591244
0.15541828719591244
0.15541828719591244
0.15541828719591244
0.15541828719591244
0.15541828719591244
0.15549454739571417
0.15549454739571417
0.15549454739571417
0.15549454739571417
0.15549454739571417
0.15549454739571417
0.15549454739571417
0.1555708075955159
0.1555708075955159
0.1555708075955159
0.1555708075955159
0.1555708075955159
0.1555708075955159
0.1555708075955159
0.1555708075955159
0.1555708075955159
0.1555708075955159
0.1555708075955159
0.1555708075955159
0.1555708075955159
0.1555708075955159
0.1555708075955159
0.1555708075955159
0.1555708075955159
0.1555708075955159
0.1555708075955159
0.1555708075955159
0.1555708075955159
0.15564706779531762
0.15564706779531762
0.15564706779531762
0.15564706779531762
0.15564706779531762
0.15564706779531762
0.15564706779531762
0.15564706779531762
0.15564706779531762
0.15564706779531762
0.15564706779531762
0.15564706779531762
0.15564706779531762
0.15564706779531762
0.15572332799511934
0.15572332799511934
0.15572332799511934
0.15572332799511934
0.15572332799511934
0.15572332799511934
0.15572332799511934
0.15579958819492107
0.1558758483947228
0.1558758483947228
0.1558758483947228
0.1558758483947228
0.1558758483947228
0.1558758483947228
0.1558758483947228
0.1558758483947228
0.15595210859452452
0.15595210859452452
0.15595210859452452
0.15595210859452452
0.15595210859452452
0.15602836879432624
0.15602836879432624
0.15602836879432624
0.15602836879432624
0.15602836879432624
0.15602836879432624
0.15602836879432624
0.15602836879432624
0.15602836879432624
0.15602836879432624
0.15602836879432624
0.15610462899412797
0.15610462899412797
0.15610462899412797
0.1561808891939297
0.15625714939373142
0.15633340959353315
0.15633340959353315
0.15640966979333487
0.15640966979333487
0.15640966979333487
0.15640966979333487
0.15648592999313657
0.15648592999313657
0.15648592999313657
0.15648592999313657
0.15648592999313657
0.1565621901929383
0.1565621901929383
0.1565621901929383
0.1565621901929383
0.15663845039274002
0.15663845039274002
0.15663845039274002
0.15663845039274002
0.15663845039274002
0.15663845039274002
0.15663845039274002
0.15671471059254174
0.15671471059254174
0.15679097079234347
0.15679097079234347
0.15679097079234347
0.15679097079234347
0.15679097079234347
0.1568672309921452
0.15694349119194692
0.15694349119194692
0.15694349119194692
0.15694349119194692
0.15694349119194692
0.15694349119194692
0.15694349119194692
0.15694349119194692
0.15694349119194692
0.15694349119194692
0.15694349119194692
0.15701975139174865
0.15701975139174865
0.15701975139174865
0.15709601159155037
0.15709601159155037
0.15709601159155037
0.15724853199115382
0.15724853199115382
0.15724853199115382
0.15724853199115382
0.15724853199115382
0.15724853199115382
0.15724853199115382
0.15724853199115382
0.15724853199115382
0.15724853199115382
0.15724853199115382
0.15724853199115382
0.15740105239075727
0.15740105239075727
0.157477312590559
0.157477312590559
0.157477312590559
0.15755357279036072
0.15755357279036072
0.15762983299016242
0.15762983299016242
0.15762983299016242
0.15762983299016242
0.15762983299016242
0.15762983299016242
0.15762983299016242
0.15762983299016242
0.15762983299016242
0.15762983299016242
0.15762983299016242
0.15762983299016242
0.15762983299016242
0.15762983299016242
0.15762983299016242
0.15762983299016242
0.15770609318996415
0.15770609318996415
0.15770609318996415
0.15770609318996415
0.15770609318996415
0.15770609318996415
0.15770609318996415
0.15770609318996415
0.15770609318996415
0.15770609318996415
0.15770609318996415
0.15778235338976587
0.15778235338976587
0.15778235338976587
0.15778235338976587
0.15778235338976587
0.15778235338976587
0.15778235338976587
0.15778235338976587
0.15778235338976587
0.15778235338976587
0.15778235338976587
0.15778235338976587
0.1578586135895676
0.1578586135895676
0.1578586135895676
0.1578586135895676
0.1578586135895676
0.1578586135895676
0.1578586135895676
0.1578586135895676
0.1578586135895676
0.1578586135895676
0.1578586135895676
0.15793487378936932
0.15793487378936932
0.15793487378936932
0.15801113398917105
0.15801113398917105
0.15801113398917105
0.15801113398917105
0.15801113398917105
0.15801113398917105
0.15801113398917105
0.15808739418897277
0.15808739418897277
0.15808739418897277
0.15808739418897277
0.15808739418897277
0.15808739418897277
0.15808739418897277
0.15808739418897277
0.15808739418897277
0.15808739418897277
0.15808739418897277
0.15808739418897277
0.15808739418897277
0.15808739418897277
0.15808739418897277
0.15808739418897277
0.15808739418897277
0.15808739418897277
0.15808739418897277
0.15808739418897277
0.15808739418897277
0.15808739418897277
0.15808739418897277
0.15808739418897277
0.15808739418897277
0.1581636543887745
0.1581636543887745
0.1581636543887745
0.1581636543887745
0.15823991458857622
0.15823991458857622
0.15823991458857622
0.15823991458857622
0.15823991458857622
0.15823991458857622
0.15823991458857622
0.15823991458857622
0.15823991458857622
0.15823991458857622
0.15823991458857622
0.15823991458857622
0.15823991458857622
0.15831617478837795
0.15831617478837795
0.15831617478837795
0.15831617478837795
0.15831617478837795
0.15831617478837795
0.15831617478837795
0.15831617478837795
0.15831617478837795
0.15831617478837795
0.15831617478837795
0.15831617478837795
0.15839243498817968
0.15839243498817968
0.15839243498817968
0.15839243498817968
0.15839243498817968
0.1584686951879814
0.15854495538778313
0.15854495538778313
0.15854495538778313
0.15854495538778313
0.15854495538778313
0.15854495538778313
0.15854495538778313
0.15854495538778313
0.15854495538778313
0.15854495538778313
0.15854495538778313
0.15854495538778313
0.15854495538778313
0.15854495538778313
0.15854495538778313
0.15854495538778313
0.15854495538778313
0.15854495538778313
0.15854495538778313
0.15854495538778313
0.15862121558758485
0.15862121558758485
0.15862121558758485
0.15862121558758485
0.15862121558758485
0.15862121558758485
0.15862121558758485
0.15862121558758485
0.15862121558758485
0.15862121558758485
0.15862121558758485
0.15862121558758485
0.15862121558758485
0.15862121558758485
0.15862121558758485
0.15862121558758485
0.15862121558758485
0.15877373598718827
0.15877373598718827
0.15877373598718827
0.15877373598718827
0.15877373598718827
0.15884999618699
0.15884999618699
0.15884999618699
0.15884999618699
0.15884999618699
0.15884999618699
0.15884999618699
0.15884999618699
0.15884999618699
0.15884999618699
0.15884999618699
0.15884999618699
0.15884999618699
0.15884999618699
0.15884999618699
0.15884999618699
0.15884999618699
0.15884999618699
0.15884999618699
0.15884999618699
0.15884999618699
0.15884999618699
0.15884999618699
0.15892625638679173
0.15892625638679173
0.15892625638679173
0.15892625638679173
0.15892625638679173
0.15892625638679173
0.15892625638679173
0.15900251658659345
0.15900251658659345
0.15900251658659345
0.15900251658659345
0.15900251658659345
0.15900251658659345
0.15900251658659345
0.15900251658659345
0.15900251658659345
0.15900251658659345
0.15907877678639518
0.15907877678639518
0.15907877678639518
0.15907877678639518
0.15907877678639518
0.15907877678639518
0.15907877678639518
0.15907877678639518
0.15907877678639518
0.1591550369861969
0.1591550369861969
0.1591550369861969
0.1591550369861969
0.1591550369861969
0.15923129718599863
0.15923129718599863
0.15923129718599863
0.15930755738580035
0.15930755738580035
0.15930755738580035
0.15930755738580035
0.15930755738580035
0.15930755738580035
0.15930755738580035
0.15938381758560208
0.15938381758560208
0.15938381758560208
0.15938381758560208
0.15938381758560208
0.15938381758560208
0.15938381758560208
0.15938381758560208
0.15938381758560208
0.15938381758560208
0.15938381758560208
0.1594600777854038
0.15953633798520553
0.15961259818500725
0.15961259818500725
0.15961259818500725
0.15961259818500725
0.15961259818500725
0.15961259818500725
0.15961259818500725
0.15961259818500725
0.15961259818500725
0.15961259818500725
0.15961259818500725
0.15961259818500725
0.15961259818500725
0.15961259818500725
0.15961259818500725
0.15961259818500725
0.15961259818500725
0.15968885838480898
0.15968885838480898
0.15968885838480898
0.15968885838480898
0.15968885838480898
0.15968885838480898
0.15968885838480898
0.15968885838480898
0.15968885838480898
0.15968885838480898
0.15968885838480898
0.15968885838480898
0.15968885838480898
0.15968885838480898
0.15968885838480898
0.15968885838480898
0.15968885838480898
0.15968885838480898
0.15968885838480898
0.15968885838480898
0.15968885838480898
0.15968885838480898
0.15968885838480898
0.15968885838480898
0.1597651185846107
0.1597651185846107
0.1597651185846107
0.1597651185846107
0.1597651185846107
0.1598413787844124
0.1598413787844124
0.1598413787844124
0.1598413787844124
0.1598413787844124
0.1598413787844124
0.1598413787844124
0.1598413787844124
0.1598413787844124
0.1598413787844124
0.1598413787844124
0.1598413787844124
0.15991763898421413
0.15991763898421413
0.15991763898421413
0.15999389918401585
0.15999389918401585
0.15999389918401585
0.15999389918401585
0.15999389918401585
0.15999389918401585
0.15999389918401585
0.15999389918401585
0.15999389918401585
0.15999389918401585
0.15999389918401585
0.15999389918401585
0.15999389918401585
0.15999389918401585
0.15999389918401585
0.15999389918401585
0.15999389918401585
0.15999389918401585
0.15999389918401585
0.16007015938381758
0.16007015938381758
0.16007015938381758
0.16007015938381758
0.16007015938381758
0.16007015938381758
0.16007015938381758
0.16007015938381758
0.16007015938381758
0.16007015938381758
0.16007015938381758
0.16007015938381758
0.16007015938381758
0.16007015938381758
0.16007015938381758
0.16007015938381758
0.16007015938381758
0.16007015938381758
0.16007015938381758
0.16007015938381758
0.1601464195836193
0.1601464195836193
0.1601464195836193
0.1601464195836193
0.1601464195836193
0.1601464195836193
0.1601464195836193
0.1601464195836193
0.1601464195836193
0.1601464195836193
0.1601464195836193
0.1601464195836193
0.16022267978342103
0.16022267978342103
0.16022267978342103
0.16022267978342103
0.16022267978342103
0.16022267978342103
0.16022267978342103
0.16022267978342103
0.16022267978342103
0.16022267978342103
0.16022267978342103
0.16022267978342103
0.16022267978342103
0.16022267978342103
0.16022267978342103
0.16022267978342103
0.16022267978342103
0.16022267978342103
0.16022267978342103
0.16022267978342103
0.16022267978342103
0.16022267978342103
0.16022267978342103
0.16022267978342103
0.16022267978342103
0.16022267978342103
0.16022267978342103
0.16022267978342103
0.16022267978342103
0.16022267978342103
0.16022267978342103
0.16022267978342103
0.16022267978342103
0.16022267978342103
0.16022267978342103
0.16022267978342103
0.16022267978342103
0.16022267978342103
0.16022267978342103
0.16022267978342103
0.16022267978342103
0.16022267978342103
0.16022267978342103
0.16022267978342103
0.16022267978342103
0.16022267978342103
0.16022267978342103
0.16022267978342103
0.16029893998322275
0.16029893998322275
0.16029893998322275
0.16029893998322275
0.16037520018302448
0.16037520018302448
0.16037520018302448
0.16037520018302448
0.16037520018302448
