0.048501487073896135
0.07359109280866316
0.08106459238923205
0.08586898497674064
0.08960573476702509
0.09463890795393884
0.1003584229390681
0.10508655532677495
0.10981468771448182
0.11477160070159384
0.11805078929306795
0.12056737588652482
0.12163501868374896
0.12239762068176618
0.12285518188057652
0.12369404407839549
0.12468542667581789
0.12514298787462824
0.1259818500724472
0.1262868908716541
0.12704949286967132
0.1282696560664989
0.12971859986273165
0.13040494166094715
0.13132006405856783
0.13162510485777473
0.1322351864561885
0.1325402272553954
0.13292152825440404
0.13360787005261954
0.1342179516510333
0.13467551284984366
0.1350568138488523
0.13559063524746434
0.13597193624647297
0.13612445664607642
0.13627697704567987
0.13688705864409365
0.13764966064211087
0.13810722184092122
0.138717303439335
0.13955616563715398
0.1396324258369557
0.14008998703576603
0.14047128803477466
0.14077632883398156
0.14146267063219706
0.14207275223061083
0.1429116144284298
0.14306413482803326
0.14390299702585221
0.1441317776252574
0.14474185922367117
0.14527568062228324
0.14565698162129184
0.14619080301990392
0.1464195836193091
0.14695340501792115
0.14748722641653322
0.148097308014947
0.14847860901395563
0.14885991001296422
0.1490886906123694
0.14946999161137803
0.14992755281018835
0.15030885380919698
0.15046137420880043
0.15084267520780906
0.15099519560741248
0.15122397620681766
0.15160527720582628
0.15183405780523146
0.15221535880424006
0.15252039960344696
0.15274918020285214
0.15313048120186074
0.1533592618012659
0.15351178220086936
0.15381682300007626
0.1541981239990849
0.15442690459849004
0.15465568519789522
0.15480820559749867
0.15526576679630902
0.15541828719591244
0.1555708075955159
0.15572332799511934
0.15602836879432624
0.15610462899412797
0.15633340959353315
0.15648592999313657
0.15671471059254174
0.1568672309921452
0.15709601159155037
0.1571722717913521
0.157477312590559
0.15762983299016242
0.15770609318996415
0.15808739418897277
0.15823991458857622
0.15831617478837795
0.1584686951879814
0.15869747578738655
0.15884999618699
0.15892625638679173
0.15900251658659345
0.1591550369861969
0.15923129718599863
0.15923129718599863
0.15938381758560208
0.15953633798520553
0.15961259818500725
0.1598413787844124
0.15999389918401585
0.16007015938381758
0.16022267978342103
0.1604514603828262
0.16068024098223138
0.16068024098223138
0.16098528178143826
0.1611378021810417
0.16129032258064516
0.1614428429802486
0.1614428429802486
0.16151910318005033
0.16159536337985206
0.16182414397925723
0.16197666437886069
0.16197666437886069
0.16228170517806756
0.162434225577671
0.16266300617707619
0.16266300617707619
0.16281552657667964
0.16289178677648136
0.1629680469762831
0.16312056737588654
0.16327308777548996
0.1633493479752917
0.1633493479752917
0.16350186837489514
0.16350186837489514
0.16350186837489514
0.1636543887744986
0.16388316937390376
0.1639594295737055
0.1639594295737055
0.16426447037291236
0.16449325097231754
0.16456951117211926
0.16456951117211926
0.164645771371921
0.16472203157172272
0.16487455197132617
0.16487455197132617
0.16517959277053307
0.16540837336993822
0.16548463356973994
0.16548463356973994
0.16548463356973994
0.1656371539693434
0.16586593456874857
0.16586593456874857
0.1659421947685503
0.1659421947685503
0.1659421947685503
0.1659421947685503
0.16601845496835202
0.16609471516815374
0.16609471516815374
0.16617097536795547
0.16647601616716237
0.16647601616716237
0.16655227636696407
0.1666285365667658
0.16670479676656752
0.16678105696636925
0.16685731716617097
0.1669335773659727
0.16708609776557615
0.16708609776557615
0.16716235796537787
0.16731487836498132
0.16746739876458477
0.16746739876458477
0.16769617936398992
0.16769617936398992
0.16769617936398992
0.16777243956379165
0.16800122016319682
0.16815374056280027
0.168230000762602
0.1685350415618089
0.1685350415618089
0.1685350415618089
0.16868756196141235
0.1689163425608175
0.1689163425608175
0.16914512316022268
0.1692213833600244
0.16929764355982613
0.16929764355982613
0.16945016395942958
0.16945016395942958
0.16960268435903303
0.16960268435903303
0.16960268435903303
0.16960268435903303
0.16960268435903303
0.16960268435903303
0.16960268435903303
0.16960268435903303
0.16967894455883475
0.16967894455883475
0.16975520475863648
0.16975520475863648
0.16975520475863648
0.16975520475863648
0.16983146495843818
0.1699077251582399
0.17006024555784335
0.17006024555784335
0.17013650575764508
0.17013650575764508
0.1702127659574468
0.17036528635705026
0.17036528635705026
0.17036528635705026
0.17036528635705026
0.17044154655685198
0.17044154655685198
0.1705178067566537
0.17059406695645543
0.17067032715625716
0.1708228475558606
0.1708228475558606
0.1708228475558606
0.17097536795546403
0.17105162815526576
0.17105162815526576
0.17105162815526576
0.1712041485548692
0.1712041485548692
0.1712041485548692
0.17128040875467093
0.17128040875467093
0.17128040875467093
0.17143292915427438
0.17143292915427438
0.17143292915427438
0.17143292915427438
0.17143292915427438
0.17143292915427438
0.1715091893540761
0.1715091893540761
0.1715091893540761
0.1715091893540761
0.17158544955387783
0.17158544955387783
0.17158544955387783
0.17158544955387783
0.17166170975367956
0.171814230153283
0.171814230153283
0.171814230153283
0.171814230153283
0.171814230153283
0.171814230153283
0.17189049035308474
0.17189049035308474
0.17189049035308474
0.17196675055288646
0.17204301075268819
0.17204301075268819
0.17211927095248988
0.17211927095248988
0.17211927095248988
0.17211927095248988
0.17227179135209333
0.17227179135209333
0.17234805155189506
0.17242431175169678
0.17242431175169678
0.17242431175169678
0.17242431175169678
0.17242431175169678
0.17242431175169678
0.1725005719514985
0.17257683215130024
0.17265309235110196
0.1728056127507054
0.1728056127507054
0.1728056127507054
0.17288187295050714
0.17288187295050714
0.1730343933501106
0.1730343933501106
0.1730343933501106
0.1730343933501106
0.1731106535499123
0.1731106535499123
0.173186913749714
0.17326317394951574
0.1734156943491192
0.1734156943491192
0.1734919545489209
0.1734919545489209
0.1734919545489209
0.17364447494852436
0.17364447494852436
0.17364447494852436
0.17364447494852436
0.17364447494852436
0.1737207351483261
0.17387325554792954
0.174025775947533
0.17410203614733472
0.17410203614733472
0.17410203614733472
0.17417829634713644
0.17425455654693817
0.17425455654693817
0.17425455654693817
0.17433081674673986
0.17433081674673986
0.17433081674673986
0.17433081674673986
0.1744070769465416
0.17455959734614504
0.17463585754594677
0.17463585754594677
0.17463585754594677
0.17463585754594677
0.17478837794555022
0.17478837794555022
0.17478837794555022
0.17478837794555022
0.17478837794555022
0.17478837794555022
0.17494089834515367
0.1750171585449554
0.17509341874475712
0.17524593914436057
0.1753221993441623
0.175398459543964
0.175398459543964
0.175398459543964
0.175398459543964
0.175398459543964
0.17547471974376572
0.17547471974376572
0.17555097994356744
0.17562724014336917
0.17562724014336917
0.17562724014336917
0.17577976054297262
0.17577976054297262
0.17577976054297262
0.17585602074277434
0.17585602074277434
0.17585602074277434
0.17593228094257607
0.17593228094257607
0.17593228094257607
0.17593228094257607
0.17593228094257607
0.17593228094257607
0.17593228094257607
0.1760085411423778
0.1760085411423778
0.1760085411423778
0.1760085411423778
0.1760085411423778
0.17608480134217952
0.17608480134217952
0.17608480134217952
0.17616106154198125
0.17616106154198125
0.17616106154198125
0.17623732174178297
0.1763135819415847
0.17638984214138642
0.17638984214138642
0.17654236254098984
0.17654236254098984
0.17661862274079157
0.17661862274079157
0.17661862274079157
0.17661862274079157
0.17661862274079157
0.17661862274079157
0.17661862274079157
0.17661862274079157
0.17661862274079157
0.17661862274079157
0.17661862274079157
0.17661862274079157
0.17661862274079157
0.17661862274079157
0.17661862274079157
0.17677114314039502
0.17684740334019675
0.17684740334019675
0.17684740334019675
0.1769999237398002
0.1769999237398002
0.1769999237398002
0.1769999237398002
0.1769999237398002
0.1769999237398002
0.1769999237398002
0.1769999237398002
0.17715244413940365
0.17715244413940365
0.17715244413940365
0.17722870433920537
0.1773049645390071
0.17738122473880882
0.17738122473880882
0.17753374513841227
0.17753374513841227
0.17753374513841227
0.17753374513841227
0.17753374513841227
0.17753374513841227
0.17753374513841227
0.17753374513841227
0.17776252573781742
0.17776252573781742
0.17783878593761915
0.17783878593761915
0.17791504613742087
0.17791504613742087
0.17791504613742087
0.1779913063372226
0.1779913063372226
0.1779913063372226
0.1779913063372226
0.17806756653702432
0.17806756653702432
0.17806756653702432
0.17814382673682605
0.17822008693662778
0.17822008693662778
0.1782963471364295
0.17837260733623123
0.17837260733623123
0.17844886753603295
0.17844886753603295
0.1786013879356364
0.1786013879356364
0.1786013879356364
0.1786013879356364
0.1786013879356364
0.17867764813543813
0.17867764813543813
0.17875390833523983
0.17875390833523983
0.17875390833523983
0.17875390833523983
0.17875390833523983
0.17883016853504155
0.17890642873484328
0.17890642873484328
0.17890642873484328
0.17905894913444673
0.17913520933424845
0.17913520933424845
0.17913520933424845
0.17921146953405018
0.1792877297338519
0.1792877297338519
0.17936398993365363
0.17944025013345535
0.17944025013345535
0.17944025013345535
0.1795927705330588
0.1795927705330588
0.1795927705330588
0.1795927705330588
0.17966903073286053
0.17966903073286053
0.17966903073286053
0.17966903073286053
0.17966903073286053
0.17966903073286053
0.17974529093266225
0.17974529093266225
0.17982155113246398
0.17982155113246398
0.17982155113246398
0.17982155113246398
0.17982155113246398
0.17982155113246398
0.17982155113246398
0.17982155113246398
0.17982155113246398
0.17982155113246398
0.17982155113246398
0.17989781133226568
0.17989781133226568
0.1799740715320674
0.18005033173186913
0.18005033173186913
0.18005033173186913
0.18005033173186913
0.18005033173186913
0.18005033173186913
0.18005033173186913
0.18012659193167085
0.1802791123312743
0.1802791123312743
0.1802791123312743
0.1802791123312743
0.1802791123312743
0.18035537253107603
0.18035537253107603
0.18035537253107603
0.18035537253107603
0.18043163273087776
0.18043163273087776
0.18043163273087776
0.18050789293067948
0.18050789293067948
0.18050789293067948
0.1805841531304812
0.1805841531304812
0.1805841531304812
0.1805841531304812
0.1805841531304812
0.1805841531304812
0.1805841531304812
0.1805841531304812
0.1805841531304812
0.1805841531304812
0.1805841531304812
0.1805841531304812
0.1805841531304812
0.1805841531304812
0.18066041333028293
0.18066041333028293
0.18066041333028293
0.18066041333028293
0.18073667353008466
0.18073667353008466
0.18081293372988638
0.1808891939296881
0.1808891939296881
0.1808891939296881
0.1808891939296881
0.1808891939296881
0.1808891939296881
0.1808891939296881
0.1808891939296881
0.1808891939296881
0.1808891939296881
0.1808891939296881
0.1809654541294898
0.1809654541294898
0.1809654541294898
0.1809654541294898
0.1809654541294898
0.1809654541294898
0.18104171432929153
0.18104171432929153
0.18104171432929153
0.18111797452909326
0.18111797452909326
0.18111797452909326
0.18119423472889498
0.18119423472889498
0.18119423472889498
0.18119423472889498
0.18119423472889498
0.18119423472889498
0.18119423472889498
0.1812704949286967
0.18134675512849843
0.18134675512849843
0.18134675512849843
0.18142301532830016
0.18149927552810188
0.18149927552810188
0.18149927552810188
0.18149927552810188
0.18149927552810188
0.18149927552810188
0.18149927552810188
0.18149927552810188
0.18149927552810188
0.18149927552810188
0.18149927552810188
0.1815755357279036
0.1815755357279036
0.1815755357279036
0.18165179592770533
0.18165179592770533
0.18165179592770533
0.18172805612750706
0.18180431632730878
0.1818805765271105
0.18195683672691224
0.18195683672691224
0.18195683672691224
0.18203309692671396
0.18203309692671396
0.18203309692671396
0.18210935712651566
0.18210935712651566
0.18210935712651566
0.18210935712651566
0.18210935712651566
0.18218561732631738
0.1822618775261191
0.1822618775261191
0.1822618775261191
0.18233813772592083
0.18233813772592083
0.18249065812552429
0.18249065812552429
0.18249065812552429
0.182566918325326
0.18264317852512774
0.18271943872492946
0.18271943872492946
0.1827956989247312
0.1828719591245329
0.1828719591245329
0.1828719591245329
0.1828719591245329
0.1828719591245329
0.18294821932433464
0.18294821932433464
0.18294821932433464
0.18294821932433464
0.18294821932433464
0.18294821932433464
0.18294821932433464
0.18294821932433464
0.18294821932433464
0.18302447952413636
0.18302447952413636
0.18302447952413636
0.18302447952413636
0.18302447952413636
0.1831007397239381
0.1831007397239381
0.1831007397239381
0.1831007397239381
0.1831007397239381
0.1831007397239381
0.1831007397239381
0.1831007397239381
0.1831007397239381
0.1831007397239381
0.1831007397239381
0.18317699992373981
0.18317699992373981
0.1832532601235415
0.1832532601235415
0.1832532601235415
0.1832532601235415
0.1832532601235415
0.1832532601235415
0.1832532601235415
0.1832532601235415
0.1832532601235415
0.1832532601235415
0.1832532601235415
0.1832532601235415
0.1832532601235415
0.1832532601235415
0.1832532601235415
0.1832532601235415
0.1832532601235415
0.18332952032334324
0.18332952032334324
0.18332952032334324
0.18332952032334324
0.18332952032334324
0.18332952032334324
0.18332952032334324
0.18332952032334324
0.18332952032334324
0.18332952032334324
0.18332952032334324
0.18332952032334324
0.18332952032334324
0.18332952032334324
0.18332952032334324
0.18332952032334324
0.18340578052314496
0.18340578052314496
0.18340578052314496
0.18340578052314496
0.18340578052314496
0.18340578052314496
0.18340578052314496
0.18340578052314496
0.18340578052314496
0.18340578052314496
0.18340578052314496
0.1834820407229467
0.1834820407229467
0.1834820407229467
0.1834820407229467
0.1834820407229467
0.1834820407229467
0.1834820407229467
0.1834820407229467
0.1834820407229467
0.1835583009227484
0.18363456112255014
0.18363456112255014
0.18363456112255014
0.18363456112255014
0.18363456112255014
0.18363456112255014
0.18363456112255014
0.18363456112255014
0.18363456112255014
0.18363456112255014
0.18363456112255014
0.18363456112255014
0.18363456112255014
0.18363456112255014
0.18363456112255014
0.18363456112255014
0.18363456112255014
0.18371082132235186
0.18371082132235186
0.18371082132235186
0.18371082132235186
0.18371082132235186
0.18371082132235186
0.18371082132235186
0.18371082132235186
0.18371082132235186
0.18371082132235186
0.1837870815221536
0.1837870815221536
0.1837870815221536
0.1837870815221536
0.1837870815221536
0.1837870815221536
0.1837870815221536
0.1837870815221536
0.1837870815221536
0.18386334172195531
0.18386334172195531
0.18386334172195531
0.18386334172195531
0.18386334172195531
0.18393960192175704
0.18393960192175704
0.18393960192175704
0.18393960192175704
0.18393960192175704
0.18393960192175704
0.18393960192175704
0.18393960192175704
0.18393960192175704
0.18393960192175704
0.18393960192175704
0.18393960192175704
0.18393960192175704
0.18393960192175704
0.18393960192175704
0.18401586212155877
0.18401586212155877
0.18401586212155877
0.18401586212155877
0.18401586212155877
0.18401586212155877
0.1840921223213605
0.1840921223213605
0.1840921223213605
0.18416838252116222
0.18416838252116222
0.18416838252116222
0.18416838252116222
0.18416838252116222
0.18416838252116222
0.18416838252116222
0.18416838252116222
0.18416838252116222
0.18416838252116222
0.18416838252116222
0.18416838252116222
0.18416838252116222
0.18416838252116222
0.18424464272096394
0.18424464272096394
0.18424464272096394
0.18424464272096394
0.18424464272096394
0.18424464272096394
0.18432090292076564
0.18432090292076564
0.18439716312056736
0.18439716312056736
0.18439716312056736
0.18439716312056736
0.18439716312056736
0.18439716312056736
0.18439716312056736
0.18454968352017082
0.18454968352017082
0.18454968352017082
0.18454968352017082
0.18454968352017082
0.18454968352017082
0.18462594371997254
0.18462594371997254
0.18462594371997254
0.18462594371997254
0.18462594371997254
0.18462594371997254
0.18462594371997254
0.18462594371997254
0.18462594371997254
0.18470220391977427
0.18470220391977427
0.184778464119576
0.184778464119576
0.18485472431937772
0.18485472431937772
0.18485472431937772
0.18485472431937772
0.18485472431937772
0.18485472431937772
0.18493098451917944
0.18493098451917944
0.18493098451917944
0.18500724471898117
0.18500724471898117
0.18500724471898117
0.18500724471898117
0.18500724471898117
0.18500724471898117
0.18500724471898117
0.1850835049187829
0.18515976511858462
0.18523602531838634
0.18523602531838634
0.18523602531838634
0.18523602531838634
0.18523602531838634
0.18523602531838634
0.18523602531838634
0.18523602531838634
0.18523602531838634
0.18523602531838634
0.18523602531838634
0.18531228551818807
0.18531228551818807
0.1853885457179898
0.1853885457179898
0.1853885457179898
0.1853885457179898
0.1854648059177915
0.1854648059177915
0.1854648059177915
0.1854648059177915
0.1854648059177915
0.1854648059177915
0.1854648059177915
0.1854648059177915
0.1854648059177915
0.1854648059177915
0.1854648059177915
0.1854648059177915
0.1854648059177915
0.18554106611759322
0.18561732631739494
0.18561732631739494
0.18561732631739494
0.18569358651719667
0.1857698467169984
0.1857698467169984
0.1857698467169984
0.1857698467169984
0.1857698467169984
0.1857698467169984
0.18584610691680012
0.18584610691680012
0.18584610691680012
0.18592236711660184
0.18599862731640357
0.18599862731640357
0.18599862731640357
0.18599862731640357
0.18599862731640357
0.18599862731640357
0.18599862731640357
0.18599862731640357
0.18599862731640357
0.18599862731640357
0.18599862731640357
0.18599862731640357
0.18599862731640357
0.18599862731640357
0.1860748875162053
0.18615114771600702
0.18615114771600702
0.18615114771600702
0.18615114771600702
0.18615114771600702
0.18615114771600702
0.18615114771600702
0.18615114771600702
0.18615114771600702
0.18622740791580875
0.18622740791580875
0.18622740791580875
0.18622740791580875
0.18622740791580875
0.18630366811561047
0.1863799283154122
0.1863799283154122
0.1863799283154122
0.1863799283154122
0.18653244871501562
0.18653244871501562
0.18653244871501562
0.18660870891481735
0.18668496911461907
0.18668496911461907
0.18668496911461907
0.1867612293144208
0.1867612293144208
0.1867612293144208
0.1867612293144208
0.1867612293144208
0.1867612293144208
0.18683748951422252
0.18683748951422252
0.18683748951422252
0.18683748951422252
0.18683748951422252
0.18691374971402425
0.18699000991382597
0.18699000991382597
0.18699000991382597
0.18699000991382597
0.18699000991382597
0.1870662701136277
0.18714253031342942
0.18714253031342942
0.18714253031342942
0.18714253031342942
0.18714253031342942
0.18714253031342942
0.18714253031342942
0.18714253031342942
0.18721879051323115
0.18721879051323115
0.18721879051323115
0.18721879051323115
0.18729505071303287
0.18729505071303287
0.18729505071303287
0.18729505071303287
0.1873713109128346
0.1873713109128346
0.1873713109128346
0.18752383131243805
0.18760009151223977
0.18760009151223977
0.18760009151223977
0.18767635171204147
0.18767635171204147
0.18767635171204147
0.18767635171204147
0.18767635171204147
0.18767635171204147
0.18767635171204147
0.18767635171204147
0.18767635171204147
0.18767635171204147
0.18767635171204147
0.18767635171204147
0.18767635171204147
0.18782887211164492
0.18782887211164492
0.18790513231144665
0.18790513231144665
0.18790513231144665
0.18790513231144665
0.18790513231144665
0.18790513231144665
0.18790513231144665
0.18790513231144665
0.18790513231144665
0.18790513231144665
0.18790513231144665
0.18790513231144665
0.18790513231144665
0.18790513231144665
0.18790513231144665
