0.04987417067032716
0.07168458781362007
0.07809044459696485
0.08487760237931824
0.09265614275909403
0.10081598413787844
0.1062304583238008
0.10897582551666285
0.11210249370853352
0.11370395790436971
0.11515290170060245
0.11667810569663692
0.11797452909326622
0.11881339129108519
0.12003355448791275
0.1211774574849386
0.12232136048196446
0.1230839624799817
0.1240753450774041
0.12476168687561962
0.1253717684740334
0.12636315107145582
0.12720201326927477
0.12758331426828337
0.12872721726530922
0.13002364066193853
0.1309387630595592
0.13139632425836956
0.13200640585678333
0.13276900785480059
0.13360787005261954
0.13414169145123161
0.1350568138488523
0.13589567604667124
0.13719209944330055
0.1377259208419126
0.1383360024403264
0.1386410432395333
0.13917486463814535
0.1396324258369557
0.14039502783497293
0.14092884923358498
0.14153893083199878
0.1419964920308091
0.14275909402882636
0.14344543582704186
0.14420803782505912
0.1451231602226798
0.14558072142149012
0.14588576222069702
0.14596202242049874
0.14619080301990392
0.14619080301990392
0.1464958438191108
0.14695340501792115
0.14733470601692977
0.14771600701593837
0.14855486921375735
0.14885991001296422
0.14954625181117975
0.15000381300999008
0.15030885380919698
0.15053763440860216
0.15084267520780906
0.15091893540761075
0.1510714558072142
0.15152901700602456
0.15213909860443833
0.15221535880424006
0.15274918020285214
0.15313048120186074
0.15328300160146419
0.1533592618012659
0.15351178220086936
0.15381682300007626
0.15396934339967971
0.1542743841988866
0.1543506443986883
0.15450316479829176
0.15465568519789522
0.15480820559749867
0.15496072599710212
0.15496072599710212
0.1551895065965073
0.15534202699611074
0.15541828719591244
0.15549454739571417
0.15564706779531762
0.15579958819492107
0.15595210859452452
0.1561808891939297
0.15625714939373142
0.15648592999313657
0.15648592999313657
0.1565621901929383
0.15663845039274002
0.1568672309921452
0.15701975139174865
0.1571722717913521
0.15755357279036072
0.15770609318996415
0.15793487378936932
0.15793487378936932
0.15793487378936932
0.15793487378936932
0.1581636543887745
0.15839243498817968
0.1584686951879814
0.15869747578738655
0.15869747578738655
0.15892625638679173
0.15907877678639518
0.15938381758560208
0.1594600777854038
0.15953633798520553
0.15968885838480898
0.15968885838480898
0.1597651185846107
0.15991763898421413
0.15999389918401585
0.16007015938381758
0.16022267978342103
0.16022267978342103
0.16037520018302448
0.1607565011820331
0.16083276138183483
0.16106154198123998
0.1611378021810417
0.16129032258064516
0.1614428429802486
0.16151910318005033
0.1617478837794555
0.16197666437886069
0.1621291847784641
0.1621291847784641
0.16228170517806756
0.16228170517806756
0.16258674597727446
0.16258674597727446
0.16266300617707619
0.1627392663768779
0.16281552657667964
0.1629680469762831
0.1630443071760848
0.16312056737588654
0.16319682757568824
0.1634256081750934
0.16350186837489514
0.16357812857469686
0.16357812857469686
0.16357812857469686
0.1636543887744986
0.1637306489743003
0.16388316937390376
0.16411194997330894
0.16411194997330894
0.16411194997330894
0.16411194997330894
0.16418821017311067
0.16418821017311067
0.1643407305727141
0.16441699077251581
0.16456951117211926
0.164645771371921
0.16472203157172272
0.16479829177152444
0.16479829177152444
0.1649508121711279
0.16502707237092962
0.16533211317013652
0.16533211317013652
0.16540837336993822
0.16556089376954167
0.16556089376954167
0.16556089376954167
0.16571341416914512
0.1659421947685503
0.16601845496835202
0.16617097536795547
0.16617097536795547
0.1662472355677572
0.16639975596736065
0.16647601616716237
0.16655227636696407
0.16655227636696407
0.1666285365667658
0.16670479676656752
0.16670479676656752
0.16670479676656752
0.16670479676656752
0.16670479676656752
0.1669335773659727
0.1669335773659727
0.1669335773659727
0.1669335773659727
0.1669335773659727
0.16700983756577442
0.16708609776557615
0.16716235796537787
0.16716235796537787
0.16731487836498132
0.16739113856478305
0.16746739876458477
0.1676199191641882
0.1676199191641882
0.1676199191641882
0.16784869976359337
0.16784869976359337
0.16807748036299855
0.16807748036299855
0.16807748036299855
0.16815374056280027
0.16830626096240373
0.16845878136200718
0.1685350415618089
0.16861130176161063
0.16868756196141235
0.16868756196141235
0.16868756196141235
0.16884008236101578
0.16899260276061923
0.16899260276061923
0.16906886296042095
0.16914512316022268
0.1692213833600244
0.1692213833600244
0.16929764355982613
0.16937390375962785
0.16945016395942958
0.16945016395942958
0.16945016395942958
0.16945016395942958
0.1695264241592313
0.16967894455883475
0.16975520475863648
0.16983146495843818
0.1699077251582399
0.17006024555784335
0.17013650575764508
0.1702127659574468
0.17028902615724853
0.17036528635705026
0.17044154655685198
0.1705178067566537
0.17059406695645543
0.17059406695645543
0.17067032715625716
0.17074658735605888
0.17074658735605888
0.17074658735605888
0.17074658735605888
0.17074658735605888
0.17074658735605888
0.1708228475558606
0.1708228475558606
0.17089910775566233
0.17089910775566233
0.17089910775566233
0.17089910775566233
0.17097536795546403
0.17105162815526576
0.17105162815526576
0.17112788835506748
0.1712041485548692
0.1712041485548692
0.1712041485548692
0.1712041485548692
0.17135666895447266
0.17135666895447266
0.17143292915427438
0.1715091893540761
0.1715091893540761
0.1715091893540761
0.1715091893540761
0.1715091893540761
0.1715091893540761
0.1715091893540761
0.1715091893540761
0.1715091893540761
0.1715091893540761
0.1715091893540761
0.1715091893540761
0.1715091893540761
0.17158544955387783
0.17158544955387783
0.17158544955387783
0.171814230153283
0.171814230153283
0.17189049035308474
0.17196675055288646
0.17196675055288646
0.17196675055288646
0.17211927095248988
0.1721955311522916
0.1721955311522916
0.17227179135209333
0.17227179135209333
0.17227179135209333
0.17234805155189506
0.17242431175169678
0.17242431175169678
0.17242431175169678
0.17257683215130024
0.17257683215130024
0.1727293525509037
0.1728056127507054
0.17288187295050714
0.17295813315030886
0.17295813315030886
0.17295813315030886
0.17295813315030886
0.1730343933501106
0.1730343933501106
0.1731106535499123
0.1731106535499123
0.1731106535499123
0.173186913749714
0.173186913749714
0.173186913749714
0.173186913749714
0.173186913749714
0.17326317394951574
0.17326317394951574
0.17326317394951574
0.17326317394951574
0.17333943414931746
0.1734156943491192
0.1734919545489209
0.1734919545489209
0.17356821474872264
0.17356821474872264
0.17356821474872264
0.17356821474872264
0.1737207351483261
0.17379699534812781
0.17379699534812781
0.17387325554792954
0.17387325554792954
0.17394951574773126
0.17394951574773126
0.17394951574773126
0.17394951574773126
0.17394951574773126
0.174025775947533
0.174025775947533
0.17410203614733472
0.17417829634713644
0.17417829634713644
0.17425455654693817
0.17425455654693817
0.17433081674673986
0.17433081674673986
0.17433081674673986
0.17433081674673986
0.17433081674673986
0.1744070769465416
0.1744070769465416
0.1744070769465416
0.1744070769465416
0.1744070769465416
0.1744070769465416
0.1744070769465416
0.1744070769465416
0.17455959734614504
0.17463585754594677
0.1747121177457485
0.1747121177457485
0.1747121177457485
0.1747121177457485
0.1747121177457485
0.17486463814535194
0.1750171585449554
0.17524593914436057
0.1753221993441623
0.175398459543964
0.175398459543964
0.175398459543964
0.175398459543964
0.175398459543964
0.175398459543964
0.17547471974376572
0.17547471974376572
0.17547471974376572
0.17547471974376572
0.17547471974376572
0.17547471974376572
0.17555097994356744
0.17555097994356744
0.17555097994356744
0.1757035003431709
0.1757035003431709
0.1757035003431709
0.17577976054297262
0.17585602074277434
0.17593228094257607
0.17593228094257607
0.17593228094257607
0.17593228094257607
0.1760085411423778
0.1760085411423778
0.1760085411423778
0.1760085411423778
0.1760085411423778
0.1760085411423778
0.1760085411423778
0.1760085411423778
0.1760085411423778
0.1760085411423778
0.1760085411423778
0.1760085411423778
0.1760085411423778
0.1760085411423778
0.1760085411423778
0.17608480134217952
0.17608480134217952
0.17608480134217952
0.17608480134217952
0.17608480134217952
0.17623732174178297
0.17623732174178297
0.17623732174178297
0.17623732174178297
0.1763135819415847
0.1763135819415847
0.1763135819415847
0.1763135819415847
0.17638984214138642
0.17638984214138642
0.17638984214138642
0.17638984214138642
0.17638984214138642
0.17638984214138642
0.17646610234118815
0.17646610234118815
0.17654236254098984
0.17654236254098984
0.17661862274079157
0.1766948829405933
0.1766948829405933
0.17677114314039502
0.17684740334019675
0.1769999237398002
0.1769999237398002
0.1769999237398002
0.1769999237398002
0.17715244413940365
0.17715244413940365
0.17715244413940365
0.17715244413940365
0.17715244413940365
0.17715244413940365
0.17722870433920537
0.17722870433920537
0.17722870433920537
0.17722870433920537
0.17722870433920537
0.17722870433920537
0.17722870433920537
0.17738122473880882
0.17738122473880882
0.17738122473880882
0.17753374513841227
0.177610005338214
0.177610005338214
0.17783878593761915
0.17783878593761915
0.17783878593761915
0.17783878593761915
0.17783878593761915
0.17791504613742087
0.17791504613742087
0.1779913063372226
0.17814382673682605
0.17814382673682605
0.17814382673682605
0.17814382673682605
0.17814382673682605
0.17814382673682605
0.17814382673682605
0.17814382673682605
0.17814382673682605
0.17822008693662778
0.17822008693662778
0.17822008693662778
0.17822008693662778
0.17822008693662778
0.17822008693662778
0.17822008693662778
0.17822008693662778
0.17822008693662778
0.17822008693662778
0.17837260733623123
0.17837260733623123
0.17837260733623123
0.17837260733623123
0.17844886753603295
0.17844886753603295
0.17844886753603295
0.17844886753603295
0.17844886753603295
0.17852512773583468
0.17852512773583468
0.17852512773583468
0.17852512773583468
0.17852512773583468
0.1786013879356364
0.1786013879356364
0.1786013879356364
0.1786013879356364
0.1786013879356364
0.17867764813543813
0.17867764813543813
0.17875390833523983
0.17875390833523983
0.17883016853504155
0.17883016853504155
0.17883016853504155
0.17883016853504155
0.17883016853504155
0.17883016853504155
0.17883016853504155
0.17890642873484328
0.17890642873484328
0.17890642873484328
0.17890642873484328
0.178982688934645
0.178982688934645
0.178982688934645
0.178982688934645
0.178982688934645
0.178982688934645
0.178982688934645
0.178982688934645
0.178982688934645
0.178982688934645
0.178982688934645
0.178982688934645
0.178982688934645
0.17905894913444673
0.17905894913444673
0.17905894913444673
0.17913520933424845
0.17921146953405018
0.17921146953405018
0.1792877297338519
0.1792877297338519
0.1792877297338519
0.1792877297338519
0.1792877297338519
0.1792877297338519
0.1792877297338519
0.1792877297338519
0.1792877297338519
0.1792877297338519
0.1792877297338519
0.17936398993365363
0.17936398993365363
0.17944025013345535
0.17944025013345535
0.17944025013345535
0.17951651033325708
0.17951651033325708
0.17951651033325708
0.17951651033325708
0.17951651033325708
0.1795927705330588
0.1795927705330588
0.1795927705330588
0.1795927705330588
0.1795927705330588
0.1795927705330588
0.17982155113246398
0.17982155113246398
0.17982155113246398
0.17982155113246398
0.17982155113246398
0.17982155113246398
0.17982155113246398
0.17982155113246398
0.17982155113246398
0.17982155113246398
0.17982155113246398
0.17989781133226568
0.17989781133226568
0.17989781133226568
0.17989781133226568
0.1799740715320674
0.18005033173186913
0.18005033173186913
0.18005033173186913
0.18005033173186913
0.18012659193167085
0.18012659193167085
0.18020285213147258
0.18020285213147258
0.18020285213147258
0.18020285213147258
0.1802791123312743
0.18035537253107603
0.18035537253107603
0.18035537253107603
0.18035537253107603
0.18035537253107603
0.18035537253107603
0.18035537253107603
0.18035537253107603
0.18035537253107603
0.18043163273087776
0.1805841531304812
0.1805841531304812
0.1805841531304812
0.1805841531304812
0.1805841531304812
0.1805841531304812
0.1805841531304812
0.1805841531304812
0.18066041333028293
0.18066041333028293
0.18066041333028293
0.18073667353008466
0.18073667353008466
0.18073667353008466
0.18073667353008466
0.18081293372988638
0.18081293372988638
0.1808891939296881
0.1808891939296881
0.1809654541294898
0.18104171432929153
0.18104171432929153
0.18104171432929153
0.18111797452909326
0.18111797452909326
0.18111797452909326
0.18119423472889498
0.18119423472889498
0.18119423472889498
0.18119423472889498
0.18119423472889498
0.18119423472889498
0.18119423472889498
0.1812704949286967
0.1812704949286967
0.1812704949286967
0.1812704949286967
0.18134675512849843
0.18134675512849843
0.18134675512849843
0.18149927552810188
0.18149927552810188
0.18149927552810188
0.18149927552810188
0.1815755357279036
0.1815755357279036
0.1815755357279036
0.1815755357279036
0.1815755357279036
0.18165179592770533
0.18180431632730878
0.18180431632730878
0.18180431632730878
0.18180431632730878
0.18180431632730878
0.18180431632730878
0.18180431632730878
0.18180431632730878
0.18180431632730878
0.18180431632730878
0.18195683672691224
0.18195683672691224
0.18203309692671396
0.18203309692671396
0.18203309692671396
0.18203309692671396
0.18210935712651566
0.18210935712651566
0.18218561732631738
0.18218561732631738
0.18218561732631738
0.18218561732631738
0.18218561732631738
0.1822618775261191
0.1822618775261191
0.1822618775261191
0.18233813772592083
0.18233813772592083
0.18233813772592083
0.18241439792572256
0.18249065812552429
0.18249065812552429
0.18249065812552429
0.182566918325326
0.182566918325326
0.182566918325326
0.18264317852512774
0.18264317852512774
0.18264317852512774
0.18264317852512774
0.18264317852512774
0.18264317852512774
0.18264317852512774
0.18264317852512774
0.18264317852512774
0.18271943872492946
0.1827956989247312
0.18302447952413636
0.18302447952413636
0.18302447952413636
0.18302447952413636
0.18302447952413636
0.18302447952413636
0.1831007397239381
0.1831007397239381
0.1831007397239381
0.1832532601235415
0.18332952032334324
0.18332952032334324
0.18332952032334324
0.18332952032334324
0.18332952032334324
0.18340578052314496
0.1834820407229467
0.1834820407229467
0.1834820407229467
0.1834820407229467
0.1834820407229467
0.1834820407229467
0.1834820407229467
0.1834820407229467
0.1834820407229467
0.1834820407229467
0.1834820407229467
0.1834820407229467
0.1834820407229467
0.1834820407229467
0.1834820407229467
0.1834820407229467
0.1835583009227484
0.1835583009227484
0.1835583009227484
0.18363456112255014
0.18363456112255014
0.18363456112255014
0.18363456112255014
0.1837870815221536
0.1837870815221536
0.1837870815221536
0.1837870815221536
0.1837870815221536
0.1837870815221536
0.18386334172195531
0.18386334172195531
0.18386334172195531
0.18386334172195531
0.18386334172195531
0.18386334172195531
0.18386334172195531
0.18401586212155877
0.18401586212155877
0.18401586212155877
0.18401586212155877
0.1840921223213605
0.1840921223213605
0.1840921223213605
0.1840921223213605
0.1840921223213605
0.1840921223213605
0.1840921223213605
0.1840921223213605
0.1840921223213605
0.1840921223213605
0.1840921223213605
0.18416838252116222
0.18416838252116222
0.18424464272096394
0.18424464272096394
0.18424464272096394
0.18424464272096394
0.18432090292076564
0.18432090292076564
0.18432090292076564
0.18432090292076564
0.18439716312056736
0.1844734233203691
0.18454968352017082
0.18454968352017082
0.18454968352017082
0.18454968352017082
0.18454968352017082
0.18470220391977427
0.18470220391977427
0.18470220391977427
0.18470220391977427
0.18470220391977427
0.184778464119576
0.184778464119576
0.184778464119576
0.184778464119576
0.184778464119576
0.18485472431937772
0.18485472431937772
0.18485472431937772
0.18485472431937772
0.18485472431937772
0.18485472431937772
0.18485472431937772
0.18493098451917944
0.18493098451917944
0.18493098451917944
0.18493098451917944
0.18500724471898117
0.18500724471898117
0.18500724471898117
0.18500724471898117
0.18500724471898117
0.18500724471898117
0.18500724471898117
0.18500724471898117
0.18500724471898117
0.18500724471898117
0.1850835049187829
0.18515976511858462
0.18515976511858462
0.18515976511858462
0.18515976511858462
0.18523602531838634
0.18523602531838634
0.18523602531838634
0.18523602531838634
0.18523602531838634
0.18523602531838634
0.18523602531838634
0.18523602531838634
0.18523602531838634
0.18523602531838634
0.18523602531838634
0.18523602531838634
0.18523602531838634
0.18531228551818807
0.18531228551818807
0.18531228551818807
0.18531228551818807
0.18531228551818807
0.18531228551818807
0.1853885457179898
0.1853885457179898
0.1853885457179898
0.1853885457179898
0.1853885457179898
0.1853885457179898
0.1853885457179898
0.1853885457179898
0.1853885457179898
0.1853885457179898
0.1853885457179898
0.1853885457179898
0.1853885457179898
0.1853885457179898
0.1853885457179898
0.1853885457179898
0.1853885457179898
0.1853885457179898
0.1853885457179898
0.1853885457179898
0.1853885457179898
0.1854648059177915
0.1854648059177915
0.1854648059177915
0.1854648059177915
0.1854648059177915
0.1854648059177915
0.1854648059177915
0.18554106611759322
0.18561732631739494
0.18561732631739494
0.18561732631739494
0.18561732631739494
0.18561732631739494
0.18561732631739494
0.18561732631739494
0.18561732631739494
0.18569358651719667
0.18569358651719667
0.1857698467169984
0.1857698467169984
0.18584610691680012
0.18584610691680012
0.18584610691680012
0.18584610691680012
0.18584610691680012
0.18584610691680012
0.18592236711660184
0.1860748875162053
0.1860748875162053
0.1860748875162053
0.1860748875162053
0.1860748875162053
0.1860748875162053
0.18615114771600702
0.18622740791580875
0.18630366811561047
0.18630366811561047
0.18630366811561047
0.18630366811561047
0.18630366811561047
0.18630366811561047
0.18630366811561047
0.18630366811561047
0.18653244871501562
0.18653244871501562
0.18653244871501562
0.18660870891481735
0.18668496911461907
0.18668496911461907
0.18668496911461907
0.18668496911461907
0.18668496911461907
0.18668496911461907
0.18668496911461907
0.1867612293144208
0.1867612293144208
0.18683748951422252
0.18683748951422252
0.18683748951422252
0.18691374971402425
0.18699000991382597
0.18699000991382597
0.18699000991382597
0.18699000991382597
0.18699000991382597
0.18699000991382597
0.18699000991382597
0.1870662701136277
0.1870662701136277
0.1870662701136277
0.1870662701136277
0.18714253031342942
0.18721879051323115
0.18721879051323115
0.18721879051323115
0.18721879051323115
0.18721879051323115
0.18721879051323115
0.18721879051323115
0.18721879051323115
0.18721879051323115
0.18721879051323115
0.18721879051323115
0.18721879051323115
0.18721879051323115
0.18721879051323115
0.18721879051323115
0.18721879051323115
0.18721879051323115
0.18721879051323115
0.18721879051323115
0.18721879051323115
0.18721879051323115
0.18721879051323115
0.18721879051323115
0.18721879051323115
0.18721879051323115
0.18729505071303287
0.18729505071303287
0.18729505071303287
0.18729505071303287
0.18729505071303287
0.18729505071303287
0.18729505071303287
0.1873713109128346
0.1873713109128346
0.1873713109128346
0.1873713109128346
0.1873713109128346
0.1873713109128346
0.18752383131243805
0.18760009151223977
0.18760009151223977
0.18760009151223977
0.18760009151223977
0.18760009151223977
0.18760009151223977
0.18760009151223977
0.18760009151223977
0.18767635171204147
0.18767635171204147
0.18767635171204147
0.18767635171204147
0.18767635171204147
0.18767635171204147
0.18767635171204147
0.18767635171204147
0.1877526119118432
0.1877526119118432
0.1877526119118432
0.1877526119118432
0.1877526119118432
0.1877526119118432
0.1877526119118432
0.1877526119118432
