0.044688477083809956
0.07092198581560284
0.0789293067947838
0.08358117898268894
0.08815679097079235
0.09334248455730954
0.09967208114085259
0.104247693128956
0.1081369633188439
0.11393273850377487
0.11698314649584382
0.11911843209029208
0.12079615648592999
0.12132997788454206
0.12201631968275757
0.12300770228017997
0.12369404407839549
0.124380385876611
0.12514298787462824
0.12582932967284374
0.12643941127125752
0.12735453366887822
0.12819339586669717
0.1289559978647144
0.1295660794631282
0.13009990086174025
0.13063372226035233
0.13147258445817128
0.13208266605658506
0.13276900785480059
0.13315030885380919
0.1335316098528178
0.1340654312514299
0.13452299245024021
0.1350568138488523
0.1354381148478609
0.13589567604667124
0.13650575764508502
0.13681079844429192
0.13719209944330055
0.1377259208419126
0.13818348204072295
0.1386410432395333
0.1390223442385419
0.13978494623655913
0.14008998703576603
0.14039502783497293
0.14085258903378328
0.14115762983299016
0.1416151910318005
0.1419202318310074
0.1428353542286281
0.1432929154274384
0.1442842980248608
0.1448181194234729
0.14565698162129184
0.1461145428201022
0.14657210401891252
0.1468008846183177
0.14695340501792115
0.1474109662167315
0.14794478761534355
0.14817356821474872
0.14863112941355908
0.14893617021276595
0.14931747121177458
0.14954625181117975
0.14992755281018835
0.15023259360939525
0.1503851140089987
0.15046137420880043
0.1506901548082056
0.1506901548082056
0.15145275680622283
0.151681537405628
0.15191031800503318
0.1520628384046366
0.15252039960344696
0.1529779608022573
0.15313048120186074
0.15320674140166246
0.15351178220086936
0.15381682300007626
0.1543506443986883
0.15450316479829176
0.15480820559749867
0.15496072599710212
0.1551895065965073
0.15534202699611074
0.1555708075955159
0.15579958819492107
0.15595210859452452
0.15610462899412797
0.15625714939373142
0.1565621901929383
0.15679097079234347
0.15701975139174865
0.15732479219095555
0.15732479219095555
0.157477312590559
0.15755357279036072
0.15762983299016242
0.15778235338976587
0.15793487378936932
0.15801113398917105
0.15801113398917105
0.15808739418897277
0.15808739418897277
0.1581636543887745
0.15823991458857622
0.15854495538778313
0.15854495538778313
0.15892625638679173
0.15907877678639518
0.15923129718599863
0.15938381758560208
0.15938381758560208
0.15961259818500725
0.15961259818500725
0.15961259818500725
0.15968885838480898
0.1598413787844124
0.16007015938381758
0.16022267978342103
0.1604514603828262
0.16052772058262793
0.16068024098223138
0.16083276138183483
0.16098528178143826
0.1611378021810417
0.16129032258064516
0.16136658278044688
0.16159536337985206
0.16182414397925723
0.16190040417905896
0.16197666437886069
0.16205292457866238
0.1621291847784641
0.16228170517806756
0.16251048577747274
0.1627392663768779
0.16281552657667964
0.1629680469762831
0.16312056737588654
0.16312056737588654
0.16319682757568824
0.1634256081750934
0.1637306489743003
0.16380690917410204
0.1639594295737055
0.1639594295737055
0.1639594295737055
0.1639594295737055
0.1639594295737055
0.1639594295737055
0.16411194997330894
0.16418821017311067
0.16426447037291236
0.16441699077251581
0.164645771371921
0.16472203157172272
0.16502707237092962
0.16510333257073134
0.16510333257073134
0.1652558529703348
0.1652558529703348
0.1652558529703348
0.1652558529703348
0.16533211317013652
0.16533211317013652
0.16533211317013652
0.16540837336993822
0.16540837336993822
0.16540837336993822
0.16548463356973994
0.16556089376954167
0.16556089376954167
0.1656371539693434
0.16578967436894684
0.16601845496835202
0.16609471516815374
0.1662472355677572
0.16632349576755892
0.16639975596736065
0.16655227636696407
0.16655227636696407
0.1666285365667658
0.16670479676656752
0.16678105696636925
0.16685731716617097
0.16685731716617097
0.16685731716617097
0.16700983756577442
0.16716235796537787
0.1672386181651796
0.16739113856478305
0.1675436589643865
0.1676199191641882
0.1679249599633951
0.16807748036299855
0.16815374056280027
0.16815374056280027
0.168230000762602
0.16838252116220545
0.16838252116220545
0.16845878136200718
0.16845878136200718
0.16845878136200718
0.1685350415618089
0.16868756196141235
0.16876382216121405
0.16884008236101578
0.16884008236101578
0.16884008236101578
0.16884008236101578
0.1689163425608175
0.16899260276061923
0.16906886296042095
0.16906886296042095
0.16914512316022268
0.16914512316022268
0.16914512316022268
0.1692213833600244
0.1692213833600244
0.1692213833600244
0.1692213833600244
0.16929764355982613
0.16945016395942958
0.16945016395942958
0.1695264241592313
0.16967894455883475
0.16967894455883475
0.16967894455883475
0.16967894455883475
0.16967894455883475
0.16967894455883475
0.16983146495843818
0.16998398535804163
0.17006024555784335
0.17006024555784335
0.1702127659574468
0.17028902615724853
0.17028902615724853
0.17028902615724853
0.17028902615724853
0.17036528635705026
0.17036528635705026
0.17036528635705026
0.17044154655685198
0.17044154655685198
0.17044154655685198
0.17059406695645543
0.17059406695645543
0.17059406695645543
0.17059406695645543
0.17067032715625716
0.17067032715625716
0.17067032715625716
0.17067032715625716
0.17067032715625716
0.17074658735605888
0.17074658735605888
0.1708228475558606
0.1708228475558606
0.17089910775566233
0.17105162815526576
0.17105162815526576
0.17105162815526576
0.17112788835506748
0.17135666895447266
0.17143292915427438
0.17143292915427438
0.17143292915427438
0.17143292915427438
0.1715091893540761
0.1715091893540761
0.1715091893540761
0.17166170975367956
0.17166170975367956
0.17166170975367956
0.17166170975367956
0.17166170975367956
0.17166170975367956
0.17173796995348128
0.17173796995348128
0.17189049035308474
0.17189049035308474
0.17189049035308474
0.17189049035308474
0.17189049035308474
0.17196675055288646
0.17204301075268819
0.17204301075268819
0.17211927095248988
0.17227179135209333
0.17227179135209333
0.17227179135209333
0.17234805155189506
0.17234805155189506
0.17234805155189506
0.17234805155189506
0.17234805155189506
0.17234805155189506
0.17234805155189506
0.17242431175169678
0.17242431175169678
0.17257683215130024
0.17257683215130024
0.1727293525509037
0.1727293525509037
0.1728056127507054
0.1728056127507054
0.1730343933501106
0.1731106535499123
0.1731106535499123
0.1731106535499123
0.1731106535499123
0.1731106535499123
0.173186913749714
0.173186913749714
0.17326317394951574
0.17326317394951574
0.17326317394951574
0.1734156943491192
0.1734156943491192
0.1734156943491192
0.1734919545489209
0.1734919545489209
0.1734919545489209
0.17356821474872264
0.17364447494852436
0.17364447494852436
0.17364447494852436
0.17364447494852436
0.17364447494852436
0.17387325554792954
0.17387325554792954
0.17394951574773126
0.17394951574773126
0.174025775947533
0.17410203614733472
0.17410203614733472
0.17410203614733472
0.17417829634713644
0.17417829634713644
0.17425455654693817
0.17425455654693817
0.17433081674673986
0.17433081674673986
0.1744070769465416
0.1744070769465416
0.17463585754594677
0.1747121177457485
0.1747121177457485
0.1747121177457485
0.1747121177457485
0.1747121177457485
0.1747121177457485
0.1747121177457485
0.1747121177457485
0.17478837794555022
0.17478837794555022
0.17478837794555022
0.17478837794555022
0.17486463814535194
0.17486463814535194
0.17486463814535194
0.17494089834515367
0.17494089834515367
0.17494089834515367
0.17494089834515367
0.1750171585449554
0.17516967894455884
0.17516967894455884
0.17516967894455884
0.17524593914436057
0.17524593914436057
0.17524593914436057
0.1753221993441623
0.175398459543964
0.175398459543964
0.175398459543964
0.17555097994356744
0.17562724014336917
0.17562724014336917
0.17562724014336917
0.1757035003431709
0.1757035003431709
0.1757035003431709
0.17577976054297262
0.17585602074277434
0.17593228094257607
0.17616106154198125
0.17616106154198125
0.17616106154198125
0.17616106154198125
0.17623732174178297
0.17623732174178297
0.17623732174178297
0.17623732174178297
0.17623732174178297
0.17623732174178297
0.17623732174178297
0.17623732174178297
0.17623732174178297
0.1763135819415847
0.1763135819415847
0.1763135819415847
0.1763135819415847
0.1763135819415847
0.17638984214138642
0.17646610234118815
0.17654236254098984
0.17654236254098984
0.17661862274079157
0.1766948829405933
0.17677114314039502
0.17677114314039502
0.17677114314039502
0.17684740334019675
0.17692366353999847
0.17692366353999847
0.1769999237398002
0.1769999237398002
0.1769999237398002
0.1769999237398002
0.17707618393960192
0.17707618393960192
0.17707618393960192
0.17707618393960192
0.17715244413940365
0.17715244413940365
0.17715244413940365
0.17715244413940365
0.17715244413940365
0.17715244413940365
0.17715244413940365
0.17715244413940365
0.17722870433920537
0.17722870433920537
0.1773049645390071
0.1773049645390071
0.1773049645390071
0.1773049645390071
0.1773049645390071
0.1773049645390071
0.17745748493861055
0.17745748493861055
0.17745748493861055
0.17745748493861055
0.17753374513841227
0.17753374513841227
0.17753374513841227
0.17753374513841227
0.17753374513841227
0.177610005338214
0.177610005338214
0.177610005338214
0.1776862655380157
0.17776252573781742
0.17776252573781742
0.17783878593761915
0.17783878593761915
0.17783878593761915
0.17783878593761915
0.17783878593761915
0.17783878593761915
0.17783878593761915
0.17783878593761915
0.17783878593761915
0.17783878593761915
0.17791504613742087
0.17791504613742087
0.1779913063372226
0.1779913063372226
0.1779913063372226
0.1779913063372226
0.1779913063372226
0.1779913063372226
0.17814382673682605
0.17814382673682605
0.17822008693662778
0.17822008693662778
0.17822008693662778
0.1782963471364295
0.1782963471364295
0.1782963471364295
0.17837260733623123
0.17837260733623123
0.17837260733623123
0.17837260733623123
0.17837260733623123
0.17837260733623123
0.17844886753603295
0.17844886753603295
0.17867764813543813
0.17867764813543813
0.17875390833523983
0.17883016853504155
0.17883016853504155
0.17890642873484328
0.178982688934645
0.178982688934645
0.178982688934645
0.178982688934645
0.178982688934645
0.17905894913444673
0.17905894913444673
0.17905894913444673
0.17905894913444673
0.17905894913444673
0.17905894913444673
0.17905894913444673
0.17905894913444673
0.17905894913444673
0.17905894913444673
0.17921146953405018
0.17921146953405018
0.17921146953405018
0.17921146953405018
0.17921146953405018
0.17921146953405018
0.17921146953405018
0.17921146953405018
0.1792877297338519
0.1792877297338519
0.1792877297338519
0.1792877297338519
0.17936398993365363
0.17936398993365363
0.17936398993365363
0.17936398993365363
0.17944025013345535
0.17944025013345535
0.1795927705330588
0.17966903073286053
0.17966903073286053
0.17966903073286053
0.17974529093266225
0.17974529093266225
0.17974529093266225
0.17974529093266225
0.17974529093266225
0.17974529093266225
0.17982155113246398
0.17982155113246398
0.17982155113246398
0.17989781133226568
0.17989781133226568
0.17989781133226568
0.17989781133226568
0.17989781133226568
0.17989781133226568
0.1799740715320674
0.1799740715320674
0.18005033173186913
0.18005033173186913
0.18020285213147258
0.18020285213147258
0.1802791123312743
0.18035537253107603
0.18043163273087776
0.18043163273087776
0.18043163273087776
0.18043163273087776
0.18043163273087776
0.18050789293067948
0.18050789293067948
0.18050789293067948
0.18050789293067948
0.18050789293067948
0.18050789293067948
0.18050789293067948
0.18050789293067948
0.1805841531304812
0.18066041333028293
0.18081293372988638
0.18081293372988638
0.18081293372988638
0.18081293372988638
0.18081293372988638
0.18081293372988638
0.18081293372988638
0.1808891939296881
0.1809654541294898
0.1809654541294898
0.18104171432929153
0.18104171432929153
0.18104171432929153
0.18104171432929153
0.18104171432929153
0.18104171432929153
0.18104171432929153
0.18111797452909326
0.18111797452909326
0.18111797452909326
0.1812704949286967
0.1812704949286967
0.18134675512849843
0.18134675512849843
0.18142301532830016
0.18149927552810188
0.1815755357279036
0.1815755357279036
0.1815755357279036
0.1815755357279036
0.1815755357279036
0.18172805612750706
0.18172805612750706
0.18172805612750706
0.18172805612750706
0.18180431632730878
0.18180431632730878
0.18180431632730878
0.18180431632730878
0.18180431632730878
0.18180431632730878
0.1818805765271105
0.18195683672691224
0.18195683672691224
0.18195683672691224
0.18210935712651566
0.18210935712651566
0.18210935712651566
0.18210935712651566
0.18210935712651566
0.18218561732631738
0.18218561732631738
0.18218561732631738
0.18218561732631738
0.1822618775261191
0.18241439792572256
0.18241439792572256
0.18241439792572256
0.18241439792572256
0.182566918325326
0.182566918325326
0.182566918325326
0.182566918325326
0.18271943872492946
0.18271943872492946
0.18271943872492946
0.1828719591245329
0.18294821932433464
0.18302447952413636
0.18302447952413636
0.18302447952413636
0.18302447952413636
0.18302447952413636
0.18302447952413636
0.18302447952413636
0.18302447952413636
0.18302447952413636
0.18302447952413636
0.18302447952413636
0.1831007397239381
0.1831007397239381
0.1831007397239381
0.1831007397239381
0.1831007397239381
0.18317699992373981
0.18317699992373981
0.1832532601235415
0.1832532601235415
0.1832532601235415
0.18332952032334324
0.18332952032334324
0.18332952032334324
0.18332952032334324
0.18332952032334324
0.18332952032334324
0.18332952032334324
0.18332952032334324
0.18332952032334324
0.18332952032334324
0.18332952032334324
0.18332952032334324
0.18332952032334324
0.18340578052314496
0.18340578052314496
0.1834820407229467
0.1834820407229467
0.1834820407229467
0.18363456112255014
0.18371082132235186
0.18371082132235186
0.18371082132235186
0.18371082132235186
0.18371082132235186
0.18371082132235186
0.18371082132235186
0.18371082132235186
0.18371082132235186
0.18371082132235186
0.18371082132235186
0.18371082132235186
0.18371082132235186
0.1837870815221536
0.1837870815221536
0.1837870815221536
0.1837870815221536
0.1837870815221536
0.1837870815221536
0.1837870815221536
0.1837870815221536
0.1837870815221536
0.1837870815221536
0.1837870815221536
0.1837870815221536
0.18386334172195531
0.18386334172195531
0.18393960192175704
0.18393960192175704
0.18393960192175704
0.18393960192175704
0.18393960192175704
0.18401586212155877
0.18401586212155877
0.18401586212155877
0.18401586212155877
0.18401586212155877
0.18401586212155877
0.1840921223213605
0.1840921223213605
0.1840921223213605
0.18416838252116222
0.18416838252116222
0.18416838252116222
0.18416838252116222
0.18416838252116222
0.18416838252116222
0.18416838252116222
0.18416838252116222
0.18424464272096394
0.18424464272096394
0.18439716312056736
0.18439716312056736
0.1844734233203691
0.18454968352017082
0.18454968352017082
0.18454968352017082
0.18454968352017082
0.18462594371997254
0.18462594371997254
0.18462594371997254
0.18462594371997254
0.18462594371997254
0.18462594371997254
0.18462594371997254
0.18462594371997254
0.18462594371997254
0.18462594371997254
0.18462594371997254
0.18462594371997254
0.18462594371997254
0.18462594371997254
0.18462594371997254
0.18462594371997254
0.18462594371997254
0.18470220391977427
0.18470220391977427
0.18470220391977427
0.18470220391977427
0.18470220391977427
0.18470220391977427
0.18470220391977427
0.18470220391977427
0.18470220391977427
0.18470220391977427
0.18470220391977427
0.18470220391977427
0.18470220391977427
0.18470220391977427
0.184778464119576
0.184778464119576
0.184778464119576
0.184778464119576
0.18485472431937772
0.18485472431937772
0.18485472431937772
0.18485472431937772
0.18493098451917944
0.18493098451917944
0.18493098451917944
0.18493098451917944
0.18500724471898117
0.18500724471898117
0.18500724471898117
0.1850835049187829
0.1850835049187829
0.1850835049187829
0.1850835049187829
0.1850835049187829
0.1850835049187829
0.1850835049187829
0.1850835049187829
0.1850835049187829
0.1850835049187829
0.1850835049187829
0.1850835049187829
0.18515976511858462
0.18515976511858462
0.18515976511858462
0.18515976511858462
0.18515976511858462
0.18515976511858462
0.18515976511858462
0.18515976511858462
0.18515976511858462
0.18515976511858462
0.18515976511858462
0.18515976511858462
0.18515976511858462
0.18515976511858462
0.18515976511858462
0.18515976511858462
0.18515976511858462
0.18515976511858462
0.18515976511858462
0.18523602531838634
0.18523602531838634
0.18523602531838634
0.18523602531838634
0.18523602531838634
0.18523602531838634
0.18523602531838634
0.18523602531838634
0.18523602531838634
0.18523602531838634
0.18531228551818807
0.18531228551818807
0.18531228551818807
0.18531228551818807
0.18531228551818807
0.18531228551818807
0.18531228551818807
0.18531228551818807
0.18531228551818807
0.18531228551818807
0.18531228551818807
0.18531228551818807
0.18531228551818807
0.18531228551818807
0.18531228551818807
0.1853885457179898
0.1853885457179898
0.1853885457179898
0.1853885457179898
0.1853885457179898
0.1853885457179898
0.1854648059177915
0.1854648059177915
0.1854648059177915
0.1854648059177915
0.1854648059177915
0.1854648059177915
0.1854648059177915
0.18554106611759322
0.18554106611759322
0.18554106611759322
0.18554106611759322
0.18554106611759322
0.18554106611759322
0.18554106611759322
0.18554106611759322
0.18554106611759322
0.18554106611759322
0.18554106611759322
0.18554106611759322
0.18554106611759322
0.18561732631739494
0.18569358651719667
0.18569358651719667
0.1857698467169984
0.18584610691680012
0.18584610691680012
0.18584610691680012
0.18584610691680012
0.18584610691680012
0.18592236711660184
0.18592236711660184
0.18592236711660184
0.18592236711660184
0.18592236711660184
0.18592236711660184
0.18592236711660184
0.18592236711660184
0.18592236711660184
0.18592236711660184
0.18592236711660184
0.18592236711660184
0.18592236711660184
0.18592236711660184
0.18592236711660184
0.18592236711660184
0.18592236711660184
0.18592236711660184
0.18592236711660184
0.18592236711660184
0.18592236711660184
0.18592236711660184
0.18592236711660184
0.18592236711660184
0.18592236711660184
0.18592236711660184
0.18592236711660184
0.18592236711660184
0.18592236711660184
0.18592236711660184
0.18599862731640357
0.18599862731640357
0.18599862731640357
0.18599862731640357
0.18599862731640357
0.18599862731640357
0.18599862731640357
0.18599862731640357
0.18599862731640357
0.18599862731640357
0.18599862731640357
0.1860748875162053
0.1860748875162053
0.1860748875162053
0.1860748875162053
0.1860748875162053
0.1860748875162053
0.1860748875162053
0.1860748875162053
0.1860748875162053
0.1860748875162053
0.1860748875162053
0.1860748875162053
0.18615114771600702
0.18615114771600702
0.18615114771600702
0.18615114771600702
0.18615114771600702
0.18615114771600702
0.18615114771600702
0.18615114771600702
0.18622740791580875
0.18622740791580875
0.18622740791580875
0.18622740791580875
0.18622740791580875
0.18622740791580875
0.18622740791580875
0.18622740791580875
0.18622740791580875
0.18622740791580875
0.18630366811561047
0.1863799283154122
0.1863799283154122
0.1863799283154122
0.1863799283154122
0.1863799283154122
0.1863799283154122
0.1863799283154122
0.1863799283154122
0.18645618851521392
0.18660870891481735
0.18660870891481735
0.18660870891481735
0.18660870891481735
0.18660870891481735
0.18660870891481735
0.18660870891481735
0.18668496911461907
0.18668496911461907
0.18668496911461907
0.18668496911461907
0.18668496911461907
0.18668496911461907
0.18668496911461907
0.18668496911461907
0.18668496911461907
0.18668496911461907
0.1867612293144208
0.18683748951422252
0.18683748951422252
0.18683748951422252
0.18683748951422252
0.18683748951422252
0.18691374971402425
0.18691374971402425
0.18691374971402425
0.18691374971402425
0.18691374971402425
0.18691374971402425
0.18691374971402425
0.18691374971402425
0.18691374971402425
0.18691374971402425
0.18691374971402425
0.18691374971402425
0.18691374971402425
0.18691374971402425
0.18691374971402425
0.18691374971402425
0.18691374971402425
