0.04842522687409441
0.07412491420727522
0.08205597498665447
0.08647906657515443
0.09013955616563715
0.09524898955235263
0.10119728513688706
0.10501029512697323
0.11088233051170594
0.11568672309921452
0.1188896514908869
0.12140623808434378
0.12262640128117136
0.12346526347899031
0.12399908487760238
0.12499046747502479
0.12552428887363684
0.12621063067185237
0.12659193167086097
0.1272782734690765
0.12842217646610235
0.12941355906352475
0.13048120186074888
0.13078624265995578
0.13132006405856783
0.13200640585678333
0.13269274765499886
0.13315030885380919
0.13391291085182644
0.1342179516510333
0.1347517730496454
0.13528559444825747
0.1357431556470678
0.13612445664607642
0.13650575764508502
0.1367345382444902
0.1370395790436971
0.13749714024250745
0.1380309616411195
0.138717303439335
0.1390223442385419
0.13940364523755053
0.1400137268359643
0.1406238084343781
0.14108136963318843
0.1416151910318005
0.14207275223061083
0.1428353542286281
0.14344543582704186
0.14390299702585221
0.14443681842446426
0.14497063982307634
0.14519942042248152
0.14588576222069702
0.1464195836193091
0.1468008846183177
0.14718218561732632
0.14756348661633492
0.14794478761534355
0.1484023488141539
0.14863112941355908
0.14954625181117975
0.1496987722107832
0.14977503241058493
0.1503851140089987
0.1506901548082056
0.15099519560741248
0.15122397620681766
0.15183405780523146
0.1519865782048349
0.15221535880424006
0.1523678792038435
0.15274918020285214
0.1529779608022573
0.15320674140166246
0.15351178220086936
0.15381682300007626
0.15404560359948144
0.15412186379928317
0.15442690459849004
0.15465568519789522
0.1548844657973004
0.15511324639670557
0.1551895065965073
0.15526576679630902
0.15541828719591244
0.15579958819492107
0.15595210859452452
0.15625714939373142
0.15671471059254174
0.15709601159155037
0.15724853199115382
0.15740105239075727
0.15762983299016242
0.15778235338976587
0.15801113398917105
0.15831617478837795
0.15839243498817968
0.15862121558758485
0.15862121558758485
0.15862121558758485
0.15892625638679173
0.1591550369861969
0.15930755738580035
0.15930755738580035
0.15938381758560208
0.1594600777854038
0.15953633798520553
0.15961259818500725
0.15991763898421413
0.16007015938381758
0.16007015938381758
0.16022267978342103
0.16037520018302448
0.16052772058262793
0.1607565011820331
0.16083276138183483
0.16129032258064516
0.16129032258064516
0.1614428429802486
0.16159536337985206
0.16159536337985206
0.16159536337985206
0.1617478837794555
0.16190040417905896
0.16235796537786928
0.162434225577671
0.162434225577671
0.16251048577747274
0.16258674597727446
0.1627392663768779
0.1627392663768779
0.16289178677648136
0.1629680469762831
0.16319682757568824
0.16319682757568824
0.1634256081750934
0.16350186837489514
0.16357812857469686
0.1636543887744986
0.1636543887744986
0.1637306489743003
0.1637306489743003
0.16380690917410204
0.1639594295737055
0.16403568977350722
0.16418821017311067
0.16426447037291236
0.16441699077251581
0.16449325097231754
0.16472203157172272
0.1649508121711279
0.1649508121711279
0.16510333257073134
0.16533211317013652
0.16533211317013652
0.16548463356973994
0.16556089376954167
0.1656371539693434
0.1656371539693434
0.16578967436894684
0.16578967436894684
0.16586593456874857
0.1659421947685503
0.16617097536795547
0.1662472355677572
0.1662472355677572
0.16632349576755892
0.16647601616716237
0.1666285365667658
0.1666285365667658
0.16670479676656752
0.16670479676656752
0.16670479676656752
0.16678105696636925
0.16685731716617097
0.16685731716617097
0.16708609776557615
0.16716235796537787
0.1672386181651796
0.16739113856478305
0.1675436589643865
0.1675436589643865
0.1676199191641882
0.1676199191641882
0.16777243956379165
0.16784869976359337
0.1679249599633951
0.16807748036299855
0.16815374056280027
0.16815374056280027
0.168230000762602
0.168230000762602
0.16838252116220545
0.16838252116220545
0.16861130176161063
0.16868756196141235
0.16876382216121405
0.16899260276061923
0.16906886296042095
0.1692213833600244
0.16937390375962785
0.16937390375962785
0.16945016395942958
0.16967894455883475
0.16983146495843818
0.16983146495843818
0.16983146495843818
0.16998398535804163
0.16998398535804163
0.17013650575764508
0.17013650575764508
0.17013650575764508
0.17013650575764508
0.17013650575764508
0.1702127659574468
0.17036528635705026
0.17036528635705026
0.17036528635705026
0.1705178067566537
0.17074658735605888
0.1708228475558606
0.1708228475558606
0.17089910775566233
0.17089910775566233
0.17097536795546403
0.17097536795546403
0.17097536795546403
0.17097536795546403
0.17105162815526576
0.17105162815526576
0.17105162815526576
0.17105162815526576
0.17105162815526576
0.17112788835506748
0.17112788835506748
0.17128040875467093
0.17128040875467093
0.17128040875467093
0.17128040875467093
0.17135666895447266
0.17143292915427438
0.1715091893540761
0.17158544955387783
0.17158544955387783
0.17158544955387783
0.17158544955387783
0.17173796995348128
0.171814230153283
0.17189049035308474
0.17196675055288646
0.17196675055288646
0.17196675055288646
0.17196675055288646
0.17196675055288646
0.17196675055288646
0.17204301075268819
0.17204301075268819
0.17204301075268819
0.17204301075268819
0.17211927095248988
0.17211927095248988
0.17211927095248988
0.1721955311522916
0.1721955311522916
0.17227179135209333
0.17227179135209333
0.17227179135209333
0.17227179135209333
0.17227179135209333
0.17227179135209333
0.17227179135209333
0.17234805155189506
0.1725005719514985
0.17257683215130024
0.17257683215130024
0.17257683215130024
0.17257683215130024
0.17257683215130024
0.17265309235110196
0.17265309235110196
0.17265309235110196
0.1727293525509037
0.1727293525509037
0.1727293525509037
0.1727293525509037
0.1727293525509037
0.1727293525509037
0.1727293525509037
0.17288187295050714
0.17288187295050714
0.17288187295050714
0.17288187295050714
0.17288187295050714
0.17295813315030886
0.1730343933501106
0.1731106535499123
0.173186913749714
0.173186913749714
0.173186913749714
0.17326317394951574
0.17326317394951574
0.17333943414931746
0.17333943414931746
0.1734156943491192
0.1734156943491192
0.1734919545489209
0.17356821474872264
0.17364447494852436
0.1737207351483261
0.1737207351483261
0.1737207351483261
0.17379699534812781
0.17379699534812781
0.17387325554792954
0.174025775947533
0.174025775947533
0.174025775947533
0.17410203614733472
0.17410203614733472
0.17410203614733472
0.17417829634713644
0.17417829634713644
0.17417829634713644
0.17425455654693817
0.17425455654693817
0.1744070769465416
0.1744070769465416
0.17448333714634331
0.17455959734614504
0.17463585754594677
0.1747121177457485
0.17478837794555022
0.17478837794555022
0.17486463814535194
0.17494089834515367
0.1750171585449554
0.17509341874475712
0.17524593914436057
0.1753221993441623
0.1753221993441623
0.1753221993441623
0.175398459543964
0.17547471974376572
0.17547471974376572
0.17547471974376572
0.17555097994356744
0.17555097994356744
0.17562724014336917
0.17562724014336917
0.1757035003431709
0.17577976054297262
0.17577976054297262
0.17585602074277434
0.17593228094257607
0.17593228094257607
0.17593228094257607
0.17593228094257607
0.17593228094257607
0.17593228094257607
0.17593228094257607
0.17593228094257607
0.17593228094257607
0.1760085411423778
0.17608480134217952
0.17608480134217952
0.17616106154198125
0.17616106154198125
0.17616106154198125
0.17616106154198125
0.17616106154198125
0.17616106154198125
0.17616106154198125
0.17623732174178297
0.1763135819415847
0.1763135819415847
0.1763135819415847
0.17638984214138642
0.17638984214138642
0.17638984214138642
0.17646610234118815
0.17654236254098984
0.17654236254098984
0.17654236254098984
0.17654236254098984
0.1766948829405933
0.1766948829405933
0.17677114314039502
0.17677114314039502
0.17677114314039502
0.17677114314039502
0.17677114314039502
0.17677114314039502
0.17677114314039502
0.17677114314039502
0.17684740334019675
0.17684740334019675
0.17684740334019675
0.17684740334019675
0.17684740334019675
0.17684740334019675
0.17684740334019675
0.17692366353999847
0.17692366353999847
0.17692366353999847
0.17707618393960192
0.17715244413940365
0.17722870433920537
0.1773049645390071
0.1773049645390071
0.17738122473880882
0.17738122473880882
0.17745748493861055
0.17745748493861055
0.17753374513841227
0.17753374513841227
0.17753374513841227
0.17753374513841227
0.17753374513841227
0.17753374513841227
0.17753374513841227
0.17753374513841227
0.17753374513841227
0.17753374513841227
0.17753374513841227
0.177610005338214
0.177610005338214
0.17776252573781742
0.17791504613742087
0.17791504613742087
0.17806756653702432
0.17814382673682605
0.17814382673682605
0.17814382673682605
0.17814382673682605
0.17814382673682605
0.17814382673682605
0.17814382673682605
0.17814382673682605
0.17814382673682605
0.17822008693662778
0.17822008693662778
0.1782963471364295
0.17852512773583468
0.17852512773583468
0.1786013879356364
0.17867764813543813
0.17883016853504155
0.17883016853504155
0.17883016853504155
0.17883016853504155
0.17890642873484328
0.17890642873484328
0.178982688934645
0.178982688934645
0.178982688934645
0.17905894913444673
0.17913520933424845
0.17921146953405018
0.17921146953405018
0.17936398993365363
0.17936398993365363
0.17936398993365363
0.17936398993365363
0.17936398993365363
0.17936398993365363
0.17936398993365363
0.17936398993365363
0.17936398993365363
0.17944025013345535
0.1795927705330588
0.1795927705330588
0.1795927705330588
0.1795927705330588
0.1795927705330588
0.1795927705330588
0.1795927705330588
0.1795927705330588
0.1795927705330588
0.1795927705330588
0.17966903073286053
0.17966903073286053
0.17966903073286053
0.17966903073286053
0.17982155113246398
0.17989781133226568
0.17989781133226568
0.17989781133226568
0.17989781133226568
0.17989781133226568
0.17989781133226568
0.18005033173186913
0.18005033173186913
0.18005033173186913
0.18005033173186913
0.18012659193167085
0.18012659193167085
0.18012659193167085
0.18012659193167085
0.18012659193167085
0.18012659193167085
0.18012659193167085
0.18012659193167085
0.18012659193167085
0.18012659193167085
0.18020285213147258
0.18020285213147258
0.18020285213147258
0.18020285213147258
0.1802791123312743
0.1802791123312743
0.1802791123312743
0.1802791123312743
0.1802791123312743
0.1802791123312743
0.1802791123312743
0.1802791123312743
0.18035537253107603
0.18035537253107603
0.18035537253107603
0.18043163273087776
0.18050789293067948
0.18050789293067948
0.18050789293067948
0.18050789293067948
0.18050789293067948
0.18050789293067948
0.18050789293067948
0.18050789293067948
0.18050789293067948
0.18066041333028293
0.18066041333028293
0.18066041333028293
0.18081293372988638
0.18081293372988638
0.18081293372988638
0.1808891939296881
0.1808891939296881
0.1808891939296881
0.1808891939296881
0.18104171432929153
0.18104171432929153
0.18111797452909326
0.18111797452909326
0.18111797452909326
0.18111797452909326
0.18111797452909326
0.18111797452909326
0.18134675512849843
0.18134675512849843
0.18134675512849843
0.18134675512849843
0.18134675512849843
0.18134675512849843
0.18134675512849843
0.18134675512849843
0.18142301532830016
0.18142301532830016
0.18149927552810188
0.18149927552810188
0.18149927552810188
0.1815755357279036
0.1815755357279036
0.18165179592770533
0.18172805612750706
0.18172805612750706
0.18172805612750706
0.18172805612750706
0.18172805612750706
0.18172805612750706
0.18172805612750706
0.18172805612750706
0.18172805612750706
0.18172805612750706
0.18172805612750706
0.18172805612750706
0.18172805612750706
0.18172805612750706
0.18180431632730878
0.18180431632730878
0.18180431632730878
0.18180431632730878
0.18180431632730878
0.18180431632730878
0.18180431632730878
0.1818805765271105
0.1818805765271105
0.1818805765271105
0.1818805765271105
0.1818805765271105
0.1818805765271105
0.1818805765271105
0.1818805765271105
0.1818805765271105
0.18195683672691224
0.18195683672691224
0.18195683672691224
0.18195683672691224
0.18195683672691224
0.18195683672691224
0.18195683672691224
0.18203309692671396
0.18203309692671396
0.18203309692671396
0.18203309692671396
0.18203309692671396
0.18210935712651566
0.18210935712651566
0.18218561732631738
0.18218561732631738
0.1822618775261191
0.18241439792572256
0.18241439792572256
0.18241439792572256
0.18241439792572256
0.18241439792572256
0.18249065812552429
0.18249065812552429
0.18249065812552429
0.18249065812552429
0.18249065812552429
0.182566918325326
0.18264317852512774
0.18264317852512774
0.18271943872492946
0.1827956989247312
0.1827956989247312
0.1827956989247312
0.1828719591245329
0.1828719591245329
0.18294821932433464
0.18294821932433464
0.18294821932433464
0.18294821932433464
0.18294821932433464
0.1831007397239381
0.1831007397239381
0.18317699992373981
0.18317699992373981
0.18317699992373981
0.18317699992373981
0.18317699992373981
0.18317699992373981
0.18317699992373981
0.1832532601235415
0.18332952032334324
0.18332952032334324
0.18332952032334324
0.18332952032334324
0.18332952032334324
0.18332952032334324
0.18340578052314496
0.18340578052314496
0.18340578052314496
0.1834820407229467
0.1834820407229467
0.1834820407229467
0.1834820407229467
0.1834820407229467
0.1834820407229467
0.1834820407229467
0.1834820407229467
0.1835583009227484
0.1835583009227484
0.1835583009227484
0.1835583009227484
0.1835583009227484
0.1835583009227484
0.1835583009227484
0.1835583009227484
0.1835583009227484
0.1835583009227484
0.1835583009227484
0.1835583009227484
0.1835583009227484
0.18371082132235186
0.18371082132235186
0.18371082132235186
0.18371082132235186
0.18371082132235186
0.18371082132235186
0.18371082132235186
0.18371082132235186
0.18371082132235186
0.1837870815221536
0.1837870815221536
0.1837870815221536
0.1837870815221536
0.1837870815221536
0.1837870815221536
0.18386334172195531
0.18386334172195531
0.18386334172195531
0.18386334172195531
0.18386334172195531
0.18386334172195531
0.18386334172195531
0.18386334172195531
0.18386334172195531
0.18386334172195531
0.18386334172195531
0.18393960192175704
0.18393960192175704
0.18393960192175704
0.18393960192175704
0.18393960192175704
0.18393960192175704
0.18393960192175704
0.18393960192175704
0.18393960192175704
0.18393960192175704
0.18401586212155877
0.18401586212155877
0.18401586212155877
0.18401586212155877
0.1840921223213605
0.1840921223213605
0.18416838252116222
0.18416838252116222
0.18416838252116222
0.18416838252116222
0.18416838252116222
0.18424464272096394
0.18432090292076564
0.18432090292076564
0.18439716312056736
0.18439716312056736
0.1844734233203691
0.1844734233203691
0.1844734233203691
0.1844734233203691
0.1844734233203691
0.1844734233203691
0.1844734233203691
0.1844734233203691
0.1844734233203691
0.1844734233203691
0.1844734233203691
0.18454968352017082
0.18454968352017082
0.18454968352017082
0.18462594371997254
0.18462594371997254
0.18462594371997254
0.18462594371997254
0.18462594371997254
0.18462594371997254
0.18462594371997254
0.18462594371997254
0.184778464119576
0.18485472431937772
0.18493098451917944
0.18493098451917944
0.18493098451917944
0.18493098451917944
0.18493098451917944
0.18493098451917944
0.18493098451917944
0.18493098451917944
0.18493098451917944
0.18493098451917944
0.18493098451917944
0.18493098451917944
0.18493098451917944
0.18493098451917944
0.18500724471898117
0.18500724471898117
0.18500724471898117
0.18500724471898117
0.18500724471898117
0.18500724471898117
0.18515976511858462
0.18515976511858462
0.18515976511858462
0.18515976511858462
0.18523602531838634
0.18523602531838634
0.18531228551818807
0.18531228551818807
0.18531228551818807
0.18531228551818807
0.18531228551818807
0.18531228551818807
0.1853885457179898
0.1853885457179898
0.1853885457179898
0.1853885457179898
0.1853885457179898
0.1853885457179898
0.1853885457179898
0.1853885457179898
0.1853885457179898
0.1853885457179898
0.1853885457179898
0.1853885457179898
0.1853885457179898
0.1853885457179898
0.18554106611759322
0.18554106611759322
0.18561732631739494
0.18561732631739494
0.18561732631739494
0.18561732631739494
0.18561732631739494
0.18561732631739494
0.18561732631739494
0.18561732631739494
0.18561732631739494
0.18561732631739494
0.18561732631739494
0.18561732631739494
0.18561732631739494
0.18561732631739494
0.18561732631739494
0.18561732631739494
0.18561732631739494
0.18561732631739494
0.18561732631739494
0.18569358651719667
0.18569358651719667
0.18569358651719667
0.18569358651719667
0.18569358651719667
0.18569358651719667
0.18569358651719667
0.18569358651719667
0.18569358651719667
0.1857698467169984
0.1857698467169984
0.1857698467169984
0.1857698467169984
0.1857698467169984
0.1857698467169984
0.18584610691680012
0.18584610691680012
0.18584610691680012
0.18592236711660184
0.18592236711660184
0.18599862731640357
0.18599862731640357
0.18599862731640357
0.18599862731640357
0.18599862731640357
0.18599862731640357
0.1860748875162053
0.1860748875162053
0.1860748875162053
0.1860748875162053
0.1860748875162053
0.1860748875162053
0.18615114771600702
0.18615114771600702
0.18615114771600702
0.18622740791580875
0.18622740791580875
0.18622740791580875
0.18622740791580875
0.18622740791580875
0.18630366811561047
0.18630366811561047
0.18630366811561047
0.18630366811561047
0.18630366811561047
0.18630366811561047
0.1863799283154122
0.1863799283154122
0.1863799283154122
0.18645618851521392
0.18645618851521392
0.18645618851521392
0.18645618851521392
0.18645618851521392
0.18645618851521392
0.18653244871501562
0.18653244871501562
0.18653244871501562
0.18653244871501562
0.18653244871501562
0.18653244871501562
0.18660870891481735
0.18660870891481735
0.18660870891481735
0.18668496911461907
0.18668496911461907
0.18668496911461907
0.18668496911461907
0.18668496911461907
0.18668496911461907
0.18668496911461907
0.18668496911461907
0.1867612293144208
0.1867612293144208
0.18683748951422252
0.18683748951422252
0.18683748951422252
0.18683748951422252
0.18683748951422252
0.18683748951422252
0.18683748951422252
0.18683748951422252
0.18683748951422252
0.18683748951422252
0.18683748951422252
0.18683748951422252
0.18683748951422252
0.18683748951422252
0.18683748951422252
0.18691374971402425
0.18699000991382597
0.18699000991382597
0.18699000991382597
0.18699000991382597
0.18699000991382597
0.18699000991382597
0.1870662701136277
0.1870662701136277
0.1870662701136277
0.1870662701136277
0.1870662701136277
0.1870662701136277
0.1870662701136277
0.1870662701136277
0.18721879051323115
0.18729505071303287
0.18729505071303287
0.18729505071303287
0.18729505071303287
0.18729505071303287
0.18729505071303287
0.1873713109128346
0.1873713109128346
0.1873713109128346
0.1873713109128346
0.1873713109128346
0.1873713109128346
0.1873713109128346
0.1873713109128346
0.1873713109128346
0.1873713109128346
0.1873713109128346
0.18744757111263632
0.18752383131243805
0.18752383131243805
0.18752383131243805
0.18752383131243805
0.18752383131243805
0.18752383131243805
0.18760009151223977
0.18760009151223977
0.18760009151223977
0.18760009151223977
0.18760009151223977
0.18760009151223977
0.18760009151223977
0.18760009151223977
0.18767635171204147
0.18767635171204147
0.18767635171204147
0.18767635171204147
0.18767635171204147
0.18767635171204147
0.18767635171204147
0.18767635171204147
0.18767635171204147
0.18767635171204147
0.18767635171204147
0.18767635171204147
0.18767635171204147
0.18767635171204147
0.18782887211164492
0.18790513231144665
0.18790513231144665
0.18798139251124837
0.18798139251124837
0.18798139251124837
0.1880576527110501
0.18813391291085182
0.18813391291085182
0.18813391291085182
0.18813391291085182
0.18813391291085182
0.18813391291085182
0.18813391291085182
0.18813391291085182
0.18813391291085182
0.18813391291085182
0.18813391291085182
0.18813391291085182
0.18813391291085182
0.18813391291085182
0.18813391291085182
0.18813391291085182
0.18813391291085182
0.18813391291085182
0.18813391291085182
0.18813391291085182
0.18813391291085182
0.18813391291085182
0.18821017311065355
0.18821017311065355
