0.07572637840311142
0.09654541294898193
0.10973842751468009
0.11866087089148174
0.12582932967284374
0.13139632425836956
0.1357431556470678
0.13879356363913672
0.14108136963318843
0.14321665522763669
0.14542820102188667
0.14802104781514527
0.15000381300999008
0.15213909860443833
0.15450316479829176
0.15633340959353315
0.1578586135895676
0.15923129718599863
0.1598413787844124
0.16083276138183483
0.16205292457866238
0.16327308777548996
0.16456951117211926
0.16601845496835202
0.1669335773659727
0.168230000762602
0.16914512316022268
0.16967894455883475
0.17028902615724853
0.17059406695645543
0.17089910775566233
0.17128040875467093
0.17189049035308474
0.17211927095248988
0.17295813315030886
0.1737207351483261
0.17433081674673986
0.1747121177457485
0.17509341874475712
0.17562724014336917
0.17638984214138642
0.17661862274079157
0.17707618393960192
0.17753374513841227
0.17791504613742087
0.17822008693662778
0.17867764813543813
0.178982688934645
0.17951651033325708
0.17989781133226568
0.18035537253107603
0.18066041333028293
0.18073667353008466
0.18111797452909326
0.18134675512849843
0.18149927552810188
0.1815755357279036
0.18180431632730878
0.18180431632730878
0.18210935712651566
0.18241439792572256
0.18249065812552429
0.1828719591245329
0.1831007397239381
0.18317699992373981
0.18371082132235186
0.18386334172195531
0.18416838252116222
0.1844734233203691
0.184778464119576
0.1850835049187829
0.1853885457179898
0.18554106611759322
0.18569358651719667
0.1860748875162053
0.18622740791580875
0.18645618851521392
0.18653244871501562
0.18683748951422252
0.18683748951422252
0.18699000991382597
0.18729505071303287
0.18729505071303287
0.18744757111263632
0.1880576527110501
0.18843895371005873
0.18874399450926563
0.18882025470906733
0.18927781590787768
0.18958285670708458
0.18996415770609318
0.18996415770609318
0.1900404179058949
0.19011667810569663
0.19026919850530008
0.1903454587051018
0.19049797910470526
0.1906504995043087
0.1906504995043087
0.19072675970411043
0.19087928010371388
0.19110806070311903
0.1913368413025242
0.19156562190192938
0.1916418821017311
0.19179440250133456
0.19225196370014488
0.1923282238999466
0.1926332646991535
0.1929383054983604
0.19309082589796386
0.19339586669717074
0.19347212689697246
0.1935483870967742
0.19370090749637764
0.1938534278959811
0.1938534278959811
0.19400594829558454
0.194158468695188
0.19431098909479144
0.19446350949439486
0.19446350949439486
0.1948448104934035
0.19507359109280867
0.19537863189201557
0.195531152291619
0.19560741249142072
0.19568367269122244
0.19598871349042934
0.19629375428963625
0.19629375428963625
0.19629375428963625
0.19629375428963625
0.19637001448943797
0.1964462746892397
0.1964462746892397
0.19667505528864485
0.19698009608785175
0.19698009608785175
0.19698009608785175
0.19705635628765347
0.19736139708686037
0.1974376572866621
0.19751391748646382
0.19751391748646382
0.19766643788606725
0.19789521848547242
0.19789521848547242
0.19797147868527415
0.19804773888507587
0.19804773888507587
0.1981239990848776
0.19827651948448105
0.19835277968428278
0.1984290398840845
0.19850530008388623
0.19850530008388623
0.19865782048348968
0.1987340806832914
0.1987340806832914
0.1987340806832914
0.1987340806832914
0.1987340806832914
0.19896286128269655
0.19896286128269655
0.19903912148249828
0.19903912148249828
0.19926790208190345
0.19926790208190345
0.19934416228170518
0.19957294288111035
0.19957294288111035
0.19980172348051553
0.19987798368031726
0.19987798368031726
0.19987798368031726
0.20003050407992068
0.20003050407992068
0.20003050407992068
0.20003050407992068
0.2001067642797224
0.20018302447952413
0.20018302447952413
0.20018302447952413
0.20018302447952413
0.20018302447952413
0.2004118050789293
0.20056432547853276
0.20064058567833448
0.2007168458781362
0.2007168458781362
0.2007168458781362
0.20079310607793793
0.20086936627773966
0.20094562647754138
0.20102188667734308
0.20102188667734308
0.20102188667734308
0.2010981468771448
0.20117440707694653
0.20132692747654998
0.20132692747654998
0.20132692747654998
0.2014031876763517
0.2014031876763517
0.2014031876763517
0.2014031876763517
0.2014031876763517
0.2014031876763517
0.2014031876763517
0.2014031876763517
0.20147944787615343
0.20163196827575688
0.20186074887516206
0.20186074887516206
0.20193700907496379
0.20193700907496379
0.20193700907496379
0.20208952947456724
0.2023945702737741
0.20247083047357584
0.20254709067337756
0.20277587127278274
0.20277587127278274
0.20277587127278274
0.20285213147258446
0.20285213147258446
0.20285213147258446
0.2029283916723862
0.2029283916723862
0.2030046518721879
0.2030046518721879
0.2030046518721879
0.20308091207198964
0.20308091207198964
0.20315717227179136
0.20315717227179136
0.20323343247159306
0.20323343247159306
0.20346221307099824
0.20346221307099824
0.20346221307099824
0.20353847327079996
0.20369099367040341
0.20369099367040341
0.20376725387020514
0.20384351407000686
0.20384351407000686
0.2039197742698086
0.20399603446961032
0.20399603446961032
0.20399603446961032
0.20407229466941204
0.20414855486921377
0.20430107526881722
0.20430107526881722
0.20430107526881722
0.20430107526881722
0.20437733546861891
0.20445359566842064
0.2046061160680241
0.20475863646762754
0.20475863646762754
0.20483489666742927
0.20498741706703272
0.20513993746663617
0.20513993746663617
0.20513993746663617
0.2052161976664379
0.20536871806604134
0.20552123846564477
0.20552123846564477
0.20567375886524822
0.20567375886524822
0.20567375886524822
0.20575001906504994
0.20575001906504994
0.2059025394646534
0.2059025394646534
0.2059025394646534
0.20597879966445512
0.20597879966445512
0.20597879966445512
0.20597879966445512
0.20597879966445512
0.20597879966445512
0.20597879966445512
0.20597879966445512
0.20605505986425685
0.20605505986425685
0.20605505986425685
0.20613132006405857
0.20613132006405857
0.2062075802638603
0.20636010066346375
0.2065126210630672
0.2065126210630672
0.2065126210630672
0.2065126210630672
0.2065126210630672
0.2065126210630672
0.2065126210630672
0.2065888812628689
0.20666514146267062
0.20666514146267062
0.20666514146267062
0.20666514146267062
0.20674140166247235
0.20674140166247235
0.20674140166247235
0.20674140166247235
0.20674140166247235
0.20674140166247235
0.20681766186227407
0.20681766186227407
0.20704644246167925
0.20704644246167925
0.20704644246167925
0.2071989628612827
0.2071989628612827
0.2071989628612827
0.2071989628612827
0.2071989628612827
0.2071989628612827
0.2071989628612827
0.20727522306108442
0.20727522306108442
0.20727522306108442
0.20727522306108442
0.20727522306108442
0.20735148326088615
0.20735148326088615
0.20735148326088615
0.20735148326088615
0.20742774346068787
0.20758026386029133
0.20758026386029133
0.20758026386029133
0.20758026386029133
0.20765652406009305
0.20773278425989475
0.20773278425989475
0.20773278425989475
0.20773278425989475
0.20780904445969647
0.20780904445969647
0.20780904445969647
0.20780904445969647
0.20796156485929992
0.20796156485929992
0.20803782505910165
0.20803782505910165
0.20811408525890338
0.20811408525890338
0.20811408525890338
0.20811408525890338
0.20811408525890338
0.20811408525890338
0.20811408525890338
0.20811408525890338
0.20811408525890338
0.20811408525890338
0.20811408525890338
0.2081903454587051
0.2081903454587051
0.2081903454587051
0.2081903454587051
0.2081903454587051
0.2081903454587051
0.20826660565850683
0.20826660565850683
0.20826660565850683
0.20826660565850683
0.20834286585830855
0.20834286585830855
0.20834286585830855
0.20834286585830855
0.20834286585830855
0.20834286585830855
0.20834286585830855
0.20834286585830855
0.20834286585830855
0.20841912605811028
0.208495386257912
0.20857164645771373
0.20857164645771373
0.20857164645771373
0.20864790665751545
0.20864790665751545
0.20864790665751545
0.20872416685731718
0.20872416685731718
0.20872416685731718
0.20872416685731718
0.20872416685731718
0.20872416685731718
0.20872416685731718
0.20872416685731718
0.20872416685731718
0.20880042705711888
0.20880042705711888
0.20880042705711888
0.20880042705711888
0.20880042705711888
0.20880042705711888
0.2088766872569206
0.2088766872569206
0.2088766872569206
0.2088766872569206
0.20895294745672233
0.20895294745672233
0.20895294745672233
0.20895294745672233
0.20895294745672233
0.20902920765652405
0.20902920765652405
0.20902920765652405
0.20902920765652405
0.20902920765652405
0.20902920765652405
0.20902920765652405
0.2091817280561275
0.2091817280561275
0.2091817280561275
0.2091817280561275
0.20925798825592923
0.20941050865553268
0.20941050865553268
0.20941050865553268
0.20941050865553268
0.20941050865553268
0.2094867688553344
0.2094867688553344
0.2094867688553344
0.2094867688553344
0.2094867688553344
0.20963928925493786
0.20971554945473958
0.2097918096545413
0.2097918096545413
0.2097918096545413
0.2097918096545413
0.2097918096545413
0.20986806985434303
0.20986806985434303
0.20986806985434303
0.20986806985434303
0.20986806985434303
0.20986806985434303
0.20986806985434303
0.20986806985434303
0.20994433005414473
0.20994433005414473
0.21002059025394645
0.21009685045374818
0.21009685045374818
0.21009685045374818
0.21009685045374818
0.2101731106535499
0.2101731106535499
0.2101731106535499
0.2101731106535499
0.2101731106535499
0.2101731106535499
0.21032563105315336
0.21032563105315336
0.21040189125295508
0.2104781514527568
0.2104781514527568
0.2104781514527568
0.2104781514527568
0.2104781514527568
0.2104781514527568
0.21055441165255853
0.21055441165255853
0.21055441165255853
0.21063067185236026
0.21063067185236026
0.21070693205216198
0.2107831922519637
0.2107831922519637
0.2107831922519637
0.21085945245176543
0.21085945245176543
0.21093571265156716
0.21093571265156716
0.21101197285136888
0.21108823305117058
0.21108823305117058
0.21108823305117058
0.2111644932509723
0.2111644932509723
0.2111644932509723
0.2111644932509723
0.2111644932509723
0.2111644932509723
0.2111644932509723
0.2111644932509723
0.2111644932509723
0.2111644932509723
0.2111644932509723
0.2111644932509723
0.2111644932509723
0.21124075345077403
0.21124075345077403
0.21124075345077403
0.21124075345077403
0.21124075345077403
0.21124075345077403
0.21124075345077403
0.21124075345077403
0.21124075345077403
0.21124075345077403
0.21124075345077403
0.21131701365057576
0.21131701365057576
0.21131701365057576
0.21131701365057576
0.21131701365057576
0.21131701365057576
0.21131701365057576
0.21131701365057576
0.21131701365057576
0.21131701365057576
0.21131701365057576
0.21131701365057576
0.21131701365057576
0.2114695340501792
0.2114695340501792
0.21154579424998093
0.21154579424998093
0.21154579424998093
0.21154579424998093
0.21162205444978266
0.21162205444978266
0.21162205444978266
0.21162205444978266
0.21162205444978266
0.21162205444978266
0.2117745748493861
0.2117745748493861
0.21192709524898956
0.21192709524898956
0.2120033554487913
0.2121558758483947
0.21223213604819643
0.21223213604819643
0.21223213604819643
0.21223213604819643
0.21223213604819643
0.21223213604819643
0.21223213604819643
0.21223213604819643
0.21223213604819643
0.21223213604819643
0.21223213604819643
0.21238465644779989
0.21238465644779989
0.21238465644779989
0.2124609166476016
0.21261343704720506
0.21261343704720506
0.21261343704720506
0.2126896972470068
0.2127659574468085
0.21291847784641196
0.21291847784641196
0.21291847784641196
0.21291847784641196
0.21291847784641196
0.21291847784641196
0.21291847784641196
0.21291847784641196
0.21291847784641196
0.21291847784641196
0.21291847784641196
0.2129947380462137
0.2129947380462137
0.2129947380462137
0.2129947380462137
0.21307099824601541
0.21307099824601541
0.21307099824601541
0.21307099824601541
0.21307099824601541
0.21307099824601541
0.21307099824601541
0.21307099824601541
0.21314725844581714
0.21329977884542056
0.21329977884542056
0.2133760390452223
0.2133760390452223
0.2133760390452223
0.2133760390452223
0.2133760390452223
0.2133760390452223
0.2133760390452223
0.213452299245024
0.213452299245024
0.213452299245024
0.213452299245024
0.21352855944482574
0.21352855944482574
0.21352855944482574
0.21352855944482574
0.21352855944482574
0.21352855944482574
0.21352855944482574
0.21352855944482574
0.21352855944482574
0.21352855944482574
0.21352855944482574
0.21352855944482574
0.21352855944482574
0.21352855944482574
0.21352855944482574
0.21352855944482574
0.21352855944482574
0.21352855944482574
0.21352855944482574
0.21360481964462746
0.21375734004423091
0.21375734004423091
0.21375734004423091
0.21375734004423091
0.21375734004423091
0.21375734004423091
0.21375734004423091
0.21383360024403264
0.21383360024403264
0.21390986044383437
0.21390986044383437
0.21390986044383437
0.21390986044383437
0.21390986044383437
0.21390986044383437
0.2139861206436361
0.2139861206436361
0.2139861206436361
0.2139861206436361
0.2139861206436361
0.2139861206436361
0.2139861206436361
0.2139861206436361
0.2139861206436361
0.2139861206436361
0.2139861206436361
0.2139861206436361
0.2139861206436361
0.2139861206436361
0.2139861206436361
0.2139861206436361
0.2139861206436361
0.2139861206436361
0.2139861206436361
0.2139861206436361
0.2139861206436361
0.2139861206436361
0.21406238084343782
0.21406238084343782
0.21406238084343782
0.21421490124304127
0.214291161442843
0.2143674216426447
0.2143674216426447
0.2143674216426447
0.2143674216426447
0.2143674216426447
0.2143674216426447
0.2143674216426447
0.2143674216426447
0.21444368184244642
0.21444368184244642
0.21444368184244642
0.21444368184244642
0.21444368184244642
0.21451994204224814
0.21451994204224814
0.21451994204224814
0.21451994204224814
0.21451994204224814
0.21459620224204987
0.21459620224204987
0.21459620224204987
0.21459620224204987
0.21459620224204987
0.21459620224204987
0.21459620224204987
0.2146724624418516
0.2146724624418516
0.2146724624418516
0.2146724624418516
0.21474872264165332
0.21474872264165332
0.21474872264165332
0.21474872264165332
0.21474872264165332
0.21474872264165332
0.21474872264165332
0.21474872264165332
0.21482498284145504
0.21482498284145504
0.21482498284145504
0.21482498284145504
0.21482498284145504
0.21482498284145504
0.21482498284145504
0.21482498284145504
0.21482498284145504
0.21490124304125677
0.21490124304125677
0.21490124304125677
0.21490124304125677
0.21490124304125677
0.2149775032410585
0.21505376344086022
0.21505376344086022
0.21505376344086022
0.21505376344086022
0.21505376344086022
0.21505376344086022
0.21505376344086022
0.21513002364066194
0.21513002364066194
0.21513002364066194
0.21513002364066194
0.21513002364066194
0.21513002364066194
0.21513002364066194
0.21513002364066194
0.21513002364066194
0.21520628384046367
0.21520628384046367
0.21520628384046367
0.21520628384046367
0.21520628384046367
0.21520628384046367
0.21520628384046367
0.21520628384046367
0.21520628384046367
0.21535880424006712
0.21535880424006712
0.21535880424006712
0.21543506443986885
0.21543506443986885
0.21551132463967054
0.21551132463967054
0.21558758483947227
0.21558758483947227
0.215663845039274
0.215663845039274
0.215663845039274
0.215663845039274
0.215663845039274
0.215663845039274
0.215663845039274
0.215663845039274
0.215663845039274
0.215663845039274
0.215663845039274
0.215663845039274
0.215663845039274
0.215663845039274
0.215663845039274
0.215663845039274
0.215663845039274
0.215663845039274
0.215663845039274
0.215663845039274
0.215663845039274
0.215663845039274
0.215663845039274
0.215663845039274
0.215663845039274
0.215663845039274
0.215663845039274
0.215663845039274
0.215663845039274
0.215663845039274
0.215663845039274
0.215663845039274
0.215663845039274
0.215663845039274
0.215663845039274
0.215663845039274
0.215663845039274
0.215663845039274
0.215663845039274
0.215663845039274
0.215663845039274
0.215663845039274
0.215663845039274
0.215663845039274
0.215663845039274
0.215663845039274
0.215663845039274
0.21574010523907572
0.21581636543887744
0.21581636543887744
0.21581636543887744
0.21581636543887744
0.21589262563867917
0.21589262563867917
0.21589262563867917
0.21589262563867917
0.21589262563867917
0.21589262563867917
0.21589262563867917
0.21589262563867917
0.21589262563867917
0.21589262563867917
0.21589262563867917
0.21589262563867917
0.21604514603828262
0.21604514603828262
0.21604514603828262
0.21604514603828262
0.21604514603828262
0.21604514603828262
0.21604514603828262
0.2162739266376878
0.2162739266376878
0.2162739266376878
0.2162739266376878
0.2162739266376878
0.2162739266376878
0.2162739266376878
0.2162739266376878
0.2162739266376878
0.2162739266376878
0.21635018683748952
0.21635018683748952
0.21635018683748952
0.21635018683748952
0.21635018683748952
0.21650270723709297
0.21650270723709297
0.21650270723709297
0.21650270723709297
0.21650270723709297
0.2165789674368947
0.2166552276366964
0.2166552276366964
0.2166552276366964
0.2166552276366964
0.2166552276366964
0.21673148783649812
0.21673148783649812
0.21680774803629985
0.21680774803629985
0.21680774803629985
0.21680774803629985
0.21680774803629985
0.21680774803629985
0.21680774803629985
0.21680774803629985
0.21680774803629985
0.21680774803629985
0.21680774803629985
0.21688400823610157
0.21688400823610157
0.2169602684359033
0.2169602684359033
0.2169602684359033
0.2169602684359033
0.2169602684359033
0.2169602684359033
0.2169602684359033
0.2169602684359033
0.2169602684359033
0.2169602684359033
0.2169602684359033
0.2169602684359033
0.2169602684359033
0.2169602684359033
0.2169602684359033
0.2169602684359033
0.2169602684359033
0.2169602684359033
0.21711278883550675
0.21711278883550675
0.21711278883550675
0.21718904903530847
0.2172653092351102
0.2172653092351102
0.2172653092351102
0.2172653092351102
0.2172653092351102
0.2172653092351102
0.2172653092351102
0.2172653092351102
0.2172653092351102
0.2172653092351102
0.2172653092351102
0.2172653092351102
0.2172653092351102
0.2172653092351102
0.2172653092351102
0.2172653092351102
0.2172653092351102
0.2172653092351102
0.21734156943491192
0.21734156943491192
0.21741782963471365
0.21741782963471365
0.21741782963471365
0.21741782963471365
0.21741782963471365
0.2175703500343171
0.2175703500343171
0.2175703500343171
0.2175703500343171
0.2175703500343171
0.2175703500343171
0.2175703500343171
0.2175703500343171
0.2175703500343171
0.2175703500343171
0.2175703500343171
0.2175703500343171
0.2175703500343171
0.2175703500343171
0.21764661023411883
0.21764661023411883
0.21764661023411883
0.21764661023411883
0.21764661023411883
0.21764661023411883
0.21772287043392052
0.21772287043392052
0.21772287043392052
0.21772287043392052
0.21772287043392052
0.21772287043392052
0.21772287043392052
0.21772287043392052
0.21772287043392052
0.21779913063372225
0.21779913063372225
0.21779913063372225
0.21779913063372225
0.21779913063372225
0.21779913063372225
0.21779913063372225
0.21779913063372225
0.21779913063372225
0.21779913063372225
0.21779913063372225
0.21779913063372225
0.21779913063372225
0.21779913063372225
0.21779913063372225
0.21779913063372225
0.21779913063372225
0.21779913063372225
0.21779913063372225
0.21779913063372225
0.21779913063372225
0.21779913063372225
0.21779913063372225
0.21779913063372225
0.21779913063372225
0.21779913063372225
0.21779913063372225
0.21779913063372225
0.21779913063372225
0.21779913063372225
0.21787539083352397
0.21787539083352397
0.21787539083352397
0.21787539083352397
0.21787539083352397
0.2179516510333257
0.2179516510333257
0.2179516510333257
0.2179516510333257
0.2179516510333257
0.2179516510333257
0.2179516510333257
0.2179516510333257
0.2179516510333257
0.2179516510333257
0.2179516510333257
0.2179516510333257
0.2179516510333257
0.2179516510333257
0.2179516510333257
0.2179516510333257
0.2179516510333257
0.2179516510333257
0.2179516510333257
0.2179516510333257
0.2179516510333257
0.2179516510333257
0.2179516510333257
0.2179516510333257
0.2179516510333257
0.2179516510333257
0.2179516510333257
