0.07153206741401663
0.0918935407610768
0.10401891252955082
0.111416151910318
0.11721192709524898
0.12270266148097309
0.12682071227026614
0.12941355906352475
0.1332265690536109
0.13612445664607642
0.13879356363913672
0.14108136963318843
0.1432929154274384
0.14436055822466254
0.1464195836193091
0.14802104781514527
0.14931747121177458
0.15030885380919698
0.1513764966064211
0.15274918020285214
0.1536643026004728
0.15450316479829176
0.15534202699611074
0.1561808891939297
0.15709601159155037
0.15778235338976587
0.1581636543887745
0.15892625638679173
0.1597651185846107
0.1607565011820331
0.16182414397925723
0.1621291847784641
0.1627392663768779
0.16319682757568824
0.16411194997330894
0.16411194997330894
0.16502707237092962
0.16533211317013652
0.16571341416914512
0.16609471516815374
0.16678105696636925
0.1675436589643865
0.1679249599633951
0.16815374056280027
0.16830626096240373
0.16868756196141235
0.16899260276061923
0.1692213833600244
0.1695264241592313
0.17006024555784335
0.1705178067566537
0.17059406695645543
0.1712041485548692
0.1715091893540761
0.17166170975367956
0.17211927095248988
0.1725005719514985
0.17295813315030886
0.1734156943491192
0.17379699534812781
0.17387325554792954
0.17417829634713644
0.17448333714634331
0.17463585754594677
0.17478837794555022
0.17494089834515367
0.17516967894455884
0.17516967894455884
0.17524593914436057
0.175398459543964
0.17555097994356744
0.1757035003431709
0.17608480134217952
0.17616106154198125
0.17654236254098984
0.17661862274079157
0.17684740334019675
0.1769999237398002
0.1773049645390071
0.17738122473880882
0.177610005338214
0.1779913063372226
0.17844886753603295
0.1786013879356364
0.17890642873484328
0.178982688934645
0.17913520933424845
0.1792877297338519
0.17944025013345535
0.17974529093266225
0.17982155113246398
0.1799740715320674
0.18020285213147258
0.18035537253107603
0.18066041333028293
0.18073667353008466
0.1809654541294898
0.18119423472889498
0.1812704949286967
0.18134675512849843
0.18142301532830016
0.18149927552810188
0.18165179592770533
0.1818805765271105
0.18218561732631738
0.1822618775261191
0.18249065812552429
0.182566918325326
0.18271943872492946
0.1827956989247312
0.18294821932433464
0.18294821932433464
0.18294821932433464
0.18302447952413636
0.1831007397239381
0.1831007397239381
0.1831007397239381
0.18317699992373981
0.18317699992373981
0.18317699992373981
0.18317699992373981
0.18332952032334324
0.18332952032334324
0.1835583009227484
0.18386334172195531
0.18393960192175704
0.18416838252116222
0.18454968352017082
0.18454968352017082
0.18462594371997254
0.18470220391977427
0.18485472431937772
0.18493098451917944
0.1850835049187829
0.18515976511858462
0.18531228551818807
0.1853885457179898
0.18561732631739494
0.1857698467169984
0.1857698467169984
0.18584610691680012
0.1860748875162053
0.18615114771600702
0.18622740791580875
0.18622740791580875
0.18622740791580875
0.18630366811561047
0.18630366811561047
0.18630366811561047
0.18630366811561047
0.18645618851521392
0.1867612293144208
0.18683748951422252
0.18691374971402425
0.18691374971402425
0.1870662701136277
0.1870662701136277
0.18714253031342942
0.18721879051323115
0.18721879051323115
0.18721879051323115
0.1873713109128346
0.1873713109128346
0.18744757111263632
0.18752383131243805
0.18760009151223977
0.18760009151223977
0.18760009151223977
0.18760009151223977
0.18767635171204147
0.1877526119118432
0.18782887211164492
0.18798139251124837
0.1880576527110501
0.1880576527110501
0.18813391291085182
0.188362693510257
0.18843895371005873
0.18843895371005873
0.18851521390986045
0.18851521390986045
0.18859147410966218
0.18859147410966218
0.18859147410966218
0.18874399450926563
0.18897277510867078
0.1890490353084725
0.18912529550827423
0.18920155570807595
0.18920155570807595
0.1893540761076794
0.1893540761076794
0.18943033630748113
0.18943033630748113
0.18950659650728285
0.18958285670708458
0.1896591169068863
0.18981163730648976
0.18981163730648976
0.18988789750629145
0.18996415770609318
0.18996415770609318
0.19019293830549835
0.1903454587051018
0.19049797910470526
0.19049797910470526
0.19080301990391216
0.1909555403035156
0.1909555403035156
0.1909555403035156
0.1909555403035156
0.1910318005033173
0.1910318005033173
0.1910318005033173
0.19118432090292076
0.19118432090292076
0.19118432090292076
0.19126058110272248
0.1913368413025242
0.19141310150232593
0.19141310150232593
0.19148936170212766
0.19156562190192938
0.19156562190192938
0.1916418821017311
0.19171814230153283
0.19179440250133456
0.19179440250133456
0.19179440250133456
0.19179440250133456
0.19187066270113629
0.19187066270113629
0.19187066270113629
0.191946922900938
0.19209944330054143
0.19209944330054143
0.19209944330054143
0.19209944330054143
0.19217570350034316
0.1923282238999466
0.1923282238999466
0.1923282238999466
0.1923282238999466
0.19240448409974834
0.19248074429955006
0.19248074429955006
0.19248074429955006
0.19255700449935179
0.19270952489895524
0.1929383054983604
0.1929383054983604
0.19301456569816214
0.19301456569816214
0.1932433462975673
0.1932433462975673
0.193319606497369
0.19339586669717074
0.19339586669717074
0.19347212689697246
0.19347212689697246
0.19347212689697246
0.1935483870967742
0.1935483870967742
0.1936246472965759
0.1936246472965759
0.1936246472965759
0.1936246472965759
0.1936246472965759
0.1936246472965759
0.1936246472965759
0.19370090749637764
0.19370090749637764
0.1938534278959811
0.1938534278959811
0.19392968809578282
0.19392968809578282
0.19400594829558454
0.19400594829558454
0.19400594829558454
0.19400594829558454
0.19408220849538627
0.19408220849538627
0.19408220849538627
0.19423472889498972
0.19431098909479144
0.19431098909479144
0.19431098909479144
0.19438724929459314
0.19438724929459314
0.19446350949439486
0.19446350949439486
0.1945397696941966
0.19461602989399832
0.19476855029360177
0.19476855029360177
0.19492107069320522
0.19499733089300694
0.19499733089300694
0.19499733089300694
0.19507359109280867
0.1951498512926104
0.19522611149241212
0.19522611149241212
0.19522611149241212
0.19530237169221384
0.19530237169221384
0.19530237169221384
0.19530237169221384
0.19530237169221384
0.19530237169221384
0.19530237169221384
0.19537863189201557
0.19537863189201557
0.19537863189201557
0.19537863189201557
0.19537863189201557
0.19537863189201557
0.19537863189201557
0.19537863189201557
0.19545489209181727
0.195531152291619
0.195531152291619
0.19560741249142072
0.19568367269122244
0.19568367269122244
0.19568367269122244
0.19568367269122244
0.19575993289102417
0.19575993289102417
0.1958361930908259
0.1958361930908259
0.19591245329062762
0.19591245329062762
0.19598871349042934
0.19598871349042934
0.19606497369023107
0.1961412338900328
0.19621749408983452
0.19629375428963625
0.19629375428963625
0.19629375428963625
0.19629375428963625
0.19637001448943797
0.19637001448943797
0.19659879508884312
0.19659879508884312
0.19659879508884312
0.19659879508884312
0.19659879508884312
0.19659879508884312
0.19667505528864485
0.19675131548844657
0.1968275756882483
0.1968275756882483
0.1968275756882483
0.19698009608785175
0.19705635628765347
0.19705635628765347
0.19705635628765347
0.19705635628765347
0.1971326164874552
0.19720887668725692
0.19751391748646382
0.19751391748646382
0.19759017768626555
0.19759017768626555
0.19759017768626555
0.19759017768626555
0.19759017768626555
0.19759017768626555
0.19759017768626555
0.19759017768626555
0.19766643788606725
0.19766643788606725
0.19766643788606725
0.19766643788606725
0.1978189582856707
0.1978189582856707
0.19789521848547242
0.19789521848547242
0.19804773888507587
0.1981239990848776
0.1981239990848776
0.19820025928467933
0.19820025928467933
0.19820025928467933
0.19820025928467933
0.19820025928467933
0.19827651948448105
0.19827651948448105
0.19827651948448105
0.19827651948448105
0.19827651948448105
0.19827651948448105
0.19835277968428278
0.19835277968428278
0.19835277968428278
0.1984290398840845
0.1984290398840845
0.1984290398840845
0.1984290398840845
0.1984290398840845
0.1984290398840845
0.1984290398840845
0.1984290398840845
0.1984290398840845
0.1984290398840845
0.1984290398840845
0.1984290398840845
0.1984290398840845
0.1984290398840845
0.1984290398840845
0.1984290398840845
0.1984290398840845
0.1984290398840845
0.1984290398840845
0.1984290398840845
0.1984290398840845
0.19850530008388623
0.19850530008388623
0.19850530008388623
0.19850530008388623
0.19858156028368795
0.19858156028368795
0.19858156028368795
0.19858156028368795
0.19858156028368795
0.19858156028368795
0.19865782048348968
0.19865782048348968
0.1987340806832914
0.1987340806832914
0.19888660108289483
0.19888660108289483
0.19888660108289483
0.19888660108289483
0.19888660108289483
0.19896286128269655
0.19896286128269655
0.19903912148249828
0.1991153816823
0.1991153816823
0.1991153816823
0.1991153816823
0.1991153816823
0.1991153816823
0.19919164188210173
0.19926790208190345
0.19926790208190345
0.19926790208190345
0.19926790208190345
0.19926790208190345
0.19926790208190345
0.19934416228170518
0.19934416228170518
0.19934416228170518
0.1994204224815069
0.19949668268130863
0.19949668268130863
0.19949668268130863
0.19949668268130863
0.19964920308091208
0.19964920308091208
0.19964920308091208
0.19964920308091208
0.19964920308091208
0.19964920308091208
0.1997254632807138
0.1997254632807138
0.1997254632807138
0.1997254632807138
0.19980172348051553
0.19995424388011895
0.19995424388011895
0.19995424388011895
0.19995424388011895
0.19995424388011895
0.20018302447952413
0.20018302447952413
0.20018302447952413
0.20033554487912758
0.20033554487912758
0.20033554487912758
0.20033554487912758
0.20033554487912758
0.20033554487912758
0.20033554487912758
0.20033554487912758
0.20033554487912758
0.20033554487912758
0.20033554487912758
0.2004118050789293
0.2004118050789293
0.20048806527873103
0.20048806527873103
0.20056432547853276
0.20056432547853276
0.20056432547853276
0.20064058567833448
0.20064058567833448
0.20064058567833448
0.2007168458781362
0.2007168458781362
0.2007168458781362
0.2007168458781362
0.2007168458781362
0.2007168458781362
0.2007168458781362
0.20079310607793793
0.20079310607793793
0.20079310607793793
0.20079310607793793
0.20079310607793793
0.20079310607793793
0.20079310607793793
0.20079310607793793
0.20079310607793793
0.20079310607793793
0.20086936627773966
0.20094562647754138
0.20094562647754138
0.20094562647754138
0.20094562647754138
0.20094562647754138
0.20094562647754138
0.20094562647754138
0.20094562647754138
0.20094562647754138
0.20094562647754138
0.20094562647754138
0.20094562647754138
0.20102188667734308
0.2010981468771448
0.2010981468771448
0.2010981468771448
0.2010981468771448
0.2010981468771448
0.2010981468771448
0.2010981468771448
0.2010981468771448
0.2010981468771448
0.2010981468771448
0.2010981468771448
0.2010981468771448
0.2010981468771448
0.2010981468771448
0.2010981468771448
0.2010981468771448
0.2010981468771448
0.2010981468771448
0.2010981468771448
0.2010981468771448
0.2010981468771448
0.2010981468771448
0.2010981468771448
0.20117440707694653
0.20117440707694653
0.20117440707694653
0.20117440707694653
0.20117440707694653
0.20117440707694653
0.20117440707694653
0.20117440707694653
0.20117440707694653
0.20117440707694653
0.20125066727674826
0.20125066727674826
0.20125066727674826
0.20125066727674826
0.20132692747654998
0.20132692747654998
0.20132692747654998
0.20132692747654998
0.20132692747654998
0.2014031876763517
0.2014031876763517
0.2014031876763517
0.20147944787615343
0.20147944787615343
0.20147944787615343
0.20147944787615343
0.20147944787615343
0.20147944787615343
0.20147944787615343
0.20147944787615343
0.20155570807595516
0.20155570807595516
0.20155570807595516
0.20155570807595516
0.20155570807595516
0.20163196827575688
0.20163196827575688
0.20163196827575688
0.20163196827575688
0.20163196827575688
0.20163196827575688
0.20178448867536034
0.20186074887516206
0.20193700907496379
0.20193700907496379
0.20208952947456724
0.20208952947456724
0.20208952947456724
0.20208952947456724
0.20208952947456724
0.20208952947456724
0.20208952947456724
0.20208952947456724
0.20208952947456724
0.20208952947456724
0.20216578967436893
0.20216578967436893
0.20224204987417066
0.20224204987417066
0.20224204987417066
0.20224204987417066
0.20231831007397238
0.20231831007397238
0.20231831007397238
0.20231831007397238
0.20231831007397238
0.20231831007397238
0.20231831007397238
0.20231831007397238
0.20231831007397238
0.20231831007397238
0.20231831007397238
0.20231831007397238
0.20231831007397238
0.2023945702737741
0.2023945702737741
0.2023945702737741
0.20247083047357584
0.20247083047357584
0.20247083047357584
0.20254709067337756
0.20254709067337756
0.20254709067337756
0.20254709067337756
0.20254709067337756
0.20254709067337756
0.20254709067337756
0.2026233508731793
0.2026233508731793
0.20277587127278274
0.20277587127278274
0.20277587127278274
0.20277587127278274
0.20285213147258446
0.2029283916723862
0.2029283916723862
0.2029283916723862
0.2030046518721879
0.2030046518721879
0.2030046518721879
0.2030046518721879
0.2030046518721879
0.2030046518721879
0.2030046518721879
0.2030046518721879
0.2030046518721879
0.2030046518721879
0.2030046518721879
0.2030046518721879
0.2030046518721879
0.20308091207198964
0.20308091207198964
0.20308091207198964
0.20315717227179136
0.20315717227179136
0.20315717227179136
0.20323343247159306
0.20323343247159306
0.20323343247159306
0.2033096926713948
0.2033096926713948
0.2033096926713948
0.2033096926713948
0.2033096926713948
0.2033096926713948
0.2033096926713948
0.2033859528711965
0.2033859528711965
0.2033859528711965
0.2033859528711965
0.2033859528711965
0.2033859528711965
0.2033859528711965
0.2033859528711965
0.2033859528711965
0.20346221307099824
0.20346221307099824
0.20346221307099824
0.20346221307099824
0.20346221307099824
0.20346221307099824
0.20346221307099824
0.20346221307099824
0.20346221307099824
0.20353847327079996
0.20353847327079996
0.20353847327079996
0.20353847327079996
0.20353847327079996
0.2036147334706017
0.2036147334706017
0.2036147334706017
0.2036147334706017
0.2036147334706017
0.2036147334706017
0.2036147334706017
0.2036147334706017
0.2036147334706017
0.2036147334706017
0.20369099367040341
0.20376725387020514
0.20376725387020514
0.20376725387020514
0.20376725387020514
0.20376725387020514
0.20376725387020514
0.20376725387020514
0.20376725387020514
0.20376725387020514
0.20376725387020514
0.20376725387020514
0.2039197742698086
0.2039197742698086
0.2039197742698086
0.20399603446961032
0.20399603446961032
0.20399603446961032
0.20399603446961032
0.20399603446961032
0.20399603446961032
0.20399603446961032
0.20399603446961032
0.20399603446961032
0.20399603446961032
0.20399603446961032
0.20399603446961032
0.20399603446961032
0.20407229466941204
0.20407229466941204
0.20407229466941204
0.20407229466941204
0.20407229466941204
0.20407229466941204
0.20407229466941204
0.20407229466941204
0.20407229466941204
0.20414855486921377
0.20414855486921377
0.20414855486921377
0.20414855486921377
0.20414855486921377
0.20414855486921377
0.2042248150690155
0.2042248150690155
0.2042248150690155
0.2042248150690155
0.2042248150690155
0.2042248150690155
0.2042248150690155
0.2042248150690155
0.2042248150690155
0.2042248150690155
0.2042248150690155
0.2042248150690155
0.2042248150690155
0.20430107526881722
0.20437733546861891
0.20437733546861891
0.20437733546861891
0.20437733546861891
0.20437733546861891
0.20437733546861891
0.20437733546861891
0.20437733546861891
0.20437733546861891
0.20437733546861891
0.20437733546861891
0.20437733546861891
0.20437733546861891
0.20445359566842064
0.20445359566842064
0.20445359566842064
0.20445359566842064
0.20445359566842064
0.20445359566842064
0.20445359566842064
0.20445359566842064
0.20452985586822237
0.20452985586822237
0.20452985586822237
0.20452985586822237
0.20452985586822237
0.2046061160680241
0.2046061160680241
0.2046061160680241
0.2046061160680241
0.2046061160680241
0.2046061160680241
0.2046061160680241
0.2046061160680241
0.2046061160680241
0.2046061160680241
0.2046061160680241
0.2046061160680241
0.2046061160680241
0.2046061160680241
0.2046061160680241
0.2046061160680241
0.2046061160680241
0.2046061160680241
0.2046061160680241
0.2046061160680241
0.2046061160680241
0.2046061160680241
0.2046061160680241
0.2046061160680241
0.2046061160680241
0.2046061160680241
0.2046061160680241
0.2046061160680241
0.2046061160680241
0.2046061160680241
0.2046061160680241
0.2046061160680241
0.2046061160680241
0.2046061160680241
0.2046061160680241
0.2046061160680241
0.2046061160680241
0.2046061160680241
0.20475863646762754
0.20475863646762754
0.204911156867231
0.204911156867231
0.204911156867231
0.204911156867231
0.204911156867231
0.204911156867231
0.204911156867231
0.204911156867231
0.204911156867231
0.204911156867231
0.20498741706703272
0.20498741706703272
0.20498741706703272
0.20498741706703272
0.20506367726683444
0.20506367726683444
0.20506367726683444
0.20506367726683444
0.20506367726683444
0.20513993746663617
0.20513993746663617
0.20513993746663617
0.20513993746663617
0.20513993746663617
0.20513993746663617
0.20513993746663617
0.2052161976664379
0.2052161976664379
0.2052161976664379
0.2052161976664379
0.2052161976664379
0.2052161976664379
0.2052161976664379
0.2052161976664379
0.2052161976664379
0.2052161976664379
0.2052161976664379
0.2052161976664379
0.2052161976664379
0.2052161976664379
0.2052161976664379
0.2052161976664379
0.2052161976664379
0.2052161976664379
0.2052161976664379
0.2052161976664379
0.2052161976664379
0.2052161976664379
0.2052161976664379
0.2052161976664379
0.2052161976664379
0.2052161976664379
0.2052161976664379
0.2052161976664379
0.2052161976664379
0.2052161976664379
0.2052161976664379
0.20529245786623962
0.20529245786623962
0.20529245786623962
0.20529245786623962
0.20529245786623962
0.20536871806604134
0.20536871806604134
0.20536871806604134
0.20536871806604134
0.20536871806604134
0.20544497826584307
0.20544497826584307
0.20544497826584307
0.20552123846564477
0.20552123846564477
0.20552123846564477
0.20552123846564477
0.20552123846564477
0.20552123846564477
0.20552123846564477
0.20552123846564477
0.20552123846564477
0.20552123846564477
0.20552123846564477
0.20552123846564477
0.20552123846564477
0.20552123846564477
0.20552123846564477
0.20552123846564477
0.20552123846564477
0.20552123846564477
0.20552123846564477
0.20552123846564477
0.20552123846564477
0.20552123846564477
0.20552123846564477
0.20552123846564477
0.20552123846564477
0.20552123846564477
0.2055974986654465
0.2055974986654465
0.2055974986654465
0.20567375886524822
0.20567375886524822
0.20567375886524822
0.20567375886524822
0.20567375886524822
0.20567375886524822
0.20567375886524822
0.20567375886524822
0.20567375886524822
0.20567375886524822
0.20567375886524822
0.20567375886524822
0.20567375886524822
0.20567375886524822
0.20567375886524822
0.20567375886524822
0.20567375886524822
0.20567375886524822
0.20567375886524822
0.20567375886524822
0.20567375886524822
0.20567375886524822
0.20567375886524822
0.20567375886524822
0.20567375886524822
0.20567375886524822
0.20575001906504994
0.20575001906504994
0.20575001906504994
0.20575001906504994
0.20575001906504994
0.20575001906504994
0.20575001906504994
0.20575001906504994
0.20575001906504994
0.20575001906504994
0.20575001906504994
0.20575001906504994
0.20575001906504994
0.20575001906504994
0.20575001906504994
0.20575001906504994
0.20575001906504994
0.20575001906504994
0.20575001906504994
0.20575001906504994
0.20582627926485167
0.2059025394646534
0.20597879966445512
0.20597879966445512
0.20597879966445512
0.20605505986425685
0.20605505986425685
0.20605505986425685
0.20605505986425685
0.20613132006405857
0.20613132006405857
0.20613132006405857
0.20613132006405857
0.20613132006405857
0.20613132006405857
0.20613132006405857
0.20613132006405857
0.20613132006405857
