0.045069778082818576
0.061008159841378785
0.07336231220925798
0.08053077099061999
0.08647906657515443
0.09120719896286128
0.0951727293525509
0.09875695874323191
0.10211240753450775
0.1052390757263784
0.10806070311904217
0.10981468771448182
0.11217875390833525
0.1143140395027835
0.11568672309921452
0.11766948829405934
0.11866087089148174
0.11995729428811104
0.1211011972851369
0.12194005948295585
0.12270266148097309
0.12361778387859376
0.12468542667581789
0.1256768092732403
0.12621063067185237
0.12689697247006787
0.1272782734690765
0.12834591626630062
0.1289559978647144
0.12933729886372303
0.13009990086174025
0.13109128345916266
0.13193014565698163
0.13276900785480059
0.1334553496530161
0.1342179516510333
0.13459925265004194
0.13528559444825747
0.13559063524746434
0.13627697704567987
0.13681079844429192
0.1370395790436971
0.13742088004270572
0.13787844124151605
0.13818348204072295
0.138717303439335
0.1390223442385419
0.1393273850377488
0.13986120643636085
0.1403187676351712
0.14077632883398156
0.1413101502325936
0.14169145123160223
0.14207275223061083
0.14245405322961946
0.1428353542286281
0.14314039502783496
0.14321665522763669
0.1432929154274384
0.14336917562724014
0.1435979562266453
0.14390299702585221
0.14466559902386944
0.14519942042248152
0.1455044612216884
0.14565698162129184
0.1458095020208953
0.14588576222069702
0.14603828262030047
0.1464195836193091
0.1468008846183177
0.14733470601692977
0.14771600701593837
0.14802104781514527
0.1484023488141539
0.14847860901395563
0.14847860901395563
0.14855486921375735
0.14885991001296422
0.1490886906123694
0.14931747121177458
0.14985129261038663
0.15000381300999008
0.1500800732097918
0.15023259360939525
0.1503851140089987
0.15046137420880043
0.15084267520780906
0.15091893540761075
0.1510714558072142
0.151681537405628
0.1519865782048349
0.15221535880424006
0.15244413940364523
0.15252039960344696
0.15252039960344696
0.15252039960344696
0.1526729200030504
0.15274918020285214
0.1529017006024556
0.15305422100205904
0.15320674140166246
0.1533592618012659
0.15351178220086936
0.1536643026004728
0.1536643026004728
0.15381682300007626
0.15381682300007626
0.153893083199878
0.153893083199878
0.153893083199878
0.15396934339967971
0.15396934339967971
0.15404560359948144
0.1541981239990849
0.15442690459849004
0.1545794249980935
0.15480820559749867
0.15496072599710212
0.15503698619690384
0.15511324639670557
0.15526576679630902
0.15541828719591244
0.1555708075955159
0.1555708075955159
0.15572332799511934
0.1558758483947228
0.1558758483947228
0.1561808891939297
0.15625714939373142
0.15640966979333487
0.15663845039274002
0.15663845039274002
0.15679097079234347
0.1568672309921452
0.15694349119194692
0.1571722717913521
0.157477312590559
0.15793487378936932
0.15801113398917105
0.15801113398917105
0.1581636543887745
0.1584686951879814
0.15862121558758485
0.15869747578738655
0.15892625638679173
0.15892625638679173
0.15907877678639518
0.15923129718599863
0.15923129718599863
0.1594600777854038
0.15953633798520553
0.15968885838480898
0.1598413787844124
0.15991763898421413
0.15999389918401585
0.16007015938381758
0.16007015938381758
0.1601464195836193
0.1601464195836193
0.1601464195836193
0.1601464195836193
0.16037520018302448
0.16037520018302448
0.1604514603828262
0.16052772058262793
0.16060398078242966
0.16068024098223138
0.1607565011820331
0.1607565011820331
0.16083276138183483
0.16083276138183483
0.16106154198123998
0.1611378021810417
0.16121406238084343
0.16121406238084343
0.16129032258064516
0.16129032258064516
0.16136658278044688
0.16151910318005033
0.16159536337985206
0.16167162357965378
0.1617478837794555
0.16182414397925723
0.16182414397925723
0.16197666437886069
0.16197666437886069
0.1621291847784641
0.16228170517806756
0.16258674597727446
0.16266300617707619
0.16281552657667964
0.16312056737588654
0.16312056737588654
0.16312056737588654
0.16312056737588654
0.16327308777548996
0.16327308777548996
0.1633493479752917
0.1634256081750934
0.16357812857469686
0.1637306489743003
0.1639594295737055
0.16411194997330894
0.16426447037291236
0.1643407305727141
0.1643407305727141
0.16449325097231754
0.16456951117211926
0.164645771371921
0.164645771371921
0.16479829177152444
0.16479829177152444
0.16479829177152444
0.16479829177152444
0.16487455197132617
0.16502707237092962
0.16510333257073134
0.16510333257073134
0.16510333257073134
0.16517959277053307
0.1652558529703348
0.1652558529703348
0.16540837336993822
0.16540837336993822
0.16540837336993822
0.16548463356973994
0.16556089376954167
0.1656371539693434
0.1659421947685503
0.16601845496835202
0.16609471516815374
0.16617097536795547
0.16617097536795547
0.16617097536795547
0.16617097536795547
0.1662472355677572
0.1662472355677572
0.1662472355677572
0.16632349576755892
0.16639975596736065
0.16639975596736065
0.16647601616716237
0.1666285365667658
0.16670479676656752
0.16685731716617097
0.1669335773659727
0.1669335773659727
0.16700983756577442
0.16700983756577442
0.16708609776557615
0.16708609776557615
0.16731487836498132
0.16739113856478305
0.16739113856478305
0.16739113856478305
0.16739113856478305
0.16739113856478305
0.16746739876458477
0.1675436589643865
0.16769617936398992
0.16784869976359337
0.1679249599633951
0.16807748036299855
0.16807748036299855
0.16807748036299855
0.16815374056280027
0.16815374056280027
0.168230000762602
0.168230000762602
0.168230000762602
0.168230000762602
0.168230000762602
0.16838252116220545
0.16845878136200718
0.1685350415618089
0.1685350415618089
0.16868756196141235
0.16876382216121405
0.16884008236101578
0.1689163425608175
0.1689163425608175
0.1689163425608175
0.16906886296042095
0.16914512316022268
0.16914512316022268
0.16914512316022268
0.16914512316022268
0.16914512316022268
0.16914512316022268
0.16937390375962785
0.16937390375962785
0.16945016395942958
0.1695264241592313
0.16960268435903303
0.16960268435903303
0.16960268435903303
0.16960268435903303
0.16960268435903303
0.16967894455883475
0.16975520475863648
0.16975520475863648
0.16975520475863648
0.16975520475863648
0.16975520475863648
0.16975520475863648
0.16975520475863648
0.16983146495843818
0.1699077251582399
0.1699077251582399
0.1699077251582399
0.1699077251582399
0.17006024555784335
0.17006024555784335
0.17013650575764508
0.17013650575764508
0.17028902615724853
0.17036528635705026
0.17036528635705026
0.17036528635705026
0.1705178067566537
0.1705178067566537
0.1705178067566537
0.17067032715625716
0.17067032715625716
0.17067032715625716
0.17074658735605888
0.1708228475558606
0.1708228475558606
0.1708228475558606
0.1708228475558606
0.1708228475558606
0.1708228475558606
0.1708228475558606
0.1708228475558606
0.1708228475558606
0.1708228475558606
0.17089910775566233
0.17105162815526576
0.17112788835506748
0.1712041485548692
0.1712041485548692
0.1712041485548692
0.1712041485548692
0.17128040875467093
0.17143292915427438
0.17143292915427438
0.1715091893540761
0.1715091893540761
0.17158544955387783
0.17166170975367956
0.17166170975367956
0.17166170975367956
0.17189049035308474
0.17189049035308474
0.17189049035308474
0.17204301075268819
0.17211927095248988
0.17211927095248988
0.17211927095248988
0.1721955311522916
0.17227179135209333
0.17227179135209333
0.17227179135209333
0.17234805155189506
0.17234805155189506
0.17242431175169678
0.1725005719514985
0.17257683215130024
0.17257683215130024
0.17257683215130024
0.17257683215130024
0.17257683215130024
0.17257683215130024
0.17265309235110196
0.1727293525509037
0.17288187295050714
0.1731106535499123
0.1731106535499123
0.1731106535499123
0.1731106535499123
0.173186913749714
0.173186913749714
0.1734156943491192
0.1734919545489209
0.17356821474872264
0.17356821474872264
0.17356821474872264
0.17356821474872264
0.17364447494852436
0.17364447494852436
0.1737207351483261
0.1737207351483261
0.1737207351483261
0.17379699534812781
0.17387325554792954
0.17387325554792954
0.17387325554792954
0.17387325554792954
0.17387325554792954
0.17394951574773126
0.17394951574773126
0.17394951574773126
0.17394951574773126
0.17394951574773126
0.17394951574773126
0.17394951574773126
0.17394951574773126
0.17394951574773126
0.17394951574773126
0.17394951574773126
0.174025775947533
0.174025775947533
0.174025775947533
0.174025775947533
0.174025775947533
0.174025775947533
0.17410203614733472
0.17410203614733472
0.17417829634713644
0.17417829634713644
0.17425455654693817
0.1744070769465416
0.17448333714634331
0.17448333714634331
0.17448333714634331
0.17455959734614504
0.17455959734614504
0.17455959734614504
0.17463585754594677
0.17463585754594677
0.17463585754594677
0.17463585754594677
0.17463585754594677
0.17463585754594677
0.17463585754594677
0.17463585754594677
0.17463585754594677
0.17463585754594677
0.1747121177457485
0.1747121177457485
0.1747121177457485
0.1747121177457485
0.1747121177457485
0.1747121177457485
0.17478837794555022
0.17478837794555022
0.17478837794555022
0.17486463814535194
0.17486463814535194
0.17486463814535194
0.17486463814535194
0.17494089834515367
0.17494089834515367
0.17494089834515367
0.17494089834515367
0.17494089834515367
0.1750171585449554
0.1750171585449554
0.1750171585449554
0.17509341874475712
0.17509341874475712
0.17516967894455884
0.17516967894455884
0.17516967894455884
0.17516967894455884
0.17516967894455884
0.17516967894455884
0.17516967894455884
0.17524593914436057
0.17524593914436057
0.17524593914436057
0.17524593914436057
0.17524593914436057
0.17524593914436057
0.17524593914436057
0.17524593914436057
0.17524593914436057
0.17524593914436057
0.1753221993441623
0.1753221993441623
0.1753221993441623
0.1753221993441623
0.1753221993441623
0.1753221993441623
0.1753221993441623
0.1753221993441623
0.1753221993441623
0.175398459543964
0.17547471974376572
0.17547471974376572
0.17562724014336917
0.1757035003431709
0.1757035003431709
0.1757035003431709
0.1757035003431709
0.17577976054297262
0.17577976054297262
0.17585602074277434
0.17585602074277434
0.17585602074277434
0.17585602074277434
0.17585602074277434
0.17585602074277434
0.17585602074277434
0.17585602074277434
0.17585602074277434
0.17585602074277434
0.17585602074277434
0.17585602074277434
0.17585602074277434
0.17593228094257607
0.17593228094257607
0.1760085411423778
0.17608480134217952
0.17608480134217952
0.17608480134217952
0.17608480134217952
0.17608480134217952
0.17608480134217952
0.17616106154198125
0.17616106154198125
0.17616106154198125
0.17616106154198125
0.17623732174178297
0.17638984214138642
0.17638984214138642
0.17638984214138642
0.17638984214138642
0.17638984214138642
0.17638984214138642
0.17638984214138642
0.17638984214138642
0.17638984214138642
0.17638984214138642
0.17638984214138642
0.17638984214138642
0.17638984214138642
0.17638984214138642
0.17646610234118815
0.17646610234118815
0.17646610234118815
0.17661862274079157
0.17684740334019675
0.17684740334019675
0.17684740334019675
0.1769999237398002
0.17707618393960192
0.17707618393960192
0.17707618393960192
0.17707618393960192
0.17707618393960192
0.17707618393960192
0.17707618393960192
0.17707618393960192
0.17707618393960192
0.17707618393960192
0.17707618393960192
0.17707618393960192
0.17707618393960192
0.17707618393960192
0.17707618393960192
0.17707618393960192
0.17707618393960192
0.17707618393960192
0.17707618393960192
0.17707618393960192
0.17707618393960192
0.17707618393960192
0.17707618393960192
0.17707618393960192
0.17707618393960192
0.17707618393960192
0.17715244413940365
0.17715244413940365
0.17715244413940365
0.17715244413940365
0.17722870433920537
0.17722870433920537
0.17722870433920537
0.17722870433920537
0.17722870433920537
0.17722870433920537
0.1773049645390071
0.1773049645390071
0.17738122473880882
0.17738122473880882
0.17738122473880882
0.17738122473880882
0.17738122473880882
0.17738122473880882
0.17738122473880882
0.17745748493861055
0.17745748493861055
0.17745748493861055
0.17745748493861055
0.17745748493861055
0.17745748493861055
0.17745748493861055
0.17745748493861055
0.17745748493861055
0.17753374513841227
0.17753374513841227
0.177610005338214
0.1776862655380157
0.17783878593761915
0.17783878593761915
0.17791504613742087
0.17791504613742087
0.17791504613742087
0.17791504613742087
0.17791504613742087
0.17791504613742087
0.17791504613742087
0.17791504613742087
0.17791504613742087
0.17791504613742087
0.17791504613742087
0.17791504613742087
0.17791504613742087
0.17791504613742087
0.17791504613742087
0.1779913063372226
0.1779913063372226
0.1779913063372226
0.1779913063372226
0.1779913063372226
0.1779913063372226
0.1779913063372226
0.1779913063372226
0.1779913063372226
0.1779913063372226
0.1779913063372226
0.17806756653702432
0.17806756653702432
0.17806756653702432
0.17806756653702432
0.17806756653702432
0.17806756653702432
0.17806756653702432
0.17822008693662778
0.17822008693662778
0.17822008693662778
0.1782963471364295
0.1782963471364295
0.1782963471364295
0.17837260733623123
0.17837260733623123
0.17837260733623123
0.17844886753603295
0.17844886753603295
0.17844886753603295
0.17844886753603295
0.17844886753603295
0.17844886753603295
0.17844886753603295
0.17852512773583468
0.17852512773583468
0.17852512773583468
0.17852512773583468
0.17852512773583468
0.17852512773583468
0.17852512773583468
0.17852512773583468
0.1786013879356364
0.1786013879356364
0.1786013879356364
0.1786013879356364
0.1786013879356364
0.1786013879356364
0.1786013879356364
0.1786013879356364
0.1786013879356364
0.1786013879356364
0.17867764813543813
0.17875390833523983
0.17875390833523983
0.17875390833523983
0.17883016853504155
0.17890642873484328
0.17890642873484328
0.178982688934645
0.178982688934645
0.17905894913444673
0.17905894913444673
0.17913520933424845
0.17913520933424845
0.17913520933424845
0.17913520933424845
0.17913520933424845
0.17913520933424845
0.17913520933424845
0.17913520933424845
0.17913520933424845
0.17913520933424845
0.17913520933424845
0.17913520933424845
0.17913520933424845
0.17913520933424845
0.17913520933424845
0.17913520933424845
0.17921146953405018
0.17921146953405018
0.17921146953405018
0.17921146953405018
0.17921146953405018
0.17921146953405018
0.1792877297338519
0.1792877297338519
0.1792877297338519
0.1792877297338519
0.1792877297338519
0.1792877297338519
0.1792877297338519
0.17936398993365363
0.17936398993365363
0.17944025013345535
0.17944025013345535
0.17944025013345535
0.17944025013345535
0.17944025013345535
0.17944025013345535
0.17944025013345535
0.17951651033325708
0.17951651033325708
0.17951651033325708
0.17951651033325708
0.17951651033325708
0.17951651033325708
0.17951651033325708
0.17951651033325708
0.17951651033325708
0.17951651033325708
0.17951651033325708
0.17951651033325708
0.17951651033325708
0.17951651033325708
0.17951651033325708
0.17951651033325708
0.17951651033325708
0.17951651033325708
0.17951651033325708
0.17951651033325708
0.17951651033325708
0.1795927705330588
0.1795927705330588
0.17966903073286053
0.17966903073286053
0.17966903073286053
0.17966903073286053
0.17966903073286053
0.17966903073286053
0.17966903073286053
0.17966903073286053
0.17966903073286053
0.17974529093266225
0.17974529093266225
0.17974529093266225
0.17974529093266225
0.17974529093266225
0.17974529093266225
0.17974529093266225
0.17974529093266225
0.17974529093266225
0.17974529093266225
0.17974529093266225
0.17974529093266225
0.17974529093266225
0.17974529093266225
0.17974529093266225
0.17989781133226568
0.17989781133226568
0.1799740715320674
0.1799740715320674
0.1799740715320674
0.1799740715320674
0.1799740715320674
0.1799740715320674
0.1799740715320674
0.1799740715320674
0.1799740715320674
0.1799740715320674
0.1799740715320674
0.1799740715320674
0.1799740715320674
0.1799740715320674
0.1799740715320674
0.1799740715320674
0.18005033173186913
0.18005033173186913
0.18005033173186913
0.18005033173186913
0.18005033173186913
0.18005033173186913
0.18005033173186913
0.18005033173186913
0.18012659193167085
0.18012659193167085
0.18012659193167085
0.18012659193167085
0.1802791123312743
0.18035537253107603
0.18043163273087776
0.18043163273087776
0.18043163273087776
0.18043163273087776
0.18043163273087776
0.18050789293067948
0.18066041333028293
0.18066041333028293
0.18066041333028293
0.18066041333028293
0.18066041333028293
0.18066041333028293
0.18066041333028293
0.18066041333028293
0.18066041333028293
0.18066041333028293
0.18066041333028293
0.18066041333028293
0.18066041333028293
0.18073667353008466
0.18073667353008466
0.18073667353008466
0.18073667353008466
0.18073667353008466
0.18073667353008466
0.18073667353008466
0.18073667353008466
0.18073667353008466
0.18081293372988638
0.1809654541294898
0.1809654541294898
0.1809654541294898
0.1809654541294898
0.1809654541294898
0.1809654541294898
0.1809654541294898
0.1809654541294898
0.18104171432929153
0.18104171432929153
0.18104171432929153
0.18104171432929153
0.18104171432929153
0.18104171432929153
0.18104171432929153
0.18104171432929153
0.18104171432929153
0.18104171432929153
0.18111797452909326
0.18111797452909326
0.18111797452909326
0.18111797452909326
0.18111797452909326
0.18111797452909326
0.18111797452909326
0.18111797452909326
0.18111797452909326
0.18111797452909326
0.18111797452909326
0.18111797452909326
0.18111797452909326
0.18111797452909326
0.18111797452909326
0.18111797452909326
0.18111797452909326
0.18111797452909326
0.18111797452909326
0.18111797452909326
0.18111797452909326
0.18111797452909326
0.18111797452909326
0.18111797452909326
0.18111797452909326
0.18111797452909326
0.18111797452909326
0.18111797452909326
0.18111797452909326
0.18111797452909326
0.18111797452909326
0.18111797452909326
0.18111797452909326
0.18111797452909326
0.18111797452909326
0.18111797452909326
0.18119423472889498
0.18119423472889498
0.1812704949286967
0.1812704949286967
0.18134675512849843
0.18134675512849843
0.18134675512849843
0.18142301532830016
0.18142301532830016
0.18142301532830016
0.18149927552810188
0.1815755357279036
0.1815755357279036
0.1815755357279036
0.1815755357279036
0.1815755357279036
0.1815755357279036
0.1815755357279036
0.18165179592770533
0.18165179592770533
0.18165179592770533
0.18165179592770533
0.18165179592770533
0.18165179592770533
0.18165179592770533
0.18165179592770533
0.18165179592770533
0.18165179592770533
0.18165179592770533
0.18165179592770533
0.18165179592770533
0.18165179592770533
0.18165179592770533
0.18165179592770533
0.18165179592770533
0.18165179592770533
0.18165179592770533
0.18165179592770533
0.18165179592770533
0.18172805612750706
0.18172805612750706
0.18172805612750706
0.18180431632730878
0.18180431632730878
0.18180431632730878
0.18180431632730878
0.18180431632730878
0.18180431632730878
0.1818805765271105
0.1818805765271105
0.1818805765271105
0.1818805765271105
0.1818805765271105
0.1818805765271105
0.1818805765271105
0.1818805765271105
0.1818805765271105
0.18195683672691224
0.18195683672691224
0.18195683672691224
0.18195683672691224
0.18195683672691224
0.18195683672691224
0.18195683672691224
0.18195683672691224
0.18195683672691224
0.18195683672691224
0.18195683672691224
0.18195683672691224
0.18195683672691224
0.18195683672691224
0.18203309692671396
0.18203309692671396
0.18203309692671396
0.18203309692671396
0.18203309692671396
0.18203309692671396
0.18203309692671396
0.18210935712651566
0.18210935712651566
0.18210935712651566
0.18210935712651566
0.18210935712651566
0.18210935712651566
0.18210935712651566
0.18218561732631738
0.18218561732631738
0.18218561732631738
0.18218561732631738
0.18218561732631738
0.18218561732631738
0.1822618775261191
0.1822618775261191
0.1822618775261191
0.1822618775261191
0.1822618775261191
0.1822618775261191
0.1822618775261191
0.1822618775261191
0.18241439792572256
0.18241439792572256
0.18241439792572256
0.18241439792572256
0.18241439792572256
0.18241439792572256
0.18241439792572256
0.18241439792572256
0.18241439792572256
0.18249065812552429
0.18249065812552429
0.18249065812552429
0.182566918325326
0.182566918325326
0.182566918325326
0.18264317852512774
