0.06276214443681842
0.0792343475939907
0.08945321436742164
0.09715549454739572
0.10234118813391291
0.10737436132082666
0.11118737131091283
0.11339891710516281
0.11622054449782658
0.11942347288949898
0.1220925798825593
0.12499046747502479
0.1276595744680851
0.12979486006253335
0.13139632425836956
0.13337908945321436
0.13520933424845574
0.1363532372454816
0.137344619842904
0.13917486463814535
0.14024250743536948
0.14153893083199878
0.1428353542286281
0.14405551742545566
0.14489437962327462
0.14542820102188667
0.1464195836193091
0.1474109662167315
0.148097308014947
0.14885991001296422
0.14962251201098148
0.15015633340959353
0.1510714558072142
0.15191031800503318
0.1526729200030504
0.1536643026004728
0.1543506443986883
0.15480820559749867
0.15541828719591244
0.15602836879432624
0.15679097079234347
0.15732479219095555
0.15778235338976587
0.15808739418897277
0.15823991458857622
0.15877373598718827
0.15930755738580035
0.1598413787844124
0.16052772058262793
0.16098528178143826
0.16106154198123998
0.16121406238084343
0.16159536337985206
0.1621291847784641
0.162434225577671
0.1627392663768779
0.1629680469762831
0.16319682757568824
0.1636543887744986
0.1639594295737055
0.16426447037291236
0.1643407305727141
0.16456951117211926
0.1649508121711279
0.16540837336993822
0.16578967436894684
0.1662472355677572
0.16678105696636925
0.16700983756577442
0.1672386181651796
0.16784869976359337
0.16800122016319682
0.16815374056280027
0.16838252116220545
0.16876382216121405
0.16906886296042095
0.16937390375962785
0.16937390375962785
0.17006024555784335
0.17013650575764508
0.17028902615724853
0.17059406695645543
0.1708228475558606
0.17105162815526576
0.17128040875467093
0.17135666895447266
0.17158544955387783
0.17166170975367956
0.171814230153283
0.17204301075268819
0.1721955311522916
0.17234805155189506
0.17265309235110196
0.1727293525509037
0.1727293525509037
0.1731106535499123
0.173186913749714
0.1734919545489209
0.17364447494852436
0.1737207351483261
0.174025775947533
0.17410203614733472
0.17448333714634331
0.17463585754594677
0.1747121177457485
0.17478837794555022
0.17509341874475712
0.17524593914436057
0.17562724014336917
0.17577976054297262
0.1760085411423778
0.17623732174178297
0.17623732174178297
0.1763135819415847
0.17654236254098984
0.17692366353999847
0.1769999237398002
0.1769999237398002
0.1773049645390071
0.17745748493861055
0.17753374513841227
0.177610005338214
0.1776862655380157
0.17776252573781742
0.17791504613742087
0.17806756653702432
0.1782963471364295
0.1782963471364295
0.17837260733623123
0.17852512773583468
0.17875390833523983
0.17883016853504155
0.17890642873484328
0.17890642873484328
0.178982688934645
0.17905894913444673
0.17913520933424845
0.17913520933424845
0.17921146953405018
0.17936398993365363
0.17944025013345535
0.17944025013345535
0.17951651033325708
0.1795927705330588
0.17974529093266225
0.1799740715320674
0.18005033173186913
0.18035537253107603
0.18050789293067948
0.18066041333028293
0.1808891939296881
0.1808891939296881
0.1808891939296881
0.18111797452909326
0.1812704949286967
0.18134675512849843
0.18142301532830016
0.18142301532830016
0.18149927552810188
0.18172805612750706
0.18180431632730878
0.1818805765271105
0.18203309692671396
0.18203309692671396
0.18210935712651566
0.18218561732631738
0.1822618775261191
0.1822618775261191
0.1822618775261191
0.18241439792572256
0.182566918325326
0.18271943872492946
0.1827956989247312
0.18294821932433464
0.1831007397239381
0.1831007397239381
0.18317699992373981
0.18332952032334324
0.1835583009227484
0.1835583009227484
0.18393960192175704
0.18401586212155877
0.18401586212155877
0.1840921223213605
0.1840921223213605
0.1840921223213605
0.1840921223213605
0.18416838252116222
0.18424464272096394
0.18439716312056736
0.1844734233203691
0.18454968352017082
0.18454968352017082
0.184778464119576
0.18493098451917944
0.18493098451917944
0.18493098451917944
0.18500724471898117
0.18515976511858462
0.18515976511858462
0.18523602531838634
0.18523602531838634
0.18531228551818807
0.1853885457179898
0.1853885457179898
0.1854648059177915
0.18554106611759322
0.18561732631739494
0.18569358651719667
0.18569358651719667
0.18569358651719667
0.18569358651719667
0.1857698467169984
0.1857698467169984
0.18584610691680012
0.18584610691680012
0.18592236711660184
0.1860748875162053
0.1860748875162053
0.1860748875162053
0.18615114771600702
0.18615114771600702
0.18630366811561047
0.1863799283154122
0.1863799283154122
0.18645618851521392
0.18645618851521392
0.18660870891481735
0.18660870891481735
0.18668496911461907
0.18691374971402425
0.18699000991382597
0.18721879051323115
0.18744757111263632
0.18767635171204147
0.1877526119118432
0.1877526119118432
0.18782887211164492
0.18790513231144665
0.18813391291085182
0.18813391291085182
0.18813391291085182
0.18821017311065355
0.188362693510257
0.18843895371005873
0.18859147410966218
0.1886677343094639
0.1886677343094639
0.1886677343094639
0.18889651490886905
0.18897277510867078
0.1890490353084725
0.18920155570807595
0.18927781590787768
0.1893540761076794
0.1893540761076794
0.18943033630748113
0.18943033630748113
0.18950659650728285
0.18950659650728285
0.18958285670708458
0.18973537710668803
0.18988789750629145
0.18996415770609318
0.18996415770609318
0.18996415770609318
0.18996415770609318
0.18996415770609318
0.18996415770609318
0.18996415770609318
0.18996415770609318
0.1900404179058949
0.1900404179058949
0.19011667810569663
0.19019293830549835
0.1903454587051018
0.1903454587051018
0.1903454587051018
0.19042171890490353
0.19042171890490353
0.19049797910470526
0.19049797910470526
0.19049797910470526
0.19057423930450698
0.1906504995043087
0.1906504995043087
0.1906504995043087
0.1906504995043087
0.1906504995043087
0.19072675970411043
0.19072675970411043
0.19080301990391216
0.19087928010371388
0.19087928010371388
0.19087928010371388
0.19087928010371388
0.19087928010371388
0.1909555403035156
0.1910318005033173
0.19118432090292076
0.19141310150232593
0.19141310150232593
0.19148936170212766
0.19148936170212766
0.19156562190192938
0.1916418821017311
0.1916418821017311
0.19171814230153283
0.19187066270113629
0.19187066270113629
0.19202318310073974
0.19202318310073974
0.19209944330054143
0.19217570350034316
0.19217570350034316
0.19225196370014488
0.19240448409974834
0.19248074429955006
0.19248074429955006
0.19255700449935179
0.19255700449935179
0.19255700449935179
0.1926332646991535
0.19270952489895524
0.19270952489895524
0.19278578509875696
0.1929383054983604
0.19309082589796386
0.1931670860977656
0.1932433462975673
0.193319606497369
0.193319606497369
0.193319606497369
0.193319606497369
0.193319606497369
0.193319606497369
0.193319606497369
0.193319606497369
0.19339586669717074
0.19339586669717074
0.19347212689697246
0.19347212689697246
0.19347212689697246
0.1935483870967742
0.1935483870967742
0.1936246472965759
0.1936246472965759
0.19377716769617936
0.19377716769617936
0.1938534278959811
0.19392968809578282
0.19400594829558454
0.19400594829558454
0.194158468695188
0.194158468695188
0.19423472889498972
0.19431098909479144
0.19438724929459314
0.19438724929459314
0.19446350949439486
0.19446350949439486
0.19461602989399832
0.19461602989399832
0.19461602989399832
0.19461602989399832
0.19461602989399832
0.19469229009380004
0.19476855029360177
0.19476855029360177
0.1948448104934035
0.19492107069320522
0.19492107069320522
0.19499733089300694
0.19499733089300694
0.19499733089300694
0.19499733089300694
0.19507359109280867
0.19507359109280867
0.19507359109280867
0.19507359109280867
0.19507359109280867
0.1951498512926104
0.1951498512926104
0.1951498512926104
0.19522611149241212
0.19530237169221384
0.19530237169221384
0.19537863189201557
0.19545489209181727
0.19545489209181727
0.195531152291619
0.195531152291619
0.19560741249142072
0.19568367269122244
0.19568367269122244
0.19568367269122244
0.19568367269122244
0.19568367269122244
0.19575993289102417
0.1958361930908259
0.1958361930908259
0.1958361930908259
0.1958361930908259
0.1958361930908259
0.1958361930908259
0.19591245329062762
0.19591245329062762
0.19598871349042934
0.19606497369023107
0.19606497369023107
0.1961412338900328
0.1961412338900328
0.1961412338900328
0.1961412338900328
0.1961412338900328
0.1961412338900328
0.1961412338900328
0.1961412338900328
0.1961412338900328
0.1961412338900328
0.19621749408983452
0.19629375428963625
0.19629375428963625
0.19629375428963625
0.19629375428963625
0.19629375428963625
0.1964462746892397
0.19652253488904142
0.19652253488904142
0.19652253488904142
0.19652253488904142
0.19652253488904142
0.19652253488904142
0.19652253488904142
0.19652253488904142
0.19652253488904142
0.19652253488904142
0.19659879508884312
0.19659879508884312
0.19659879508884312
0.19667505528864485
0.19675131548844657
0.19675131548844657
0.19675131548844657
0.19675131548844657
0.19675131548844657
0.19675131548844657
0.1968275756882483
0.19690383588805002
0.19690383588805002
0.19690383588805002
0.19690383588805002
0.19690383588805002
0.19690383588805002
0.19705635628765347
0.19705635628765347
0.19705635628765347
0.1971326164874552
0.1971326164874552
0.19720887668725692
0.19720887668725692
0.19720887668725692
0.19720887668725692
0.19720887668725692
0.19720887668725692
0.19736139708686037
0.19736139708686037
0.19736139708686037
0.19736139708686037
0.1974376572866621
0.19751391748646382
0.19751391748646382
0.19751391748646382
0.19751391748646382
0.19766643788606725
0.19766643788606725
0.19774269808586897
0.19774269808586897
0.1978189582856707
0.19789521848547242
0.19789521848547242
0.19789521848547242
0.19789521848547242
0.19789521848547242
0.19789521848547242
0.19789521848547242
0.19797147868527415
0.19797147868527415
0.19797147868527415
0.19797147868527415
0.19797147868527415
0.19804773888507587
0.19804773888507587
0.19804773888507587
0.19804773888507587
0.19804773888507587
0.19804773888507587
0.19804773888507587
0.1981239990848776
0.1981239990848776
0.1981239990848776
0.1981239990848776
0.1981239990848776
0.19827651948448105
0.19827651948448105
0.19827651948448105
0.19827651948448105
0.19827651948448105
0.19835277968428278
0.1984290398840845
0.1984290398840845
0.1984290398840845
0.1984290398840845
0.1984290398840845
0.1984290398840845
0.19850530008388623
0.19850530008388623
0.19850530008388623
0.19850530008388623
0.19850530008388623
0.19850530008388623
0.19850530008388623
0.19850530008388623
0.19850530008388623
0.19850530008388623
0.19850530008388623
0.19850530008388623
0.19850530008388623
0.19850530008388623
0.19850530008388623
0.19850530008388623
0.19850530008388623
0.19850530008388623
0.19850530008388623
0.19850530008388623
0.19850530008388623
0.19850530008388623
0.19850530008388623
0.19858156028368795
0.19865782048348968
0.1987340806832914
0.1988103408830931
0.19888660108289483
0.19903912148249828
0.1991153816823
0.1991153816823
0.1991153816823
0.1991153816823
0.1991153816823
0.1991153816823
0.1991153816823
0.1991153816823
0.1991153816823
0.1991153816823
0.1991153816823
0.19919164188210173
0.19919164188210173
0.19919164188210173
0.19919164188210173
0.19919164188210173
0.19926790208190345
0.19926790208190345
0.19934416228170518
0.19934416228170518
0.19934416228170518
0.19934416228170518
0.19934416228170518
0.1994204224815069
0.1994204224815069
0.1994204224815069
0.1994204224815069
0.19949668268130863
0.19949668268130863
0.19949668268130863
0.19949668268130863
0.19949668268130863
0.19949668268130863
0.19949668268130863
0.19949668268130863
0.19949668268130863
0.19949668268130863
0.19949668268130863
0.19949668268130863
0.19957294288111035
0.1997254632807138
0.1997254632807138
0.1997254632807138
0.1997254632807138
0.1997254632807138
0.1997254632807138
0.1997254632807138
0.19980172348051553
0.19980172348051553
0.19980172348051553
0.19980172348051553
0.19980172348051553
0.19980172348051553
0.19980172348051553
0.19980172348051553
0.19980172348051553
0.19980172348051553
0.19995424388011895
0.19995424388011895
0.19995424388011895
0.19995424388011895
0.19995424388011895
0.19995424388011895
0.19995424388011895
0.19995424388011895
0.19995424388011895
0.19995424388011895
0.19995424388011895
0.19995424388011895
0.19995424388011895
0.19995424388011895
0.20003050407992068
0.2001067642797224
0.2001067642797224
0.20018302447952413
0.20018302447952413
0.20018302447952413
0.20018302447952413
0.20025928467932586
0.20025928467932586
0.20033554487912758
0.20033554487912758
0.20033554487912758
0.20033554487912758
0.20033554487912758
0.20033554487912758
0.20033554487912758
0.20033554487912758
0.20033554487912758
0.2004118050789293
0.2004118050789293
0.2004118050789293
0.2004118050789293
0.2004118050789293
0.2004118050789293
0.2004118050789293
0.20048806527873103
0.20056432547853276
0.20056432547853276
0.20064058567833448
0.2007168458781362
0.20079310607793793
0.20079310607793793
0.20079310607793793
0.20079310607793793
0.20086936627773966
0.20094562647754138
0.20094562647754138
0.20094562647754138
0.20094562647754138
0.20102188667734308
0.20102188667734308
0.2010981468771448
0.2010981468771448
0.2010981468771448
0.2010981468771448
0.20117440707694653
0.20117440707694653
0.20117440707694653
0.20117440707694653
0.20125066727674826
0.20132692747654998
0.20132692747654998
0.20132692747654998
0.2014031876763517
0.2014031876763517
0.2014031876763517
0.2014031876763517
0.2014031876763517
0.2014031876763517
0.2014031876763517
0.2014031876763517
0.2014031876763517
0.2014031876763517
0.2014031876763517
0.20147944787615343
0.20147944787615343
0.20147944787615343
0.20147944787615343
0.20147944787615343
0.20147944787615343
0.20155570807595516
0.20155570807595516
0.20155570807595516
0.20155570807595516
0.20155570807595516
0.20155570807595516
0.20155570807595516
0.20155570807595516
0.20155570807595516
0.20155570807595516
0.20155570807595516
0.20155570807595516
0.20155570807595516
0.2017082284755586
0.2017082284755586
0.2017082284755586
0.2017082284755586
0.2017082284755586
0.2017082284755586
0.2017082284755586
0.2017082284755586
0.2017082284755586
0.2017082284755586
0.2017082284755586
0.2017082284755586
0.2017082284755586
0.2017082284755586
0.2017082284755586
0.2017082284755586
0.2017082284755586
0.2017082284755586
0.2017082284755586
0.2017082284755586
0.20178448867536034
0.20178448867536034
0.20178448867536034
0.20178448867536034
0.20178448867536034
0.20178448867536034
0.20178448867536034
0.20178448867536034
0.20178448867536034
0.20178448867536034
0.20178448867536034
0.20178448867536034
0.20178448867536034
0.20178448867536034
0.20178448867536034
0.20178448867536034
0.20178448867536034
0.20178448867536034
0.20178448867536034
0.20186074887516206
0.20186074887516206
0.2020132692747655
0.2020132692747655
0.2020132692747655
0.2020132692747655
0.20216578967436893
0.20216578967436893
0.20216578967436893
0.20216578967436893
0.20216578967436893
0.20224204987417066
0.20231831007397238
0.20231831007397238
0.20231831007397238
0.20231831007397238
0.20231831007397238
0.20231831007397238
0.20231831007397238
0.20231831007397238
0.20231831007397238
0.2023945702737741
0.2023945702737741
0.2023945702737741
0.2023945702737741
0.2023945702737741
0.2023945702737741
0.2023945702737741
0.2023945702737741
0.2023945702737741
0.2023945702737741
0.2023945702737741
0.20247083047357584
0.20247083047357584
0.20247083047357584
0.20247083047357584
0.202699611072981
0.202699611072981
0.20277587127278274
0.20285213147258446
0.2029283916723862
0.2029283916723862
0.2029283916723862
0.2029283916723862
0.2029283916723862
0.2029283916723862
0.2029283916723862
0.2030046518721879
0.2030046518721879
0.2030046518721879
0.2030046518721879
0.2030046518721879
0.2030046518721879
0.2030046518721879
0.2030046518721879
0.2030046518721879
0.2030046518721879
0.2030046518721879
0.2030046518721879
0.2030046518721879
0.2030046518721879
0.2030046518721879
0.2030046518721879
0.2030046518721879
0.2030046518721879
0.2030046518721879
0.2030046518721879
0.2030046518721879
0.2030046518721879
0.2030046518721879
0.2030046518721879
0.2030046518721879
0.2030046518721879
0.2030046518721879
0.2030046518721879
0.2030046518721879
0.2030046518721879
0.2030046518721879
0.2030046518721879
0.2030046518721879
0.2030046518721879
0.2030046518721879
0.2030046518721879
0.2030046518721879
0.2030046518721879
0.2030046518721879
0.2030046518721879
0.20308091207198964
0.20308091207198964
0.20308091207198964
0.20308091207198964
0.20308091207198964
0.20308091207198964
0.20308091207198964
0.20308091207198964
0.20308091207198964
0.20308091207198964
0.20308091207198964
0.20308091207198964
0.20308091207198964
0.20308091207198964
0.20308091207198964
0.20308091207198964
0.20308091207198964
0.20308091207198964
0.20308091207198964
0.20308091207198964
0.20308091207198964
0.20308091207198964
0.20308091207198964
0.20308091207198964
0.20308091207198964
0.20308091207198964
0.20308091207198964
0.20315717227179136
0.20323343247159306
0.20323343247159306
0.20323343247159306
0.20323343247159306
0.20323343247159306
0.20323343247159306
0.20323343247159306
0.20323343247159306
0.20323343247159306
0.20323343247159306
0.20323343247159306
0.2033096926713948
0.2033096926713948
0.2033096926713948
0.2033096926713948
0.2033859528711965
0.2033859528711965
0.2033859528711965
0.2033859528711965
0.2033859528711965
0.20346221307099824
0.20346221307099824
0.20346221307099824
0.20346221307099824
0.20353847327079996
0.20353847327079996
0.20353847327079996
0.20353847327079996
0.20353847327079996
0.20353847327079996
0.20353847327079996
0.20353847327079996
0.20353847327079996
0.20353847327079996
0.20353847327079996
0.20353847327079996
0.20353847327079996
0.20353847327079996
0.2036147334706017
0.20369099367040341
0.20369099367040341
0.20376725387020514
0.20376725387020514
0.20376725387020514
0.20376725387020514
0.20384351407000686
0.2039197742698086
0.2039197742698086
0.2039197742698086
0.2039197742698086
0.2039197742698086
0.2039197742698086
0.2039197742698086
0.2039197742698086
0.2039197742698086
0.20399603446961032
0.20399603446961032
0.20399603446961032
0.20399603446961032
0.20407229466941204
0.20414855486921377
0.20414855486921377
0.20414855486921377
0.20414855486921377
0.20414855486921377
0.2042248150690155
0.2042248150690155
0.2042248150690155
0.2042248150690155
0.2042248150690155
0.2042248150690155
0.2042248150690155
0.2042248150690155
0.2042248150690155
0.2042248150690155
0.20430107526881722
0.20430107526881722
0.20430107526881722
0.20437733546861891
0.20445359566842064
0.20445359566842064
0.20445359566842064
0.20445359566842064
0.20452985586822237
0.2046061160680241
0.2046061160680241
0.2046061160680241
0.2046061160680241
0.20468237626782582
0.20468237626782582
0.20468237626782582
0.20468237626782582
0.20468237626782582
0.20468237626782582
0.20475863646762754
0.20483489666742927
0.204911156867231
0.204911156867231
0.204911156867231
0.204911156867231
0.204911156867231
0.204911156867231
0.20498741706703272
0.20498741706703272
0.20498741706703272
0.20498741706703272
0.20498741706703272
0.20498741706703272
0.20498741706703272
0.20498741706703272
0.20498741706703272
0.20498741706703272
0.20506367726683444
0.20506367726683444
0.2052161976664379
0.2052161976664379
0.2052161976664379
0.2052161976664379
0.20529245786623962
0.20529245786623962
0.20529245786623962
0.20529245786623962
0.20536871806604134
0.20536871806604134
0.20536871806604134
0.20536871806604134
0.20536871806604134
0.20536871806604134
0.20536871806604134
0.20536871806604134
0.20536871806604134
0.20536871806604134
0.20536871806604134
0.20536871806604134
0.20536871806604134
0.20536871806604134
0.20536871806604134
0.20536871806604134
0.20536871806604134
0.20536871806604134
0.20536871806604134
0.20536871806604134
0.20536871806604134
0.20536871806604134
0.20536871806604134
0.20536871806604134
0.20536871806604134
0.20536871806604134
0.20536871806604134
