0.05473372781065089
0.07511505588428666
0.09607166337935569
0.10675542406311637
0.11357659434582512
0.11941157133464826
0.12434253780407627
0.12828731097961868
0.13379355687047995
0.13724523339907954
0.14094345825115057
0.1428336620644313
0.14521696252465482
0.1467784352399737
0.14858645627876396
0.15031229454306377
0.1522024983563445
0.15401051939513477
0.15606508875739644
0.1573800131492439
0.15918803418803418
0.15992767915844838
0.16173570019723865
0.16296844181459566
0.16518737672583828
0.16666666666666666
0.16789940828402367
0.169543063773833
0.17077580539119
0.17192636423405655
0.17315910585141353
0.17389875082182774
0.17537804076265615
0.1764464168310322
0.17759697567389876
0.17841880341880342
0.1797337278106509
0.1804733727810651
0.18137738330046022
0.18261012491781722
0.1839250493096647
0.18482905982905984
0.1854043392504931
0.18647271531886916
0.18721236028928337
0.1876232741617357
0.1883629191321499
0.18926692965154504
0.19049967126890205
0.19074621959237345
0.1913214990138067
0.19189677843523997
0.19247205785667323
0.19312952005259698
0.1935404339250493
0.1937869822485207
0.1940335305719921
0.1941157133464826
0.1947731755424063
0.19534845496383957
0.19567718606180146
0.19649901380670612
0.19699211045364892
0.19756738987508218
0.1984714003944773
0.19888231426692965
0.1997041420118343
0.20011505588428666
0.20085470085470086
0.20126561472715318
0.20167652859960553
0.20233399079552924
0.2027449046679816
0.20332018408941485
0.2037310979618672
0.20405982905982906
0.2044707429322814
0.2049638395792242
0.20570348454963838
0.20611439842209073
0.2064431295200526
0.20677186061801447
0.20726495726495728
0.20775805391190005
0.20808678500986194
0.20849769888231426
0.20882642998027615
0.2089086127547666
0.209155161078238
0.20931952662721892
0.20973044049967127
0.20973044049967127
0.20997698882314267
0.21030571992110453
0.21104536489151873
0.21120973044049968
0.21145627876397108
0.211620644312952
0.21194937541091388
0.21252465483234714
0.21277120315581854
0.21277120315581854
0.21301775147928995
0.2135930309007232
0.21392176199868507
0.21449704142011836
0.21531886916502302
0.21564760026298488
0.21581196581196582
0.21589414858645628
0.21630506245890863
0.2167981591058514
0.21720907297830375
0.2173734385272847
0.21770216962524655
0.2180309007232084
0.21844181459566075
0.21868836291913216
0.21893491124260356
0.21918145956607496
0.21959237343852728
0.22008547008547008
0.22041420118343194
0.22066074950690334
0.22090729783037474
0.2213182117028271
0.22172912557527943
0.22189349112426035
0.2222222222222222
0.2225509533201841
0.2227975016436555
0.22287968441814596
0.2232905982905983
0.22345496383957922
0.22394806048652202
0.22419460880999342
0.22444115713346482
0.22452333990795528
0.22485207100591717
0.22518080210387903
0.22559171597633135
0.2257560815253123
0.2260026298487837
0.2262491781722551
0.22682445759368836
0.2269888231426693
0.22715318869165024
0.22731755424063116
0.22789283366206442
0.22830374753451677
0.2287146614069691
0.22887902695595003
0.2292077580539119
0.22953648915187377
0.2297008547008547
0.23085141354372124
0.23109796186719264
0.23150887573964496
0.2319197896120973
0.23200197238658776
0.2321663379355687
0.23233070348454965
0.23249506903353057
0.23307034845496383
0.23331689677843523
0.23364562787639712
0.23397435897435898
0.23422090729783038
0.23430309007232084
0.2348783694937541
0.23504273504273504
0.23545364891518739
0.2357001972386588
0.23602892833662065
0.2361932938856016
0.2363576594345825
0.23676857330703485
0.23676857330703485
0.2368507560815253
0.2370973044049967
0.23750821827744906
0.23759040105193951
0.23808349769888232
0.23841222879684418
0.23882314266929652
0.23923405654174884
0.23956278763971073
0.23972715318869164
0.23980933596318213
0.2400558842866535
0.240138067061144
0.2405489809335963
0.2407955292570677
0.241370808678501
0.24145299145299146
0.24145299145299146
0.2415351742274819
0.24178172255095332
0.24227481919789612
0.24235700197238658
0.24243918474687706
0.24260355029585798
0.24301446416831032
0.24301446416831032
0.24326101249178173
0.24334319526627218
0.24350756081525313
0.24375410913872453
0.24375410913872453
0.243836291913215
0.24391847468770544
0.2440828402366864
0.24416502301117685
0.24424720578566733
0.24441157133464825
0.2445759368836292
0.24474030243261014
0.24474030243261014
0.2448224852071006
0.245069033530572
0.24523339907955294
0.24539776462853385
0.2454799474030243
0.24564431295200526
0.24572649572649571
0.24572649572649571
0.2458086785009862
0.24613740959894806
0.246301775147929
0.2465483234714004
0.24695923734385272
0.24712360289283367
0.24728796844181458
0.24745233399079553
0.24761669953977647
0.24769888231426693
0.24786324786324787
0.24810979618671927
0.24819197896120973
0.2482741617357002
0.24843852728468113
0.2485207100591716
0.24884944115713348
0.24893162393162394
0.2490138067061144
0.24909598948060485
0.24942472057856674
0.24958908612754765
0.24967126890203814
0.24983563445101906
0.24983563445101906
0.25
0.25008218277449046
0.2502465483234714
0.25041091387245235
0.25057527942143326
0.2507396449704142
0.25106837606837606
0.2511505588428665
0.251232741617357
0.2514792899408284
0.25156147271531887
0.2516436554898093
0.25189020381328076
0.25230111768573305
0.25230111768573305
0.252465483234714
0.2525476660092045
0.2527120315581854
0.2529585798816568
0.2530407626561473
0.2532051282051282
0.25328731097961865
0.25336949375410917
0.25361604207758054
0.2538625904010519
0.2538625904010519
0.2539447731755424
0.2540269559500329
0.25410913872452334
0.2541913214990138
0.25427350427350426
0.2543556870479947
0.2545200525969757
0.25476660092044706
0.25493096646942803
0.2550131492439185
0.2551775147928994
0.25525969756738986
0.2555062458908613
0.25558842866535175
0.25558842866535175
0.2556706114398422
0.2556706114398422
0.2558349769888231
0.2559171597633136
0.2559171597633136
0.256163708086785
0.25624589086127547
0.25632807363576593
0.2564924391847469
0.25657462195923736
0.2569855358316897
0.25706771860618016
0.25747863247863245
0.25756081525312297
0.2577251808021039
0.2577251808021039
0.2577251808021039
0.25797172912557526
0.25805391190006577
0.2581360946745562
0.25830046022353714
0.25830046022353714
0.2583826429980276
0.2583826429980276
0.25862919132149903
0.25879355687047995
0.2588757396449704
0.25912228796844183
0.2592044707429323
0.2592044707429323
0.25928665351742275
0.2593688362919132
0.25945101906640367
0.25977975016436555
0.259861932938856
0.2600262984878369
0.26010848126232744
0.2601906640368179
0.2603550295857988
0.26043721236028927
0.26051939513477973
0.26060157790927024
0.2608481262327416
0.2608481262327416
0.2608481262327416
0.2609303090072321
0.2611768573307035
0.2611768573307035
0.2611768573307035
0.2611768573307035
0.26125904010519396
0.2613412228796844
0.2616699539776463
0.2616699539776463
0.26175213675213677
0.2619165023011177
0.2619165023011177
0.2621630506245891
0.26224523339907957
0.26232741617357
0.2625739644970414
0.2629026955950033
0.26314924391847466
0.2632314266929652
0.26347797501643655
0.26364234056541747
0.263724523339908
0.2638888888888889
0.26397107166337935
0.2640532544378698
0.26413543721236027
0.2642176199868508
0.26429980276134124
0.2643819855358317
0.2643819855358317
0.26446416831032216
0.2646285338593031
0.26471071663379353
0.26495726495726496
0.26495726495726496
0.2650394477317554
0.2650394477317554
0.2651216305062459
0.26528599605522685
0.2655325443786982
0.26569690992767914
0.2658612754766601
0.2658612754766601
0.26594345825115057
0.2661078238001315
0.26627218934911245
0.26643655489809337
0.2665187376725838
0.2666009204470743
0.26668310322156474
0.2668474687705457
0.2668474687705457
0.2668474687705457
0.26701183431952663
0.26717619986850755
0.267258382642998
0.2677514792899408
0.2678336620644313
0.2679158448389218
0.2680802103879027
0.2682445759368836
0.2682445759368836
0.2682445759368836
0.2682445759368836
0.2682445759368836
0.2682445759368836
0.2682445759368836
0.26832675871137407
0.26832675871137407
0.26832675871137407
0.26849112426035504
0.26849112426035504
0.26849112426035504
0.2687376725838264
0.26898422090729784
0.2692307692307692
0.2693129520052597
0.2693951347797502
0.26947731755424065
0.269888231426693
0.269888231426693
0.26997041420118345
0.2700525969756739
0.2700525969756739
0.2700525969756739
0.2700525969756739
0.2700525969756739
0.27013477975016437
0.2702991452991453
0.27046351084812625
0.2705456936226167
0.27062787639710717
0.2707922419460881
0.27087442472057854
0.27112097304405
0.2712853385930309
0.27136752136752135
0.27136752136752135
0.27144970414201186
0.2715318869165023
0.27169625246548323
0.2720249835634451
0.2721071663379356
0.27218934911242604
0.27218934911242604
0.2722715318869165
0.2722715318869165
0.2722715318869165
0.27235371466140695
0.2724358974358974
0.2726002629848784
0.2726002629848784
0.2726002629848784
0.27268244575936884
0.27268244575936884
0.27268244575936884
0.27284681130834976
0.2730933596318212
0.2732577251808021
0.27333990795529256
0.273422090729783
0.273586456278764
0.27383300460223536
0.2739151873767258
0.2740795529257068
0.27416173570019725
0.2742439184746877
0.27432610124917817
0.27432610124917817
0.2744082840236686
0.2744904667981591
0.2744904667981591
0.2745726495726496
0.2745726495726496
0.27465483234714005
0.2747370151216305
0.2747370151216305
0.2747370151216305
0.27481919789612097
0.2749835634451019
0.2752301117685733
0.2752301117685733
0.2753122945430638
0.2753122945430638
0.27539447731755423
0.27539447731755423
0.27555884286653515
0.27564102564102566
0.2757232084155161
0.2757232084155161
0.2759697567389875
0.27613412228796846
0.2762163050624589
0.2762163050624589
0.2762984878369494
0.2764628533859303
0.27654503616042075
0.27654503616042075
0.27662721893491127
0.2767915844838922
0.2767915844838922
0.27687376725838264
0.27687376725838264
0.27687376725838264
0.27687376725838264
0.27687376725838264
0.27687376725838264
0.27687376725838264
0.27687376725838264
0.27703813280736356
0.27712031558185407
0.27712031558185407
0.27712031558185407
0.27712031558185407
0.27720249835634453
0.27720249835634453
0.27720249835634453
0.27720249835634453
0.27720249835634453
0.277284681130835
0.277284681130835
0.277284681130835
0.2774490466798159
0.27753122945430636
0.2776134122287968
0.2777777777777778
0.2777777777777778
0.2777777777777778
0.2777777777777778
0.27785996055226825
0.2779421433267587
0.2779421433267587
0.27802432610124916
0.2781065088757396
0.2781065088757396
0.2782708744247206
0.2782708744247206
0.2784352399737015
0.27851742274819197
0.27851742274819197
0.27868178829717294
0.27868178829717294
0.27884615384615385
0.27884615384615385
0.2789283366206443
0.27901051939513477
0.27909270216962523
0.27909270216962523
0.2791748849441157
0.2791748849441157
0.2792570677186062
0.2795036160420776
0.2795036160420776
0.27958579881656803
0.27958579881656803
0.27958579881656803
0.27958579881656803
0.27958579881656803
0.2796679815910585
0.2796679815910585
0.279750164365549
0.279750164365549
0.279750164365549
0.279750164365549
0.279750164365549
0.27983234714003946
0.27983234714003946
0.2799145299145299
0.2801610782380013
0.2802432610124918
0.2802432610124918
0.2804076265614727
0.2806541748849441
0.2807363576594346
0.2807363576594346
0.2809007232084155
0.280982905982906
0.280982905982906
0.28106508875739644
0.2811472715318869
0.2811472715318869
0.28131163708086787
0.28139381985535833
0.28155818540433925
0.28155818540433925
0.28155818540433925
0.28172255095332016
0.28172255095332016
0.28188691650230113
0.28188691650230113
0.28205128205128205
0.28205128205128205
0.28205128205128205
0.28221564760026296
0.28221564760026296
0.2822978303747535
0.2824621959237344
0.2824621959237344
0.28270874424720577
0.28270874424720577
0.28270874424720577
0.28270874424720577
0.28270874424720577
0.28270874424720577
0.28287310979618674
0.2829552925706772
0.2829552925706772
0.28303747534516766
0.28328402366863903
0.28328402366863903
0.28336620644312954
0.28344838921762
0.28344838921762
0.28353057199211046
0.28353057199211046
0.28353057199211046
0.2836127547666009
0.2836949375410914
0.28385930309007235
0.2839414858645628
0.2839414858645628
0.2839414858645628
0.2841058514135437
0.2841880341880342
0.2841880341880342
0.28427021696252464
0.28435239973701515
0.28435239973701515
0.2844345825115056
0.2844345825115056
0.2844345825115056
0.2844345825115056
0.2844345825115056
0.2845989480604865
0.284681130834977
0.284681130834977
0.2848454963839579
0.2848454963839579
0.2849276791584484
0.2853385930309007
0.28550295857988167
0.28558514135437213
0.28574950690335305
0.285913872452334
0.285913872452334
0.2859960552268245
0.2859960552268245
0.2861604207758054
0.28624260355029585
0.2863247863247863
0.2863247863247863
0.2863247863247863
0.28640696909927676
0.28657133464825774
0.28657133464825774
0.28657133464825774
0.2866535174227482
0.2866535174227482
0.28673570019723865
0.2868178829717291
0.28706443129520054
0.2873109796186719
0.28739316239316237
0.2874753451676529
0.28755752794214334
0.2878040762656147
0.2878040762656147
0.2878040762656147
0.2878040762656147
0.2878040762656147
0.2878862590401052
0.2879684418145957
0.28805062458908615
0.2881328073635766
0.2881328073635766
0.2881328073635766
0.28821499013806706
0.28821499013806706
0.28821499013806706
0.28821499013806706
0.28821499013806706
0.2882971729125575
0.2882971729125575
0.2882971729125575
0.2882971729125575
0.288379355687048
0.28846153846153844
0.28846153846153844
0.28854372123602895
0.2886259040105194
0.2887902695595003
0.2887902695595003
0.2888724523339908
0.2888724523339908
0.28895463510848124
0.28895463510848124
0.28903681788297175
0.28903681788297175
0.28903681788297175
0.28903681788297175
0.28903681788297175
0.28903681788297175
0.2891190006574622
0.28920118343195267
0.2892833662064431
0.2892833662064431
0.2892833662064431
0.2892833662064431
0.2893655489809336
0.2893655489809336
0.28952991452991456
0.289612097304405
0.289612097304405
0.28969428007889547
0.28977646285338593
0.28994082840236685
0.2900230111768573
0.2900230111768573
0.2900230111768573
0.2900230111768573
0.2901873767258383
0.29026955950032873
0.2903517422748192
0.2903517422748192
0.2903517422748192
0.29043392504930965
0.29043392504930965
0.2905161078238001
0.2905982905982906
0.29076265614727154
0.29076265614727154
0.29076265614727154
0.29092702169625245
0.29092702169625245
0.29092702169625245
0.29092702169625245
0.2910092044707429
0.2910913872452334
0.2910913872452334
0.2910913872452334
0.2910913872452334
0.2910913872452334
0.29125575279421434
0.2913379355687048
0.2915844838921762
0.2915844838921762
0.2916666666666667
0.29174884944115714
0.29174884944115714
0.2918310322156476
0.292077580539119
0.292077580539119
0.292077580539119
0.2921597633136095
0.29224194608809995
0.2923241288625904
0.2923241288625904
0.29240631163708086
0.29240631163708086
0.2924884944115713
0.2924884944115713
0.2924884944115713
0.2924884944115713
0.2924884944115713
0.2925706771860618
0.2928172255095332
0.2930637738330046
0.2930637738330046
0.2930637738330046
0.2930637738330046
0.29322813938198555
0.29339250493096647
0.2934746877054569
0.2935568704799474
0.2935568704799474
0.29363905325443784
0.29363905325443784
0.29363905325443784
0.29363905325443784
0.29363905325443784
0.29363905325443784
0.29372123602892836
0.2938034188034188
0.2938856015779093
0.29396778435239973
0.29396778435239973
0.2940499671268902
0.2940499671268902
0.2940499671268902
0.29413214990138065
0.29421433267587116
0.2942965154503616
0.2942965154503616
0.2942965154503616
0.2942965154503616
0.2942965154503616
0.2942965154503616
0.29446088099934253
0.29446088099934253
0.294543063773833
0.294543063773833
0.2947896120973044
0.2947896120973044
0.2947896120973044
0.2948717948717949
0.2948717948717949
0.2948717948717949
0.2950361604207758
0.29511834319526625
0.29511834319526625
0.29511834319526625
0.29511834319526625
0.29511834319526625
0.29511834319526625
0.29511834319526625
0.29511834319526625
0.29511834319526625
0.29511834319526625
0.29511834319526625
0.29511834319526625
0.2952827087442472
0.2952827087442472
0.2952827087442472
0.2952827087442472
0.29544707429322814
0.29544707429322814
0.29544707429322814
0.29544707429322814
0.29561143984220906
0.29577580539119
0.29577580539119
0.29577580539119
0.29594017094017094
0.29594017094017094
0.2960223537146614
0.29610453648915186
0.2961867192636423
0.2961867192636423
0.29626890203813283
0.29626890203813283
0.2963510848126233
0.29643326758711375
0.2965154503616042
0.29659763313609466
0.29659763313609466
0.29659763313609466
0.29659763313609466
0.29676199868507563
0.29676199868507563
0.29676199868507563
0.297008547008547
0.29709072978303747
0.29709072978303747
0.29709072978303747
0.29709072978303747
0.2971729125575279
0.2971729125575279
0.2971729125575279
0.2971729125575279
0.2971729125575279
0.2972550953320184
0.29741946088099935
0.29741946088099935
0.29758382642998027
0.29758382642998027
0.2976660092044707
0.2976660092044707
0.2976660092044707
0.2976660092044707
0.2976660092044707
0.2978303747534517
0.2978303747534517
0.2979947403024326
0.2979947403024326
0.2979947403024326
0.2979947403024326
0.2980769230769231
0.2980769230769231
0.29815910585141353
0.29815910585141353
0.29815910585141353
0.298241288625904
0.298241288625904
0.2983234714003945
0.29840565417488496
0.2985700197238659
0.29865220249835633
0.29865220249835633
0.2988165680473373
0.29889875082182776
0.2989809335963182
0.2989809335963182
0.2990631163708087
0.29914529914529914
0.29930966469428005
0.29930966469428005
0.299474030243261
0.29963839579224194
0.29963839579224194
0.2997205785667324
0.29980276134122286
0.29988494411571337
0.29988494411571337
0.29988494411571337
0.29996712689020383
0.29996712689020383
0.29996712689020383
0.3000493096646943
0.30013149243918474
0.30013149243918474
0.3002136752136752
0.3002136752136752
0.30029585798816566
0.30029585798816566
0.3003780407626562
0.30046022353714663
0.30046022353714663
0.30046022353714663
0.3005424063116371
0.30062458908612755
0.30062458908612755
0.300706771860618
0.300706771860618
0.300706771860618
0.300706771860618
0.300706771860618
0.30078895463510846
0.30078895463510846
0.30078895463510846
0.30078895463510846
0.30078895463510846
0.3008711374095989
0.3010355029585799
0.30111768573307035
0.3011998685075608
0.3013642340565417
0.3013642340565417
0.3013642340565417
0.3013642340565417
0.30144641683103224
0.30144641683103224
0.3015285996055227
0.3015285996055227
0.3015285996055227
0.3015285996055227
0.30161078238001315
0.30161078238001315
0.3016929651545036
0.3016929651545036
0.3016929651545036
0.30177514792899407
0.30177514792899407
0.30177514792899407
0.30177514792899407
0.30177514792899407
0.3018573307034845
0.3018573307034845
0.3018573307034845
0.3018573307034845
0.3018573307034845
0.3018573307034845
0.3018573307034845
0.3018573307034845
0.3018573307034845
0.3018573307034845
0.3020216962524655
0.3020216962524655
0.3020216962524655
0.3020216962524655
0.3020216962524655
0.3020216962524655
0.30210387902695596
0.3021860618014464
0.3021860618014464
0.3021860618014464
0.3021860618014464
0.3021860618014464
0.3022682445759369
0.30235042735042733
0.30243261012491784
0.30243261012491784
0.30243261012491784
0.30243261012491784
0.30243261012491784
0.3026791584483892
0.3026791584483892
0.3026791584483892
0.3026791584483892
0.3026791584483892
0.3027613412228797
0.3027613412228797
0.3027613412228797
0.3027613412228797
0.30284352399737013
0.3029257067718606
0.3029257067718606
0.3030078895463511
0.30309007232084156
0.30309007232084156
0.3032544378698225
0.3032544378698225
0.30333662064431294
0.3034188034188034
0.3034188034188034
