0.05473372781065089
0.07470414201183433
0.09615384615384616
0.10659105851413543
0.11291913214990137
0.1178500986193294
0.12319197896120973
0.12779421433267588
0.13132807363576596
0.13634122287968442
0.14020381328073636
0.1420940170940171
0.1440664036817883
0.14612097304404997
0.1475180802103879
0.14932610124917817
0.15129848783694938
0.1527777777777778
0.15483234714003946
0.15639381985535833
0.1581196581196581
0.15927021696252466
0.16017422748191978
0.16198224852071005
0.1631328073635766
0.16526955950032873
0.16650230111768574
0.16798159105851412
0.16946088099934253
0.17077580539119
0.17233727810650887
0.17324128862590402
0.17430966469428008
0.1755424063116371
0.17661078238001315
0.17767915844838922
0.17858316896778434
0.17965154503616043
0.180637738330046
0.18154174884944116
0.18269230769230768
0.1836785009861933
0.18474687705456935
0.1854043392504931
0.18630834976988822
0.18721236028928337
0.1878698224852071
0.18828073635765943
0.1891025641025641
0.19017094017094016
0.1908284023668639
0.1915680473372781
0.19214332675871137
0.19247205785667323
0.1932938856015779
0.1935404339250493
0.1940335305719921
0.194362261669954
0.1945266272189349
0.19485535831689677
0.19559500328731097
0.19592373438527286
0.19649901380670612
0.19715647600262984
0.19740302432610124
0.1983070348454964
0.19888231426692965
0.1997041420118343
0.20019723865877712
0.20101906640368178
0.20159434582511507
0.20208744247205784
0.20282708744247205
0.20340236686390534
0.20381328073635765
0.20422419460881
0.20463510848126232
0.20512820512820512
0.20562130177514792
0.20611439842209073
0.20636094674556213
0.20701840894148588
0.20751150558842865
0.2081689677843524
0.20833333333333334
0.20874424720578566
0.20907297830374755
0.20973044049967127
0.20981262327416172
0.21005917159763313
0.21022353714661407
0.21047008547008547
0.21071663379355687
0.21096318211702828
0.21129191321499013
0.2118671926364234
0.21219592373438528
0.2123602892833662
0.21293556870479946
0.2130999342537804
0.21342866535174226
0.21375739644970415
0.21416831032215647
0.21425049309664695
0.21449704142011836
0.21515450361604208
0.21548323471400394
0.21581196581196582
0.21671597633136094
0.21696252465483234
0.21770216962524655
0.217784352399737
0.2181130834976989
0.21877054569362261
0.21885272846811307
0.21918145956607496
0.21975673898750822
0.22008547008547008
0.22041420118343194
0.22057856673241288
0.22074293228139383
0.22123602892833663
0.2213182117028271
0.22164694280078895
0.22238658777120315
0.22263313609467456
0.22287968441814596
0.2232905982905983
0.22361932938856016
0.22411242603550297
0.22435897435897437
0.22452333990795528
0.22452333990795528
0.22509861932938857
0.22542735042735043
0.2255095332018409
0.22592044707429323
0.2262491781722551
0.2267422748191979
0.2272353714661407
0.22739973701512162
0.22764628533859302
0.2279750164365549
0.22830374753451677
0.22879684418145957
0.22887902695595003
0.2292077580539119
0.2294543063773833
0.2299474030243261
0.23011176857330704
0.2301939513477975
0.23052268244575938
0.23126232741617356
0.2319197896120973
0.2321663379355687
0.23233070348454965
0.2329059829059829
0.2331525312294543
0.23331689677843523
0.23438527284681132
0.23454963839579224
0.23496055226824458
0.23528928336620644
0.2353714661406969
0.23553583168967784
0.2356180144641683
0.23578238001314925
0.23627547666009205
0.23652202498356345
0.23693293885601577
0.23750821827744906
0.23759040105193951
0.23783694937541092
0.23808349769888232
0.23849441157133464
0.23874095989480604
0.23923405654174884
0.23956278763971073
0.23980933596318213
0.23997370151216305
0.23997370151216305
0.2400558842866535
0.2400558842866535
0.24071334648257725
0.2408777120315582
0.2411242603550296
0.24145299145299146
0.24186390532544377
0.24211045364891517
0.24260355029585798
0.24293228139381987
0.24301446416831032
0.24317882971729127
0.24350756081525313
0.24350756081525313
0.24375410913872453
0.24391847468770544
0.24441157133464825
0.24465811965811965
0.2448224852071006
0.24498685075608154
0.24539776462853385
0.24564431295200526
0.24572649572649571
0.24589086127547666
0.2460552268244576
0.24621959237343852
0.24621959237343852
0.24638395792241946
0.2465483234714004
0.24671268902038132
0.24687705456936226
0.24695923734385272
0.2470414201183432
0.24712360289283367
0.24728796844181458
0.24728796844181458
0.24737015121630507
0.24769888231426693
0.24786324786324787
0.2480276134122288
0.24810979618671927
0.24819197896120973
0.2485207100591716
0.24868507560815253
0.24909598948060485
0.24909598948060485
0.24917817225509534
0.2492603550295858
0.24934253780407625
0.24967126890203814
0.24991781722550954
0.2501643655489809
0.2503287310979619
0.25041091387245235
0.2506574621959237
0.25090401051939515
0.2509861932938856
0.251232741617357
0.25139710716633795
0.2514792899408284
0.2517258382642998
0.2518080210387903
0.25189020381328076
0.2519723865877712
0.25205456936226167
0.25238330046022356
0.252465483234714
0.25262984878369493
0.2530407626561473
0.25328731097961865
0.25336949375410917
0.2534516765285996
0.25361604207758054
0.25361604207758054
0.253698224852071
0.2538625904010519
0.2540269559500329
0.2541913214990138
0.2545200525969757
0.2548487836949375
0.2551775147928994
0.25525969756738986
0.2553418803418803
0.25542406311637084
0.2555062458908613
0.2558349769888231
0.25624589086127547
0.25632807363576593
0.2564924391847469
0.2564924391847469
0.2566568047337278
0.2566568047337278
0.2569033530571992
0.2569033530571992
0.2571499013806706
0.2572320841551611
0.2577251808021039
0.25797172912557526
0.25805391190006577
0.2581360946745562
0.2581360946745562
0.2582182774490467
0.2583826429980276
0.2583826429980276
0.2583826429980276
0.25854700854700857
0.25879355687047995
0.2588757396449704
0.25895792241946086
0.25912228796844183
0.25928665351742275
0.25945101906640367
0.2596975673898751
0.25994411571334647
0.25994411571334647
0.26010848126232744
0.2601906640368179
0.26027284681130836
0.2603550295857988
0.2603550295857988
0.2606837606837607
0.2606837606837607
0.2608481262327416
0.2609303090072321
0.26101249178172253
0.2611768573307035
0.2613412228796844
0.2616699539776463
0.26199868507560814
0.2620808678500986
0.2621630506245891
0.2627383300460224
0.26298487836949375
0.26298487836949375
0.2632314266929652
0.26331360946745563
0.263560157790927
0.263560157790927
0.26364234056541747
0.26380670611439844
0.26397107166337935
0.2642176199868508
0.2645463510848126
0.2646285338593031
0.26471071663379353
0.2650394477317554
0.26528599605522685
0.26545036160420776
0.2655325443786982
0.26569690992767914
0.26569690992767914
0.2658612754766601
0.26594345825115057
0.266025641025641
0.26619000657462194
0.26668310322156474
0.2667652859960552
0.2668474687705457
0.2669296515450362
0.2670940170940171
0.267258382642998
0.2675871137409599
0.26766929651545035
0.26766929651545035
0.2677514792899408
0.2677514792899408
0.2678336620644313
0.2679158448389218
0.26799802761341224
0.26816239316239315
0.2684089414858646
0.2685733070348455
0.2688198553583169
0.2690664036817883
0.26914858645627876
0.26947731755424065
0.2695595003287311
0.2698060486522025
0.2700525969756739
0.27038132807363574
0.27071005917159763
0.27071005917159763
0.2710387902695595
0.27112097304405
0.27112097304405
0.27120315581854043
0.2712853385930309
0.2715318869165023
0.2716140696909928
0.27169625246548323
0.27169625246548323
0.2719428007889546
0.2719428007889546
0.2721071663379356
0.27218934911242604
0.27218934911242604
0.27235371466140695
0.2726002629848784
0.2727646285338593
0.2729289940828402
0.27301117685733073
0.2730933596318212
0.2732577251808021
0.27333990795529256
0.27333990795529256
0.273422090729783
0.27366863905325445
0.2737508218277449
0.2737508218277449
0.2737508218277449
0.27383300460223536
0.2739151873767258
0.2740795529257068
0.2742439184746877
0.27432610124917817
0.2745726495726496
0.2747370151216305
0.2750657462195924
0.2752301117685733
0.27539447731755423
0.27564102564102566
0.2758053911900066
0.2758053911900066
0.27588757396449703
0.27588757396449703
0.27605193951347795
0.27613412228796846
0.2762163050624589
0.2762163050624589
0.2762163050624589
0.2762163050624589
0.27638067061143984
0.2764628533859303
0.2764628533859303
0.27662721893491127
0.2767094017094017
0.2767915844838922
0.27703813280736356
0.27720249835634453
0.27720249835634453
0.277284681130835
0.277284681130835
0.27753122945430636
0.27769559500328733
0.27769559500328733
0.27769559500328733
0.27769559500328733
0.27769559500328733
0.27785996055226825
0.2782708744247206
0.27851742274819197
0.2785996055226824
0.27868178829717294
0.27884615384615385
0.27909270216962523
0.2791748849441157
0.27933925049309666
0.2794214332675871
0.2795036160420776
0.2795036160420776
0.2795036160420776
0.279750164365549
0.27983234714003946
0.2799145299145299
0.28007889546351084
0.28007889546351084
0.2804076265614727
0.2804076265614727
0.2804076265614727
0.2804898093359632
0.2804898093359632
0.2807363576594346
0.28081854043392507
0.2809007232084155
0.280982905982906
0.28106508875739644
0.28131163708086787
0.28139381985535833
0.28155818540433925
0.28172255095332016
0.2819690992767916
0.2819690992767916
0.28205128205128205
0.28238001314924394
0.28238001314924394
0.28254437869822485
0.28270874424720577
0.2827909270216962
0.28303747534516766
0.2831196581196581
0.28328402366863903
0.28328402366863903
0.28328402366863903
0.28328402366863903
0.28328402366863903
0.28328402366863903
0.28344838921762
0.28353057199211046
0.2836127547666009
0.2836949375410914
0.28385930309007235
0.2841058514135437
0.2841880341880342
0.28451676528599606
0.28451676528599606
0.28451676528599606
0.284681130834977
0.284681130834977
0.2848454963839579
0.2848454963839579
0.2848454963839579
0.2849276791584484
0.2849276791584484
0.2850920447074293
0.28525641025641024
0.2853385930309007
0.2853385930309007
0.2853385930309007
0.2854207758053912
0.28558514135437213
0.2856673241288626
0.28574950690335305
0.285913872452334
0.28607823800131493
0.28607823800131493
0.2861604207758054
0.2861604207758054
0.28624260355029585
0.2863247863247863
0.2863247863247863
0.2863247863247863
0.2864891518737673
0.28657133464825774
0.28657133464825774
0.2866535174227482
0.28673570019723865
0.2868178829717291
0.28690006574621957
0.28690006574621957
0.28706443129520054
0.287146614069691
0.28722879684418146
0.28722879684418146
0.28722879684418146
0.2873109796186719
0.2873109796186719
0.2873109796186719
0.2873109796186719
0.2873109796186719
0.2873109796186719
0.2874753451676529
0.28755752794214334
0.2876397107166338
0.2876397107166338
0.2878040762656147
0.2878040762656147
0.2878040762656147
0.2878862590401052
0.2878862590401052
0.2878862590401052
0.2882971729125575
0.2882971729125575
0.288379355687048
0.28846153846153844
0.28854372123602895
0.2886259040105194
0.2887902695595003
0.28903681788297175
0.2891190006574622
0.28920118343195267
0.28920118343195267
0.2892833662064431
0.28944773175542404
0.28969428007889547
0.28977646285338593
0.28977646285338593
0.28977646285338593
0.28994082840236685
0.28994082840236685
0.28994082840236685
0.2900230111768573
0.2900230111768573
0.2901051939513478
0.2901873767258383
0.29026955950032873
0.2903517422748192
0.2903517422748192
0.2903517422748192
0.2903517422748192
0.29043392504930965
0.2905161078238001
0.2906804733727811
0.29092702169625245
0.2911735700197239
0.2911735700197239
0.2913379355687048
0.2915844838921762
0.2915844838921762
0.29174884944115714
0.2919953977646285
0.292077580539119
0.2921597633136095
0.2921597633136095
0.29224194608809995
0.2923241288625904
0.29240631163708086
0.2925706771860618
0.2926528599605523
0.29273504273504275
0.29273504273504275
0.29273504273504275
0.29289940828402367
0.2930637738330046
0.2931459566074951
0.2931459566074951
0.29339250493096647
0.29339250493096647
0.2934746877054569
0.2934746877054569
0.2935568704799474
0.29372123602892836
0.2938856015779093
0.29396778435239973
0.29396778435239973
0.2940499671268902
0.2940499671268902
0.29413214990138065
0.29413214990138065
0.2942965154503616
0.29446088099934253
0.294543063773833
0.29462524654832345
0.29462524654832345
0.2948717948717949
0.29495397764628534
0.2950361604207758
0.2950361604207758
0.29520052596975677
0.2952827087442472
0.2952827087442472
0.29544707429322814
0.29544707429322814
0.29561143984220906
0.2956936226166995
0.2956936226166995
0.29577580539119
0.29594017094017094
0.2960223537146614
0.2960223537146614
0.2961867192636423
0.2963510848126233
0.2963510848126233
0.2963510848126233
0.29643326758711375
0.2965154503616042
0.2965154503616042
0.29659763313609466
0.29659763313609466
0.2966798159105851
0.29692636423405655
0.297008547008547
0.29709072978303747
0.2972550953320184
0.2973372781065089
0.2975016436554898
0.2978303747534517
0.29791255752794216
0.29815910585141353
0.29815910585141353
0.29815910585141353
0.298241288625904
0.2983234714003945
0.2984878369493754
0.2985700197238659
0.29865220249835633
0.2987343852728468
0.2987343852728468
0.2987343852728468
0.2988165680473373
0.29889875082182776
0.29889875082182776
0.2989809335963182
0.2989809335963182
0.2989809335963182
0.2992274819197896
0.299474030243261
0.29963839579224194
0.29980276134122286
0.29980276134122286
0.29980276134122286
0.30029585798816566
0.30046022353714663
0.30046022353714663
0.30046022353714663
0.3005424063116371
0.3005424063116371
0.3005424063116371
0.30062458908612755
0.300706771860618
0.300706771860618
0.3008711374095989
0.3008711374095989
0.3008711374095989
0.30095332018408943
0.30095332018408943
0.30095332018408943
0.30095332018408943
0.30111768573307035
0.30111768573307035
0.30111768573307035
0.3011998685075608
0.3015285996055227
0.3015285996055227
0.3015285996055227
0.30161078238001315
0.30177514792899407
0.30193951347797504
0.3020216962524655
0.3020216962524655
0.3020216962524655
0.30210387902695596
0.30210387902695596
0.3022682445759369
0.30235042735042733
0.30235042735042733
0.30235042735042733
0.3025147928994083
0.3025147928994083
0.3025147928994083
0.3025147928994083
0.30259697567389876
0.3026791584483892
0.3027613412228797
0.3027613412228797
0.3029257067718606
0.3029257067718606
0.3029257067718606
0.3030078895463511
0.3030078895463511
0.30309007232084156
0.303172255095332
0.3032544378698225
0.3034188034188034
0.3035009861932939
0.3035009861932939
0.30358316896778437
0.30358316896778437
0.30358316896778437
0.3036653517422748
0.3037475345167653
0.30382971729125574
0.3039940828402367
0.30407626561472717
0.30415844838921763
0.30432281393819854
0.30456936226167
0.30456936226167
0.30456936226167
0.3047337278106509
0.3047337278106509
0.3047337278106509
0.3047337278106509
0.30498027613412226
0.3050624589086128
0.3050624589086128
0.3052268244575937
0.30530900723208415
0.3055555555555556
0.3055555555555556
0.3055555555555556
0.30563773833004604
0.30580210387902695
0.30596646942800787
0.30596646942800787
0.30596646942800787
0.30596646942800787
0.30596646942800787
0.3062130177514793
0.3062130177514793
0.30629520052596976
0.3063773833004602
0.3063773833004602
0.3063773833004602
0.30654174884944113
0.30654174884944113
0.30654174884944113
0.30654174884944113
0.30662393162393164
0.3067061143984221
0.30678829717291256
0.306870479947403
0.306870479947403
0.3069526627218935
0.30703484549638393
0.30703484549638393
0.30711702827087445
0.3071992110453649
0.3071992110453649
0.3071992110453649
0.3073635765943458
0.3073635765943458
0.30752794214332674
0.30761012491781725
0.30761012491781725
0.30777449046679817
0.3078566732412886
0.3079388560157791
0.3079388560157791
0.30802103879026954
0.30810322156476
0.30810322156476
0.30810322156476
0.30810322156476
0.3081854043392505
0.30826758711374097
0.30826758711374097
0.30834976988823143
0.30834976988823143
0.30834976988823143
0.3084319526627219
0.30851413543721234
0.3085963182117028
0.3086785009861933
0.3086785009861933
0.30884286653517423
0.3089250493096647
0.30900723208415515
0.3091715976331361
0.3091715976331361
0.3092537804076266
0.3094181459566075
0.3096646942800789
0.30982905982905984
0.3099112426035503
0.3099112426035503
0.3099112426035503
0.3099112426035503
0.3099112426035503
0.3099112426035503
0.30999342537804075
0.30999342537804075
0.30999342537804075
0.30999342537804075
0.30999342537804075
0.30999342537804075
0.30999342537804075
0.30999342537804075
0.3100756081525312
0.31015779092702167
0.31015779092702167
0.3102399737015122
0.3102399737015122
0.3102399737015122
0.3102399737015122
0.3102399737015122
0.31032215647600264
0.31032215647600264
0.31032215647600264
0.3104043392504931
0.3104043392504931
0.3104043392504931
0.3104043392504931
0.31048652202498356
0.3106508875739645
0.31081525312294545
0.31081525312294545
0.31081525312294545
0.31081525312294545
0.3108974358974359
0.31097961867192636
0.31097961867192636
0.3110618014464168
0.3110618014464168
0.3111439842209073
0.3111439842209073
0.3111439842209073
0.3113905325443787
0.31147271531886916
0.3115548980933596
0.3115548980933596
0.31171926364234054
0.31171926364234054
0.3118836291913215
0.31196581196581197
0.31196581196581197
0.31196581196581197
0.31196581196581197
0.31196581196581197
0.3120479947403024
0.3120479947403024
0.3121301775147929
0.3121301775147929
0.31221236028928334
0.31221236028928334
0.31229454306377386
0.31229454306377386
0.3123767258382643
0.31254109138724523
0.31254109138724523
0.3126232741617357
0.3126232741617357
0.3128698224852071
0.31303418803418803
0.31303418803418803
0.3131163708086785
0.31319855358316895
0.31319855358316895
0.3133629191321499
0.3133629191321499
0.3134451019066404
0.3136094674556213
0.3136094674556213
0.31369165023011175
0.31369165023011175
0.31369165023011175
0.31369165023011175
0.31369165023011175
0.31369165023011175
0.3137738330046022
0.3138560157790927
0.3138560157790927
0.3138560157790927
0.3138560157790927
0.3138560157790927
0.3138560157790927
0.3139381985535832
0.3139381985535832
0.3141025641025641
0.31418474687705455
0.314266929651545
0.314266929651545
0.3143491124260355
0.3143491124260355
0.3143491124260355
0.3143491124260355
0.314431295200526
0.31451347797501644
0.3145956607495069
0.31467784352399736
0.31467784352399736
0.3147600262984878
0.31484220907297833
0.3149243918474688
0.31500657462195925
0.3150887573964497
0.3150887573964497
0.31517094017094016
0.31517094017094016
0.3152531229454306
0.3152531229454306
0.3152531229454306
0.3153353057199211
0.3153353057199211
0.3154174884944116
0.3154174884944116
0.31549967126890205
0.3155818540433925
0.31566403681788296
0.31566403681788296
0.3157462195923734
0.3158284023668639
0.3159105851413544
0.3159105851413544
0.3159105851413544
0.3159105851413544
0.3160749506903353
0.3163214990138067
0.3163214990138067
0.3163214990138067
0.3163214990138067
0.3164036817882972
0.31648586456278766
0.31648586456278766
0.3165680473372781
0.3165680473372781
0.31665023011176857
0.31673241288625903
0.3168145956607495
0.3168145956607495
0.31689677843524
0.3170611439842209
0.3170611439842209
0.3170611439842209
0.3170611439842209
0.31722550953320183
0.31722550953320183
0.31722550953320183
0.31722550953320183
0.31722550953320183
0.31722550953320183
0.3173076923076923
0.31738987508218275
0.31738987508218275
0.31738987508218275
0.31747205785667326
0.31747205785667326
0.31747205785667326
0.31747205785667326
0.31747205785667326
0.3176364234056542
0.31771860618014464
0.3178007889546351
0.3178007889546351
0.31796515450361607
0.31796515450361607
0.3180473372781065
0.3180473372781065
0.3180473372781065
0.3180473372781065
0.3180473372781065
0.3180473372781065
0.3180473372781065
0.3180473372781065
0.318129520052597
0.318129520052597
0.31821170282708744
0.3182938856015779
0.3182938856015779
0.3182938856015779
0.3182938856015779
