0.05629520052596976
0.08251150558842867
0.09467455621301775
0.10100262984878369
0.10872781065088757
0.11415187376725838
0.11965811965811966
0.12516436554898094
0.131163708086785
0.13568376068376067
0.13847797501643655
0.14110782380013148
0.1445595003287311
0.14669625246548323
0.14916173570019725
0.15179158448389218
0.15491452991452992
0.15779092702169625
0.160913872452334
0.16296844181459566
0.1651051939513478
0.16625575279421434
0.168310322156476
0.1700361604207758
0.17167981591058515
0.17348783694937542
0.17488494411571334
0.1766929651545036
0.17809007232084156
0.17915844838921763
0.18055555555555555
0.1812130177514793
0.18219921104536488
0.18302103879026957
0.1836785009861933
0.1844181459566075
0.1851577909270217
0.18622616699539776
0.18729454306377383
0.18844510190664038
0.18943129520052596
0.19066403681788296
0.19140368178829717
0.19165023011176857
0.1930473372781065
0.1937869822485207
0.1947731755424063
0.1952662721893491
0.19592373438527286
0.19658119658119658
0.19764957264957264
0.1983070348454964
0.1992110453648915
0.19995069033530571
0.20077251808021038
0.20126561472715318
0.20192307692307693
0.20241617357001973
0.20332018408941485
0.20414201183431951
0.20479947403024326
0.20562130177514792
0.20652531229454307
0.2074293228139382
0.20857988165680474
0.20956607495069032
0.21022353714661407
0.21088099934253782
0.2118671926364234
0.21252465483234714
0.21326429980276135
0.214086127547666
0.21474358974358973
0.21531886916502302
0.21581196581196582
0.21630506245890863
0.2170447074293228
0.2176199868507561
0.21835963182117027
0.21901709401709402
0.21983892176199868
0.22000328731097962
0.22041420118343194
0.22098948060486523
0.2215647600262985
0.2222222222222222
0.2223044049967127
0.2227975016436555
0.22312623274161736
0.22386587771203156
0.22419460880999342
0.22476988823142668
0.22518080210387903
0.22567389875082183
0.22592044707429323
0.2262491781722551
0.22707100591715976
0.22739973701512162
0.22805719921104536
0.2282215647600263
0.2287146614069691
0.2292077580539119
0.22937212360289283
0.22978303747534518
0.2299474030243261
0.2311801446416831
0.23150887573964496
0.2319197896120973
0.23224852071005916
0.23282380013149243
0.2331525312294543
0.23348126232741617
0.23380999342537803
0.23389217619986852
0.23430309007232084
0.2346318211702827
0.23504273504273504
0.2356180144641683
0.2356180144641683
0.2358645627876397
0.2363576594345825
0.23693293885601577
0.2370973044049967
0.23750821827744906
0.23783694937541092
0.23816568047337278
0.23849441157133464
0.23890532544378698
0.23906969099276792
0.23956278763971073
0.2398915187376726
0.2400558842866535
0.24022024983563445
0.2406311637080868
0.24095989480604865
0.24120644312952005
0.2415351742274819
0.24178172255095332
0.24235700197238658
0.24260355029585798
0.24276791584483892
0.24317882971729127
0.24358974358974358
0.24367192636423404
0.24375410913872453
0.24400065746219593
0.2443293885601578
0.2448224852071006
0.24498685075608154
0.24523339907955294
0.2454799474030243
0.24597304404996712
0.24720578566732412
0.24753451676528598
0.24778106508875739
0.24794543063773833
0.24843852728468113
0.24868507560815253
0.24893162393162394
0.24909598948060485
0.2492603550295858
0.24983563445101906
0.2501643655489809
0.2503287310979619
0.2504930966469428
0.25057527942143326
0.25106837606837606
0.25139710716633795
0.2517258382642998
0.2518080210387903
0.2522189349112426
0.2527120315581854
0.25287639710716636
0.25328731097961865
0.25336949375410917
0.2543556870479947
0.2550131492439185
0.25525969756738986
0.25542406311637084
0.25558842866535175
0.2556706114398422
0.2559171597633136
0.256163708086785
0.25632807363576593
0.2564102564102564
0.25682117028270873
0.25706771860618016
0.25747863247863245
0.25780736357659434
0.2578895463510848
0.25805391190006577
0.25846482577251806
0.25846482577251806
0.25862919132149903
0.25879355687047995
0.25879355687047995
0.25895792241946086
0.2590401051939514
0.25912228796844183
0.25961538461538464
0.25977975016436555
0.2600262984878369
0.26010848126232744
0.2603550295857988
0.2603550295857988
0.2606837606837607
0.2608481262327416
0.2609303090072321
0.2609303090072321
0.2611768573307035
0.2613412228796844
0.26150558842866534
0.2615877712031558
0.2615877712031558
0.2618343195266272
0.2618343195266272
0.26199868507560814
0.2620808678500986
0.26224523339907957
0.26232741617357
0.2624095989480605
0.2625739644970414
0.2627383300460224
0.2630670611439842
0.2632314266929652
0.26347797501643655
0.263560157790927
0.263724523339908
0.2638888888888889
0.26429980276134124
0.2645463510848126
0.26495726495726496
0.2650394477317554
0.26528599605522685
0.2653681788297173
0.2655325443786982
0.26577909270216965
0.2658612754766601
0.266025641025641
0.26619000657462194
0.26619000657462194
0.26627218934911245
0.26668310322156474
0.2668474687705457
0.2673405654174885
0.26750493096646943
0.26750493096646943
0.2675871137409599
0.2675871137409599
0.26766929651545035
0.26766929651545035
0.2678336620644313
0.26832675871137407
0.26849112426035504
0.26865548980933596
0.2688198553583169
0.2688198553583169
0.26914858645627876
0.26914858645627876
0.2695595003287311
0.269723865877712
0.2698060486522025
0.2700525969756739
0.27038132807363574
0.27046351084812625
0.27062787639710717
0.2707922419460881
0.2707922419460881
0.27095660749506906
0.27095660749506906
0.27136752136752135
0.2716140696909928
0.2719428007889546
0.2719428007889546
0.27218934911242604
0.2724358974358974
0.2726002629848784
0.2726002629848784
0.27268244575936884
0.2727646285338593
0.27284681130834976
0.27301117685733073
0.2730933596318212
0.2732577251808021
0.27333990795529256
0.273586456278764
0.27383300460223536
0.2739973701512163
0.2740795529257068
0.27416173570019725
0.2742439184746877
0.2745726495726496
0.27465483234714005
0.27481919789612097
0.27481919789612097
0.27481919789612097
0.2750657462195924
0.2752301117685733
0.2752301117685733
0.27539447731755423
0.27555884286653515
0.27564102564102566
0.2757232084155161
0.27588757396449703
0.2759697567389875
0.27638067061143984
0.27662721893491127
0.2767094017094017
0.2767094017094017
0.2767094017094017
0.27720249835634453
0.27736686390532544
0.2774490466798159
0.27753122945430636
0.2777777777777778
0.2777777777777778
0.27785996055226825
0.27802432610124916
0.2781065088757396
0.27818869165023014
0.2784352399737015
0.2785996055226824
0.27868178829717294
0.27868178829717294
0.2789283366206443
0.27901051939513477
0.2791748849441157
0.27933925049309666
0.27958579881656803
0.279750164365549
0.27983234714003946
0.2799145299145299
0.28007889546351084
0.2804076265614727
0.2804898093359632
0.28057199211045364
0.2806541748849441
0.28081854043392507
0.2809007232084155
0.2809007232084155
0.2811472715318869
0.28139381985535833
0.28139381985535833
0.28139381985535833
0.28139381985535833
0.2814760026298488
0.28155818540433925
0.2816403681788297
0.28172255095332016
0.2818047337278107
0.2819690992767916
0.28205128205128205
0.2822978303747535
0.2824621959237344
0.2824621959237344
0.2826265614727153
0.28270874424720577
0.2827909270216962
0.2829552925706772
0.2829552925706772
0.28320184089414857
0.28344838921762
0.28344838921762
0.2836127547666009
0.2836949375410914
0.2836949375410914
0.28385930309007235
0.28385930309007235
0.2839414858645628
0.2839414858645628
0.28402366863905326
0.2841058514135437
0.2841058514135437
0.28427021696252464
0.28435239973701515
0.28435239973701515
0.284681130834977
0.284681130834977
0.28476331360946744
0.2848454963839579
0.2848454963839579
0.2848454963839579
0.2849276791584484
0.28500986193293887
0.2850920447074293
0.28525641025641024
0.2856673241288626
0.2856673241288626
0.28574950690335305
0.2858316896778435
0.2859960552268245
0.2859960552268245
0.2861604207758054
0.2861604207758054
0.28624260355029585
0.28624260355029585
0.28624260355029585
0.28640696909927676
0.2864891518737673
0.28657133464825774
0.28657133464825774
0.2868178829717291
0.2868178829717291
0.28706443129520054
0.28722879684418146
0.2873109796186719
0.2874753451676529
0.2874753451676529
0.2878040762656147
0.2878040762656147
0.2878862590401052
0.2878862590401052
0.2878862590401052
0.2878862590401052
0.2879684418145957
0.2879684418145957
0.28805062458908615
0.288379355687048
0.28846153846153844
0.2887902695595003
0.2887902695595003
0.2888724523339908
0.28895463510848124
0.2891190006574622
0.2891190006574622
0.2892833662064431
0.28969428007889547
0.28977646285338593
0.2898586456278764
0.2898586456278764
0.2898586456278764
0.2898586456278764
0.2898586456278764
0.28994082840236685
0.2901051939513478
0.2901873767258383
0.29026955950032873
0.29026955950032873
0.2903517422748192
0.2905161078238001
0.2906804733727811
0.29076265614727154
0.29076265614727154
0.29076265614727154
0.29076265614727154
0.2910913872452334
0.2911735700197239
0.29125575279421434
0.29142011834319526
0.2915023011176857
0.2915023011176857
0.29174884944115714
0.2918310322156476
0.29191321499013806
0.2919953977646285
0.2919953977646285
0.2919953977646285
0.29224194608809995
0.2923241288625904
0.2924884944115713
0.2925706771860618
0.2926528599605523
0.29273504273504275
0.2929815910585141
0.2931459566074951
0.2935568704799474
0.29363905325443784
0.2938034188034188
0.29396778435239973
0.29396778435239973
0.2940499671268902
0.29413214990138065
0.29413214990138065
0.29421433267587116
0.2942965154503616
0.29446088099934253
0.29446088099934253
0.29446088099934253
0.294543063773833
0.294543063773833
0.29462524654832345
0.2947896120973044
0.29495397764628534
0.29511834319526625
0.29511834319526625
0.29511834319526625
0.29511834319526625
0.2952827087442472
0.2953648915187377
0.29544707429322814
0.29544707429322814
0.29544707429322814
0.2955292570677186
0.2955292570677186
0.29561143984220906
0.2956936226166995
0.29577580539119
0.29577580539119
0.2958579881656805
0.29594017094017094
0.29610453648915186
0.29610453648915186
0.2961867192636423
0.29626890203813283
0.29626890203813283
0.2963510848126233
0.2963510848126233
0.2965154503616042
0.29659763313609466
0.29659763313609466
0.29659763313609466
0.2966798159105851
0.2966798159105851
0.29676199868507563
0.29676199868507563
0.2968441814595661
0.29692636423405655
0.297008547008547
0.29709072978303747
0.29709072978303747
0.2971729125575279
0.2971729125575279
0.2972550953320184
0.2972550953320184
0.2973372781065089
0.2973372781065089
0.29741946088099935
0.2975016436554898
0.29758382642998027
0.2976660092044707
0.2976660092044707
0.2977481919789612
0.2977481919789612
0.2978303747534517
0.29791255752794216
0.2980769230769231
0.2980769230769231
0.2983234714003945
0.2984878369493754
0.2984878369493754
0.2984878369493754
0.2985700197238659
0.29865220249835633
0.2987343852728468
0.2987343852728468
0.2988165680473373
0.2989809335963182
0.2989809335963182
0.29914529914529914
0.299474030243261
0.299474030243261
0.299474030243261
0.2997205785667324
0.29980276134122286
0.29980276134122286
0.29980276134122286
0.29980276134122286
0.29988494411571337
0.29988494411571337
0.29996712689020383
0.3000493096646943
0.3000493096646943
0.3000493096646943
0.30013149243918474
0.30013149243918474
0.30013149243918474
0.30013149243918474
0.30013149243918474
0.3002136752136752
0.3002136752136752
0.30029585798816566
0.3003780407626562
0.30046022353714663
0.30046022353714663
0.3005424063116371
0.3005424063116371
0.3005424063116371
0.300706771860618
0.300706771860618
0.3010355029585799
0.3010355029585799
0.3011998685075608
0.3013642340565417
0.30161078238001315
0.30177514792899407
0.30177514792899407
0.3018573307034845
0.30193951347797504
0.30193951347797504
0.30193951347797504
0.3020216962524655
0.30210387902695596
0.3022682445759369
0.30243261012491784
0.3025147928994083
0.30259697567389876
0.30259697567389876
0.30259697567389876
0.3026791584483892
0.3027613412228797
0.3027613412228797
0.3029257067718606
0.3030078895463511
0.3030078895463511
0.30309007232084156
0.30333662064431294
0.3035009861932939
0.3035009861932939
0.3036653517422748
0.3036653517422748
0.3036653517422748
0.3036653517422748
0.3037475345167653
0.30382971729125574
0.3039940828402367
0.30407626561472717
0.30407626561472717
0.30415844838921763
0.3042406311637081
0.30432281393819854
0.30456936226167
0.30465154503616043
0.30465154503616043
0.30465154503616043
0.3047337278106509
0.3047337278106509
0.3047337278106509
0.3047337278106509
0.30498027613412226
0.3050624589086128
0.3050624589086128
0.30514464168310323
0.30530900723208415
0.30530900723208415
0.30530900723208415
0.3053911900065746
0.30547337278106507
0.30547337278106507
0.30547337278106507
0.30547337278106507
0.30547337278106507
0.30580210387902695
0.30580210387902695
0.30580210387902695
0.30596646942800787
0.3060486522024984
0.30613083497698884
0.30629520052596976
0.3064595660749507
0.30654174884944113
0.30678829717291256
0.306870479947403
0.3069526627218935
0.30703484549638393
0.30711702827087445
0.3073635765943458
0.3074457593688363
0.3074457593688363
0.3074457593688363
0.3074457593688363
0.30761012491781725
0.30761012491781725
0.30761012491781725
0.3076923076923077
0.30777449046679817
0.3078566732412886
0.3081854043392505
0.30826758711374097
0.30826758711374097
0.30826758711374097
0.30826758711374097
0.3084319526627219
0.30851413543721234
0.3085963182117028
0.3085963182117028
0.3087606837606838
0.3087606837606838
0.3087606837606838
0.30884286653517423
0.30884286653517423
0.30900723208415515
0.3090894148586456
0.30933596318211704
0.30933596318211704
0.30933596318211704
0.30933596318211704
0.30933596318211704
0.3094181459566075
0.3094181459566075
0.3094181459566075
0.3094181459566075
0.3094181459566075
0.3094181459566075
0.3094181459566075
0.3094181459566075
0.30950032873109795
0.3095825115055884
0.3096646942800789
0.30982905982905984
0.30982905982905984
0.30999342537804075
0.30999342537804075
0.3100756081525312
0.3100756081525312
0.31015779092702167
0.31015779092702167
0.31015779092702167
0.31015779092702167
0.31015779092702167
0.31015779092702167
0.31015779092702167
0.3102399737015122
0.3102399737015122
0.3104043392504931
0.3104043392504931
0.3104043392504931
0.3104043392504931
0.31048652202498356
0.31048652202498356
0.310568704799474
0.310568704799474
0.3106508875739645
0.31081525312294545
0.31081525312294545
0.31081525312294545
0.31081525312294545
0.31081525312294545
0.3108974358974359
0.3111439842209073
0.31147271531886916
0.31147271531886916
0.31147271531886916
0.3116370808678501
0.31171926364234054
0.31180144641683105
0.31196581196581197
0.31196581196581197
0.3120479947403024
0.31221236028928334
0.31229454306377386
0.31229454306377386
0.31229454306377386
0.31245890861275477
0.31245890861275477
0.31245890861275477
0.31254109138724523
0.31254109138724523
0.31270545693622614
0.31270545693622614
0.31270545693622614
0.31270545693622614
0.31270545693622614
0.31270545693622614
0.31278763971071666
0.3128698224852071
0.3128698224852071
0.3128698224852071
0.3128698224852071
0.3129520052596976
0.31303418803418803
0.31303418803418803
0.31319855358316895
0.31319855358316895
0.3133629191321499
0.3136094674556213
0.3136094674556213
0.3136094674556213
0.3136094674556213
0.3136094674556213
0.31369165023011175
0.31369165023011175
0.3139381985535832
0.31402038132807364
0.31402038132807364
0.31402038132807364
0.31418474687705455
0.31418474687705455
0.3143491124260355
0.3143491124260355
0.31451347797501644
0.31451347797501644
0.31451347797501644
0.3145956607495069
0.31467784352399736
0.31484220907297833
0.31484220907297833
0.31484220907297833
0.3149243918474688
0.31500657462195925
0.31517094017094016
0.31517094017094016
0.3152531229454306
0.3153353057199211
0.31549967126890205
0.3155818540433925
0.3155818540433925
0.31566403681788296
0.3157462195923734
0.3157462195923734
0.3157462195923734
0.3158284023668639
0.3159105851413544
0.3159105851413544
0.3159105851413544
0.31599276791584485
0.3160749506903353
0.31615713346482577
0.31615713346482577
0.31615713346482577
0.31615713346482577
0.3162393162393162
0.3163214990138067
0.3164036817882972
0.3164036817882972
0.31648586456278766
0.3165680473372781
0.3165680473372781
0.31673241288625903
0.3168145956607495
0.31689677843524
0.31689677843524
0.31689677843524
0.31689677843524
0.31697896120973046
0.31697896120973046
0.31697896120973046
0.31697896120973046
0.31697896120973046
0.31697896120973046
0.3170611439842209
0.3170611439842209
0.3170611439842209
0.3171433267587114
0.31722550953320183
0.3173076923076923
0.3173076923076923
0.31738987508218275
0.31738987508218275
0.31747205785667326
0.31747205785667326
0.31747205785667326
0.31747205785667326
0.3175542406311637
0.3175542406311637
0.3176364234056542
0.3176364234056542
0.3176364234056542
0.3178007889546351
0.3178007889546351
0.3178007889546351
0.31788297172912555
0.31796515450361607
0.31796515450361607
0.3180473372781065
0.3180473372781065
0.318129520052597
0.31821170282708744
0.31821170282708744
0.31821170282708744
0.3182938856015779
0.3182938856015779
0.31837606837606836
0.3185404339250493
0.3186226166995398
0.3187869822485207
0.31903353057199213
0.31919789612097305
0.31919789612097305
0.31919789612097305
0.3192800788954635
0.31936226166995396
0.3194444444444444
0.31952662721893493
0.3196088099934254
0.3196088099934254
0.31969099276791585
0.31969099276791585
0.3197731755424063
0.31985535831689677
0.3201019066403682
0.3201019066403682
0.3201019066403682
0.32018408941485865
0.32018408941485865
0.32018408941485865
0.32018408941485865
0.3202662721893491
0.3202662721893491
0.32043063773833
0.32043063773833
0.320595003287311
0.3207593688362919
0.32092373438527283
0.3210059171597633
0.3210880999342538
0.3210880999342538
0.3210880999342538
0.3210880999342538
0.3210880999342538
0.32117028270874426
0.3213346482577252
0.32141683103221563
0.32141683103221563
0.32141683103221563
0.3214990138067061
0.3214990138067061
0.3214990138067061
0.32166337935568706
0.32166337935568706
0.3217455621301775
0.32190992767915844
0.32190992767915844
0.32190992767915844
0.3219921104536489
0.3219921104536489
0.3220742932281394
0.3220742932281394
0.3222386587771203
0.3222386587771203
0.3222386587771203
0.32240302432610124
0.32240302432610124
0.32264957264957267
0.32264957264957267
0.3227317554240631
0.3227317554240631
0.3227317554240631
0.3229783037475345
0.3231426692965155
0.3231426692965155
0.3231426692965155
0.3231426692965155
0.32322485207100593
0.3233070348454964
0.3233070348454964
0.3233070348454964
0.3233070348454964
0.32338921761998685
0.32338921761998685
0.3234714003944773
0.3234714003944773
0.3234714003944773
0.32355358316896776
0.32355358316896776
0.32371794871794873
0.32371794871794873
0.32371794871794873
0.32388231426692965
0.32388231426692965
0.32404667981591057
0.3241288625904011
0.32421104536489154
0.324293228139382
0.32437541091387245
0.32437541091387245
0.32437541091387245
0.32437541091387245
0.32437541091387245
0.32437541091387245
0.32453977646285337
0.32453977646285337
0.32453977646285337
0.32453977646285337
0.32453977646285337
0.32470414201183434
0.32470414201183434
0.32486850756081526
0.32486850756081526
0.32486850756081526
0.32503287310979617
0.32503287310979617
0.32503287310979617
0.32503287310979617
0.32503287310979617
0.32511505588428663
0.3252794214332676
0.32536160420775806
0.32560815253122943
0.32560815253122943
0.32560815253122943
0.32569033530571995
0.32569033530571995
0.32569033530571995
0.3257725180802104
0.32585470085470086
0.3259368836291913
0.3260190664036818
0.32610124917817224
0.3261834319526627
0.3261834319526627
0.3264299802761341
0.32659434582511504
0.32659434582511504
0.32659434582511504
0.32659434582511504
0.326758711374096
0.326758711374096
0.32684089414858647
0.3269230769230769
0.32708744247205784
0.32708744247205784
