0.007067718606180145
0.010683760683760684
0.013313609467455622
0.015368178829717291
0.01643655489809336
0.017011834319526627
0.017915844838921762
0.018326758711374097
0.0190664036817883
0.020052596975673898
0.020463510848126233
0.0207922419460881
0.021120973044049966
0.021367521367521368
0.0215318869165023
0.0220249835634451
0.02260026298487837
0.02309335963182117
0.02342209072978304
0.023750821827744906
0.02391518737672584
0.024079552925706772
0.024079552925706772
0.02440828402366864
0.02490138067061144
0.02523011176857331
0.025394477317554242
0.02564102564102564
0.025969756738987507
0.026051939513477975
0.02621630506245891
0.02638067061143984
0.02646285338593031
0.026627218934911243
0.026709401709401708
0.026709401709401708
0.026791584483892177
0.02695595003287311
0.027120315581854043
0.027284681130834976
0.027284681130834976
0.02744904667981591
0.027613412228796843
0.027777777777777776
0.028024326101249178
0.02818869165023011
0.028435239973701513
0.028517422748191978
0.028517422748191978
0.028517422748191978
0.028846153846153848
0.028928336620644313
0.028928336620644313
0.029174884944115714
0.02925706771860618
0.02950361604207758
0.029585798816568046
0.029832347140039447
0.029914529914529916
0.02999671268902038
0.030325443786982247
0.030407626561472716
0.030654174884944117
0.03081854043392505
0.030982905982905984
0.031147271531886917
0.031393819855358315
0.03155818540433925
0.031804733727810654
0.03188691650230112
0.03229783037475345
0.03246219592373439
0.03254437869822485
0.03262656147271532
0.03287310979618672
0.03311965811965812
0.033448389217619987
0.03361275476660092
0.03410585141354372
0.03410585141354372
0.034270216962524656
0.03451676528599606
0.03459894806048652
0.034845496383957925
0.035092044707429326
0.03517422748191979
0.035256410256410256
0.03542077580539119
0.03550295857988166
0.035831689677843524
0.035831689677843524
0.03599605522682446
0.036078238001314926
0.036078238001314926
0.03640696909927679
0.03657133464825772
0.036653517422748194
0.036653517422748194
0.03673570019723866
0.036900065746219596
0.036900065746219596
0.036900065746219596
0.036900065746219596
0.03722879684418146
0.037639710716633794
0.03772189349112426
0.03772189349112426
0.03796844181459566
0.038050624589086125
0.03829717291255753
0.03837935568704799
0.038461538461538464
0.038625904010519393
0.038708086785009865
0.038708086785009865
0.03895463510848126
0.0391190006574622
0.0393655489809336
0.039612097304405
0.039694280078895465
0.039694280078895465
0.039858645627876395
0.04002301117685733
0.04002301117685733
0.040105193951347796
0.04018737672583826
0.0403517422748192
0.040516107823800135
0.040516107823800135
0.040844838921762
0.040844838921762
0.040844838921762
0.041091387245233396
0.04117357001972387
0.04117357001972387
0.0413379355687048
0.04142011834319527
0.041502301117685735
0.0415844838921762
0.041748849441157136
0.041913214990138066
0.04215976331360947
0.04215976331360947
0.04215976331360947
0.042324128862590404
0.04240631163708087
0.042488494411571334
0.0425706771860618
0.04265285996055227
0.04265285996055227
0.042735042735042736
0.0428172255095332
0.0428172255095332
0.0428172255095332
0.0428172255095332
0.04298159105851414
0.0430637738330046
0.04314595660749507
0.04314595660749507
0.04322813938198554
0.043310322156476004
0.043310322156476004
0.043474687705456934
0.043556870479947406
0.043721236028928336
0.0438034188034188
0.04396778435239974
0.0440499671268902
0.044132149901380674
0.044132149901380674
0.04421433267587114
0.04437869822485207
0.04437869822485207
0.044707429322813935
0.04478961209730441
0.04487179487179487
0.04487179487179487
0.045118343195266274
0.045118343195266274
0.0452827087442472
0.045364891518737675
0.04544707429322814
0.045529257067718605
0.04569362261669954
0.04577580539119001
0.04577580539119001
0.04577580539119001
0.04577580539119001
0.045940170940170943
0.045940170940170943
0.04602235371466141
0.04610453648915187
0.04610453648915187
0.04618671926364234
0.04618671926364234
0.04618671926364234
0.04618671926364234
0.04626890203813281
0.046351084812623275
0.046351084812623275
0.046515450361604205
0.046515450361604205
0.04659763313609468
0.04659763313609468
0.04659763313609468
0.04667981591058514
0.04684418145956608
0.04684418145956608
0.04684418145956608
0.04684418145956608
0.04692636423405654
0.04700854700854701
0.04709072978303747
0.04709072978303747
0.047172912557527945
0.047172912557527945
0.04725509533201841
0.04725509533201841
0.04725509533201841
0.047337278106508875
0.04741946088099934
0.04750164365548981
0.047583826429980276
0.047583826429980276
0.04766600920447074
0.04774819197896121
0.04783037475345168
0.04791255752794214
0.04791255752794214
0.04807692307692308
0.04807692307692308
0.04824128862590401
0.04824128862590401
0.048405654174884946
0.048405654174884946
0.048405654174884946
0.048405654174884946
0.048405654174884946
0.048405654174884946
0.048570019723865876
0.048570019723865876
0.04873438527284681
0.04881656804733728
0.04881656804733728
0.04889875082182774
0.04889875082182774
0.048980933596318214
0.04906311637080868
0.04922748191978961
0.04922748191978961
0.04930966469428008
0.04930966469428008
0.049391847468770546
0.04947403024326101
0.04947403024326101
0.04955621301775148
0.04955621301775148
0.04972057856673241
0.04972057856673241
0.04972057856673241
0.04980276134122288
0.04980276134122288
0.04980276134122288
0.04980276134122288
0.04980276134122288
0.04980276134122288
0.04980276134122288
0.04980276134122288
0.04980276134122288
0.04980276134122288
0.04988494411571335
0.049967126890203814
0.05004930966469428
0.05004930966469428
0.050131492439184744
0.050131492439184744
0.050131492439184744
0.05029585798816568
0.05029585798816568
0.050378040762656146
0.050378040762656146
0.05046022353714662
0.05046022353714662
0.05046022353714662
0.05046022353714662
0.05062458908612755
0.05062458908612755
0.05062458908612755
0.05062458908612755
0.050788954635108484
0.050788954635108484
0.050788954635108484
0.050788954635108484
0.050788954635108484
0.050788954635108484
0.050788954635108484
0.050788954635108484
0.050788954635108484
0.050953320184089414
0.05103550295857988
0.05103550295857988
0.05103550295857988
0.05103550295857988
0.05103550295857988
0.05111768573307035
0.051199868507560815
0.05128205128205128
0.05136423405654175
0.05136423405654175
0.05144641683103222
0.05144641683103222
0.05144641683103222
0.05144641683103222
0.05144641683103222
0.05144641683103222
0.05152859960552268
0.05152859960552268
0.05161078238001315
0.05161078238001315
0.05169296515450362
0.05169296515450362
0.05169296515450362
0.05169296515450362
0.05169296515450362
0.05169296515450362
0.051775147928994084
0.051775147928994084
0.051775147928994084
0.051775147928994084
0.051775147928994084
0.051775147928994084
0.051775147928994084
0.051775147928994084
0.051775147928994084
0.051775147928994084
0.05185733070348455
0.05193951347797501
0.05193951347797501
0.05193951347797501
0.05193951347797501
0.05193951347797501
0.05193951347797501
0.05210387902695595
0.05210387902695595
0.05210387902695595
0.05210387902695595
0.05210387902695595
0.05210387902695595
0.05210387902695595
0.05210387902695595
0.05210387902695595
0.052186061801446415
0.05226824457593689
0.05226824457593689
0.05235042735042735
0.05243261012491782
0.05251479289940828
0.05251479289940828
0.05259697567389875
0.05267915844838922
0.05267915844838922
0.05267915844838922
0.05267915844838922
0.05267915844838922
0.05284352399737015
0.05284352399737015
0.05284352399737015
0.05292570677186062
0.05292570677186062
0.05309007232084155
0.05309007232084155
0.05309007232084155
0.05309007232084155
0.05309007232084155
0.05309007232084155
0.05309007232084155
0.05309007232084155
0.05309007232084155
0.05317225509533202
0.05317225509533202
0.05317225509533202
0.05317225509533202
0.05325443786982249
0.05325443786982249
0.05325443786982249
0.05325443786982249
0.05325443786982249
0.05366535174227482
0.05391190006574622
0.053994082840236685
0.054076265614727156
0.054076265614727156
0.054076265614727156
0.054076265614727156
0.054076265614727156
0.054076265614727156
0.054076265614727156
0.05415844838921762
0.05415844838921762
0.05415844838921762
0.05415844838921762
0.054240631163708086
0.054240631163708086
0.054240631163708086
0.054240631163708086
0.054240631163708086
0.054240631163708086
0.054240631163708086
0.054240631163708086
0.054240631163708086
0.054240631163708086
0.054240631163708086
0.054240631163708086
0.05432281393819855
0.05432281393819855
0.05432281393819855
0.05432281393819855
0.05432281393819855
0.05432281393819855
0.05432281393819855
0.05432281393819855
0.05432281393819855
0.05432281393819855
0.05432281393819855
0.05432281393819855
0.05432281393819855
0.05432281393819855
0.05432281393819855
0.05440499671268902
0.05448717948717949
0.05448717948717949
0.05448717948717949
0.05448717948717949
0.05448717948717949
0.05456936226166995
0.05456936226166995
0.05456936226166995
0.05456936226166995
0.05456936226166995
0.05456936226166995
0.05465154503616042
0.05465154503616042
0.05465154503616042
0.05465154503616042
0.05465154503616042
0.05465154503616042
0.05473372781065089
0.054815910585141354
0.054815910585141354
0.05489809335963182
0.05498027613412229
0.05498027613412229
0.05498027613412229
0.05498027613412229
0.05498027613412229
0.05498027613412229
0.05498027613412229
0.05498027613412229
0.05498027613412229
0.055062458908612756
0.055062458908612756
0.05514464168310322
0.05514464168310322
0.05514464168310322
0.05514464168310322
0.05514464168310322
0.05514464168310322
0.055226824457593686
0.055226824457593686
0.05530900723208416
0.05530900723208416
0.05530900723208416
0.05530900723208416
0.05530900723208416
0.05530900723208416
0.05530900723208416
0.05530900723208416
0.05530900723208416
0.05539119000657462
0.05547337278106509
0.05555555555555555
0.05555555555555555
0.05555555555555555
0.05555555555555555
0.05555555555555555
0.05555555555555555
0.05555555555555555
0.05555555555555555
0.055637738330046024
0.055637738330046024
0.055637738330046024
0.055637738330046024
0.055637738330046024
0.05571992110453649
0.055802103879026954
0.055802103879026954
0.055884286653517426
0.055884286653517426
0.05596646942800789
0.05596646942800789
0.05596646942800789
0.056048652202498356
0.056048652202498356
0.056048652202498356
0.05613083497698882
0.05621301775147929
0.05621301775147929
0.05621301775147929
0.05629520052596976
0.05637738330046022
0.05637738330046022
0.05654174884944116
0.05654174884944116
0.05654174884944116
0.05654174884944116
0.05654174884944116
0.05654174884944116
0.05654174884944116
0.05654174884944116
0.05654174884944116
0.05654174884944116
0.05654174884944116
0.056623931623931624
0.056623931623931624
0.056623931623931624
0.056623931623931624
0.056623931623931624
0.05670611439842209
0.05678829717291256
0.05678829717291256
0.05678829717291256
0.05678829717291256
0.05678829717291256
0.05678829717291256
0.056870479947403026
0.056870479947403026
0.056870479947403026
0.056870479947403026
0.056870479947403026
0.056870479947403026
0.056870479947403026
0.05695266272189349
0.05695266272189349
0.057034845496383955
0.057034845496383955
0.057034845496383955
0.057034845496383955
0.057034845496383955
0.057034845496383955
0.057034845496383955
0.057034845496383955
0.057034845496383955
0.057034845496383955
0.057034845496383955
0.057034845496383955
0.057034845496383955
0.057034845496383955
0.057034845496383955
0.057034845496383955
0.057034845496383955
0.057034845496383955
0.057034845496383955
0.057034845496383955
0.057034845496383955
0.05719921104536489
0.05719921104536489
0.05719921104536489
0.05728139381985536
0.05728139381985536
0.05736357659434582
0.05736357659434582
0.05736357659434582
0.05736357659434582
0.05736357659434582
0.05736357659434582
0.05736357659434582
0.05736357659434582
0.05736357659434582
0.05736357659434582
0.05736357659434582
0.05736357659434582
0.05736357659434582
0.05736357659434582
0.05736357659434582
0.05736357659434582
0.05736357659434582
0.05736357659434582
0.05736357659434582
0.05736357659434582
0.05736357659434582
0.057445759368836294
0.057445759368836294
0.057445759368836294
0.057445759368836294
0.057445759368836294
0.057445759368836294
0.057445759368836294
0.057445759368836294
0.057445759368836294
0.057445759368836294
0.057445759368836294
0.05752794214332676
0.05752794214332676
0.057610124917817224
0.057610124917817224
0.057610124917817224
0.057692307692307696
0.057692307692307696
0.057692307692307696
0.057692307692307696
0.05777449046679816
0.05777449046679816
0.05777449046679816
0.05777449046679816
0.057856673241288625
0.057856673241288625
0.057856673241288625
0.057856673241288625
0.057856673241288625
0.057856673241288625
0.057856673241288625
0.057856673241288625
0.05793885601577909
0.05793885601577909
0.05793885601577909
0.05793885601577909
0.05793885601577909
0.05793885601577909
0.05793885601577909
0.05793885601577909
0.05802103879026956
0.05802103879026956
0.05802103879026956
0.05802103879026956
0.05802103879026956
0.05802103879026956
0.05802103879026956
0.05810322156476003
0.05810322156476003
0.05810322156476003
0.05810322156476003
0.05818540433925049
0.05818540433925049
0.05818540433925049
0.05818540433925049
0.05818540433925049
0.05818540433925049
0.05818540433925049
0.05818540433925049
0.05826758711374096
0.05826758711374096
0.05826758711374096
0.05826758711374096
0.05826758711374096
0.05834976988823143
0.05834976988823143
0.058431952662721894
0.058431952662721894
0.058431952662721894
0.058431952662721894
0.058431952662721894
0.058431952662721894
0.058431952662721894
0.058431952662721894
0.058431952662721894
0.058431952662721894
0.058431952662721894
0.058431952662721894
0.058431952662721894
0.058431952662721894
0.058431952662721894
0.058431952662721894
0.058431952662721894
0.058431952662721894
0.058431952662721894
0.058431952662721894
0.058431952662721894
0.058431952662721894
0.058431952662721894
0.058431952662721894
0.058431952662721894
0.058431952662721894
0.058431952662721894
0.058431952662721894
0.058431952662721894
0.058431952662721894
0.058431952662721894
0.058431952662721894
0.058431952662721894
0.058431952662721894
0.058431952662721894
0.058431952662721894
0.058431952662721894
0.058431952662721894
0.058431952662721894
0.058431952662721894
0.058431952662721894
0.058431952662721894
0.058431952662721894
0.058431952662721894
0.05851413543721236
0.05851413543721236
0.05851413543721236
0.05851413543721236
0.05851413543721236
0.05851413543721236
0.05851413543721236
0.05851413543721236
0.05851413543721236
0.05859631821170283
0.05859631821170283
0.05859631821170283
0.05859631821170283
0.05859631821170283
0.05859631821170283
0.05859631821170283
0.05859631821170283
0.05859631821170283
0.05859631821170283
0.05859631821170283
0.05859631821170283
0.05859631821170283
0.05859631821170283
0.05859631821170283
0.05859631821170283
0.05859631821170283
0.05859631821170283
0.05859631821170283
0.05859631821170283
0.05859631821170283
0.05859631821170283
0.05859631821170283
0.05859631821170283
0.05859631821170283
0.05859631821170283
0.05859631821170283
0.05859631821170283
0.058678500986193295
0.058678500986193295
0.058678500986193295
0.058678500986193295
0.05876068376068376
0.05876068376068376
0.05876068376068376
0.05876068376068376
0.058842866535174225
0.058842866535174225
0.058842866535174225
0.058842866535174225
0.0589250493096647
0.0589250493096647
0.0589250493096647
0.0589250493096647
0.0589250493096647
0.0589250493096647
0.0589250493096647
0.0589250493096647
0.0589250493096647
0.0589250493096647
0.0589250493096647
0.0589250493096647
0.0589250493096647
0.0589250493096647
0.0589250493096647
0.0589250493096647
0.0589250493096647
0.0589250493096647
0.0589250493096647
0.0589250493096647
0.0589250493096647
0.0589250493096647
0.0589250493096647
0.0589250493096647
0.0589250493096647
0.0589250493096647
0.0589250493096647
0.0589250493096647
0.0589250493096647
0.0589250493096647
0.0589250493096647
0.0589250493096647
0.0589250493096647
0.0589250493096647
0.0589250493096647
0.0589250493096647
0.05900723208415516
0.05900723208415516
0.05900723208415516
0.05900723208415516
0.05900723208415516
0.05900723208415516
0.05900723208415516
0.05900723208415516
0.05900723208415516
0.05900723208415516
0.05900723208415516
0.05900723208415516
0.05900723208415516
0.05900723208415516
0.05900723208415516
0.05900723208415516
0.05900723208415516
0.05900723208415516
0.05900723208415516
0.05900723208415516
0.05900723208415516
0.05900723208415516
0.05900723208415516
0.05900723208415516
0.05900723208415516
0.05900723208415516
0.05908941485864563
0.05908941485864563
0.05917159763313609
0.05917159763313609
0.05917159763313609
0.05917159763313609
0.05917159763313609
0.05917159763313609
0.05925378040762656
0.05925378040762656
0.05925378040762656
0.05925378040762656
0.05925378040762656
0.05925378040762656
0.05925378040762656
0.05925378040762656
0.05925378040762656
0.05925378040762656
0.05925378040762656
0.05925378040762656
0.05925378040762656
0.05925378040762656
0.05925378040762656
0.05925378040762656
0.05925378040762656
0.05925378040762656
0.05925378040762656
0.05925378040762656
0.05925378040762656
0.05925378040762656
0.05925378040762656
0.05925378040762656
0.05925378040762656
0.05925378040762656
0.05925378040762656
0.05925378040762656
0.05933596318211703
0.05933596318211703
0.05933596318211703
0.05933596318211703
0.05933596318211703
0.05933596318211703
0.05933596318211703
0.05933596318211703
0.05933596318211703
0.05933596318211703
0.05933596318211703
0.05933596318211703
0.05933596318211703
0.05933596318211703
0.05933596318211703
0.05933596318211703
0.05933596318211703
0.05933596318211703
0.05933596318211703
0.05933596318211703
0.05933596318211703
0.05933596318211703
0.05933596318211703
0.05933596318211703
0.05933596318211703
0.05933596318211703
0.05933596318211703
0.05933596318211703
0.05933596318211703
0.05933596318211703
0.05933596318211703
0.05933596318211703
0.05933596318211703
0.05933596318211703
0.05933596318211703
0.05933596318211703
0.05933596318211703
0.05933596318211703
0.05933596318211703
0.05941814595660749
0.05941814595660749
0.05941814595660749
0.05941814595660749
0.05941814595660749
0.059500328731097965
0.059500328731097965
0.059500328731097965
0.059500328731097965
0.059500328731097965
0.059500328731097965
0.059500328731097965
0.059500328731097965
0.059500328731097965
0.059500328731097965
0.059500328731097965
0.059500328731097965
0.059500328731097965
0.059500328731097965
0.059500328731097965
0.059500328731097965
0.059500328731097965
0.059500328731097965
0.059500328731097965
0.059500328731097965
0.059500328731097965
0.059500328731097965
0.059500328731097965
0.059500328731097965
0.059500328731097965
0.059500328731097965
0.059500328731097965
0.059500328731097965
0.059500328731097965
0.059500328731097965
0.059500328731097965
0.059500328731097965
0.059500328731097965
0.059500328731097965
0.059500328731097965
0.059500328731097965
0.059500328731097965
0.059500328731097965
0.059500328731097965
0.059500328731097965
0.059500328731097965
0.059500328731097965
0.059500328731097965
0.059500328731097965
0.059500328731097965
0.059500328731097965
0.059500328731097965
0.059500328731097965
0.059500328731097965
0.059500328731097965
0.059500328731097965
0.059500328731097965
0.059500328731097965
0.059500328731097965
0.059500328731097965
0.059500328731097965
0.059500328731097965
0.059500328731097965
0.059500328731097965
0.059500328731097965
0.059500328731097965
0.059500328731097965
0.059500328731097965
0.059500328731097965
0.059500328731097965
0.059500328731097965
0.059500328731097965
0.059500328731097965
0.059500328731097965
0.059500328731097965
0.059500328731097965
0.059500328731097965
0.05958251150558843
0.05958251150558843
0.05958251150558843
0.05958251150558843
0.05958251150558843
0.05958251150558843
0.05958251150558843
0.05958251150558843
0.05958251150558843
0.05958251150558843
0.05958251150558843
0.05958251150558843
0.05958251150558843
0.05958251150558843
0.05958251150558843
0.05958251150558843
0.05958251150558843
0.05958251150558843
0.05958251150558843
0.05958251150558843
0.05958251150558843
0.05958251150558843
0.05958251150558843
0.05958251150558843
0.05958251150558843
0.059664694280078895
0.059664694280078895
0.059664694280078895
0.059664694280078895
0.059664694280078895
0.059664694280078895
0.059664694280078895
0.059664694280078895
0.059664694280078895
0.059664694280078895
0.059664694280078895
0.059664694280078895
0.059664694280078895
