0.011505588428665352
0.027284681130834976
0.03311965811965812
0.034023668639053255
0.04848783694937541
0.05547337278106509
0.07363576594345825
0.08012820512820513
0.08399079552925706
0.08777120315581854
0.09015450361604208
0.09327744904667981
0.10815253122945431
0.11152202498356345
0.11522024983563445
0.12163050624589086
0.12615055884286652
0.12787639710716633
0.12935568704799474
0.13182117028270873
0.1337113740959895
0.13658777120315582
0.1388067061143984
0.14686061801446418
0.14858645627876396
0.15006574621959237
0.15409270216962526
0.15532544378698224
0.15639381985535833
0.15779092702169625
0.15861275476660092
0.15959894806048652
0.1606673241288626
0.16173570019723865
0.16247534516765286
0.16296844181459566
0.16403681788297172
0.164612097304405
0.165844838921762
0.16650230111768574
0.16814595660749507
0.16888560157790927
0.16962524654832348
0.17036489151873768
0.17061143984220908
0.17184418145956606
0.17241946088099935
0.17324128862590402
0.17357001972386588
0.17414529914529914
0.1749671268902038
0.17562458908612755
0.1761998685075608
0.1764464168310322
0.17718606180144642
0.17743261012491782
0.17767915844838922
0.17800788954635108
0.17858316896778434
0.17907626561472714
0.1794871794871795
0.18006245890861275
0.1802268244575937
0.1807199211045365
0.1808842866535174
0.18137738330046022
0.1817061143984221
0.18187047994740302
0.18187047994740302
0.18211702827087442
0.18244575936883628
0.18269230769230768
0.18302103879026957
0.18334976988823143
0.18351413543721237
0.18408941485864563
0.18425378040762655
0.1844181459566075
0.18458251150558844
0.18507560815253124
0.1851577909270217
0.18532215647600264
0.18556870479947404
0.18573307034845496
0.18581525312294542
0.1861439842209073
0.18622616699539776
0.18647271531886916
0.1866370808678501
0.18704799474030243
0.1871301775147929
0.18745890861275477
0.1876232741617357
0.1878698224852071
0.1881163708086785
0.18844510190664038
0.18852728468113084
0.1888560157790927
0.1891025641025641
0.18926692965154504
0.18951347797501644
0.1895956607495069
0.1903353057199211
0.19041748849441156
0.1905818540433925
0.19091058514135437
0.1910749506903353
0.19148586456278763
0.19181459566074952
0.19197896120973043
0.19197896120973043
0.19230769230769232
0.19296515450361604
0.19312952005259698
0.19337606837606838
0.19370479947403024
0.1942800788954635
0.1946088099934254
0.19493754109138725
0.1950197238658777
0.19534845496383957
0.1955128205128205
0.19567718606180146
0.19567718606180146
0.19600591715976332
0.19617028270874426
0.19666337935568703
0.19699211045364892
0.19715647600262984
0.19740302432610124
0.19781393819855358
0.19797830374753453
0.19838921761998685
0.1988001314924392
0.19912886259040105
0.1997041420118343
0.2000328731097962
0.20027942143326757
0.20101906640368178
0.20142998027613412
0.20159434582511507
0.20184089414858647
0.20192307692307693
0.20200525969756739
0.2024983563445102
0.20290927021696253
0.202991452991453
0.20381328073635765
0.20422419460881
0.20463510848126232
0.20504602235371466
0.20529257067718606
0.20553911900065747
0.20603221564760027
0.20627876397107167
0.20652531229454307
0.206689677843524
0.206689677843524
0.20677186061801447
0.20685404339250493
0.20751150558842865
0.2076758711374096
0.2084155161078238
0.20874424720578566
0.20923734385272846
0.20923734385272846
0.20931952662721892
0.20956607495069032
0.2096482577251808
0.20981262327416172
0.20981262327416172
0.2098948060486522
0.2101413543721236
0.2101413543721236
0.210387902695595
0.21055226824457593
0.21063445101906642
0.21063445101906642
0.21104536489151873
0.21145627876397108
0.21203155818540434
0.21203155818540434
0.2123602892833662
0.21244247205785668
0.21252465483234714
0.21252465483234714
0.2126890203813281
0.21326429980276135
0.2133464825772518
0.2135930309007232
0.21375739644970415
0.214086127547666
0.21416831032215647
0.2143326758711374
0.21449704142011836
0.21457922419460881
0.21482577251808022
0.21490795529257067
0.21490795529257067
0.21499013806706113
0.21499013806706113
0.21507232084155162
0.21531886916502302
0.21548323471400394
0.21581196581196582
0.21581196581196582
0.21614069690992768
0.21630506245890863
0.21638724523339908
0.21671597633136094
0.21671597633136094
0.2167981591058514
0.2170447074293228
0.2172912557527942
0.2176199868507561
0.2176199868507561
0.2176199868507561
0.21770216962524655
0.2181130834976989
0.2185239973701512
0.21877054569362261
0.21901709401709402
0.21918145956607496
0.21934582511505588
0.21967455621301776
0.21975673898750822
0.21992110453648916
0.22024983563445102
0.22033201840894148
0.22057856673241288
0.22066074950690334
0.22066074950690334
0.22074293228139383
0.22098948060486523
0.22098948060486523
0.2210716633793557
0.22123602892833663
0.2215647600262985
0.22172912557527943
0.22189349112426035
0.2219756738987508
0.2223044049967127
0.2224687705456936
0.22263313609467456
0.22263313609467456
0.22287968441814596
0.2230440499671269
0.22320841551610782
0.2235371466140697
0.22370151216305062
0.22394806048652202
0.22403024326101248
0.22427679158448388
0.22444115713346482
0.22460552268244577
0.22509861932938857
0.2252629848783695
0.22534516765285997
0.22534516765285997
0.2255095332018409
0.2257560815253123
0.22608481262327415
0.22608481262327415
0.22666009204470744
0.22682445759368836
0.2269888231426693
0.22715318869165024
0.22715318869165024
0.2272353714661407
0.22739973701512162
0.2274819197896121
0.2277284681130835
0.2279750164365549
0.22813938198553582
0.22830374753451677
0.2284681130834977
0.22855029585798817
0.22887902695595003
0.22887902695595003
0.2289612097304405
0.22904339250493097
0.22912557527942143
0.22928994082840237
0.22953648915187377
0.23002958579881658
0.2301939513477975
0.23035831689677844
0.23035831689677844
0.2304404996712689
0.23060486522024984
0.23060486522024984
0.23076923076923078
0.2309335963182117
0.23109796186719264
0.23109796186719264
0.23109796186719264
0.2311801446416831
0.23126232741617356
0.2314266929651545
0.23159105851413544
0.23208415516107825
0.23233070348454965
0.23257725180802105
0.23274161735700197
0.23307034845496383
0.2331525312294543
0.23323471400394477
0.23356344510190663
0.23380999342537803
0.23397435897435898
0.23405654174884943
0.23430309007232084
0.23430309007232084
0.23430309007232084
0.23446745562130178
0.2346318211702827
0.23471400394477318
0.23479618671926364
0.23479618671926364
0.2348783694937541
0.2348783694937541
0.23496055226824458
0.23504273504273504
0.2351249178172255
0.23528928336620644
0.2353714661406969
0.2356180144641683
0.2356180144641683
0.2359467455621302
0.2359467455621302
0.23602892833662065
0.2361932938856016
0.2361932938856016
0.23643984220907296
0.23652202498356345
0.2366042077580539
0.23676857330703485
0.23693293885601577
0.2370973044049967
0.23717948717948717
0.23742603550295857
0.23767258382642997
0.23775476660092046
0.23775476660092046
0.23800131492439186
0.23808349769888232
0.23816568047337278
0.23824786324786323
0.23841222879684418
0.23841222879684418
0.23882314266929652
0.23882314266929652
0.23882314266929652
0.23882314266929652
0.23906969099276792
0.23931623931623933
0.23931623931623933
0.23931623931623933
0.23948060486522024
0.23964497041420119
0.23972715318869164
0.2398915187376726
0.240138067061144
0.24022024983563445
0.24046679815910585
0.2406311637080868
0.24071334648257725
0.2407955292570677
0.24498685075608154
0.24498685075608154
0.245069033530572
0.2453155818540434
0.2454799474030243
0.2454799474030243
0.2455621301775148
0.2458086785009862
0.24589086127547666
0.24597304404996712
0.2460552268244576
0.24613740959894806
0.246301775147929
0.24646614069690992
0.24663050624589086
0.24671268902038132
0.24671268902038132
0.24671268902038132
0.2467948717948718
0.2467948717948718
0.24695923734385272
0.2470414201183432
0.2470414201183432
0.2470414201183432
0.24720578566732412
0.24720578566732412
0.24720578566732412
0.24720578566732412
0.24737015121630507
0.24753451676528598
0.24753451676528598
0.24761669953977647
0.24769888231426693
0.24778106508875739
0.24786324786324787
0.24786324786324787
0.24786324786324787
0.24794543063773833
0.2480276134122288
0.2480276134122288
0.2480276134122288
0.2480276134122288
0.2480276134122288
0.2480276134122288
0.24810979618671927
0.24810979618671927
0.24810979618671927
0.24819197896120973
0.24819197896120973
0.2482741617357002
0.2482741617357002
0.24835634451019067
0.248767258382643
0.248767258382643
0.248767258382643
0.24884944115713348
0.24884944115713348
0.2490138067061144
0.2490138067061144
0.2490138067061144
0.2490138067061144
0.2490138067061144
0.2490138067061144
0.24909598948060485
0.2492603550295858
0.24934253780407625
0.24934253780407625
0.24934253780407625
0.24942472057856674
0.24942472057856674
0.24942472057856674
0.24942472057856674
0.24942472057856674
0.2495069033530572
0.24958908612754765
0.2497534516765286
0.24983563445101906
0.24983563445101906
0.25
0.25
0.25008218277449046
0.2501643655489809
0.2503287310979619
0.2503287310979619
0.2503287310979619
0.2506574621959237
0.2507396449704142
0.2508218277449047
0.25106837606837606
0.2511505588428665
0.251232741617357
0.2513149243918475
0.25139710716633795
0.2514792899408284
0.2514792899408284
0.25156147271531887
0.25156147271531887
0.2516436554898093
0.2516436554898093
0.2517258382642998
0.2517258382642998
0.2517258382642998
0.2518080210387903
0.2518080210387903
0.25189020381328076
0.25205456936226167
0.25213675213675213
0.2522189349112426
0.25230111768573305
0.25312294543063774
0.25312294543063774
0.2532051282051282
0.25328731097961865
0.25336949375410917
0.2534516765285996
0.2534516765285996
0.25361604207758054
0.25361604207758054
0.253698224852071
0.2538625904010519
0.2538625904010519
0.2541913214990138
0.2541913214990138
0.2541913214990138
0.25427350427350426
0.2543556870479947
0.25443786982248523
0.2545200525969757
0.2545200525969757
0.2546844181459566
0.2546844181459566
0.2546844181459566
0.2550131492439185
0.25509533201840895
0.2551775147928994
0.2551775147928994
0.2551775147928994
0.2551775147928994
0.2551775147928994
0.2551775147928994
0.25525969756738986
0.25525969756738986
0.25542406311637084
0.25542406311637084
0.25542406311637084
0.2555062458908613
0.2555062458908613
0.2555062458908613
0.25558842866535175
0.2556706114398422
0.2556706114398422
0.25575279421433267
0.2558349769888231
0.25608152531229456
0.25608152531229456
0.25608152531229456
0.25624589086127547
0.25624589086127547
0.25632807363576593
0.2564924391847469
0.2564924391847469
0.2564924391847469
0.2564924391847469
0.25657462195923736
0.25657462195923736
0.25657462195923736
0.25657462195923736
0.25657462195923736
0.25657462195923736
0.25657462195923736
0.2566568047337278
0.2567389875082183
0.2567389875082183
0.2567389875082183
0.2569855358316897
0.2569855358316897
0.25706771860618016
0.2571499013806706
0.25731426692965154
0.25747863247863245
0.25747863247863245
0.25756081525312297
0.2576429980276134
0.2576429980276134
0.2577251808021039
0.2578895463510848
0.25797172912557526
0.25805391190006577
0.25805391190006577
0.2581360946745562
0.2581360946745562
0.2582182774490467
0.2582182774490467
0.2582182774490467
0.25830046022353714
0.25830046022353714
0.25846482577251806
0.25846482577251806
0.25879355687047995
0.2588757396449704
0.25895792241946086
0.2590401051939514
0.2592044707429323
0.25928665351742275
0.2593688362919132
0.2593688362919132
0.25945101906640367
0.25945101906640367
0.2595332018408941
0.25961538461538464
0.259861932938856
0.259861932938856
0.25994411571334647
0.2600262984878369
0.26027284681130836
0.26027284681130836
0.26027284681130836
0.26027284681130836
0.26027284681130836
0.26051939513477973
0.26051939513477973
0.26051939513477973
0.26051939513477973
0.26051939513477973
0.2606837606837607
0.2606837606837607
0.26076594345825116
0.26076594345825116
0.26076594345825116
0.26101249178172253
0.26101249178172253
0.2611768573307035
0.26125904010519396
0.26125904010519396
0.2613412228796844
0.2613412228796844
0.2613412228796844
0.26150558842866534
0.26150558842866534
0.2616699539776463
0.2616699539776463
0.2616699539776463
0.2618343195266272
0.2619165023011177
0.26199868507560814
0.26199868507560814
0.26199868507560814
0.2620808678500986
0.2621630506245891
0.2621630506245891
0.2621630506245891
0.26224523339907957
0.26232741617357
0.26232741617357
0.26232741617357
0.2624095989480605
0.26249178172255094
0.26249178172255094
0.2625739644970414
0.2625739644970414
0.2625739644970414
0.2626561472715319
0.2626561472715319
0.2626561472715319
0.2626561472715319
0.2626561472715319
0.2626561472715319
0.2627383300460224
0.26282051282051283
0.26282051282051283
0.2629026955950033
0.26298487836949375
0.26314924391847466
0.26331360946745563
0.26331360946745563
0.26331360946745563
0.26331360946745563
0.2633957922419461
0.26347797501643655
0.26347797501643655
0.26364234056541747
0.26364234056541747
0.26364234056541747
0.26364234056541747
0.26364234056541747
0.26364234056541747
0.26364234056541747
0.263724523339908
0.263724523339908
0.263724523339908
0.26380670611439844
0.26380670611439844
0.2638888888888889
0.26397107166337935
0.26397107166337935
0.26397107166337935
0.2640532544378698
0.26413543721236027
0.26413543721236027
0.26413543721236027
0.26413543721236027
0.26413543721236027
0.2642176199868508
0.2642176199868508
0.26429980276134124
0.2643819855358317
0.26446416831032216
0.2645463510848126
0.26479289940828404
0.26479289940828404
0.26479289940828404
0.26479289940828404
0.2648750821827745
0.2653681788297173
0.26545036160420776
0.26545036160420776
0.26545036160420776
0.26545036160420776
0.26545036160420776
0.2655325443786982
0.2655325443786982
0.2656147271531887
0.2656147271531887
0.26569690992767914
0.26577909270216965
0.266025641025641
0.266025641025641
0.266025641025641
0.2661078238001315
0.2661078238001315
0.26627218934911245
0.2663543721236029
0.2663543721236029
0.26643655489809337
0.26643655489809337
0.2665187376725838
0.2665187376725838
0.2666009204470743
0.2666009204470743
0.26668310322156474
0.26668310322156474
0.26668310322156474
0.2667652859960552
0.26701183431952663
0.26717619986850755
0.2673405654174885
0.2673405654174885
0.26766929651545035
0.2678336620644313
0.2679158448389218
0.26799802761341224
0.26799802761341224
0.26799802761341224
0.26799802761341224
0.26799802761341224
0.26816239316239315
0.26816239316239315
0.2682445759368836
0.2682445759368836
0.2682445759368836
0.2682445759368836
0.2684089414858646
0.26849112426035504
0.26849112426035504
0.2685733070348455
0.2685733070348455
0.26865548980933596
0.26865548980933596
0.26865548980933596
0.26865548980933596
0.2687376725838264
0.2687376725838264
0.2688198553583169
0.2688198553583169
0.2689020381328074
0.2689020381328074
0.2689020381328074
0.26898422090729784
0.26898422090729784
0.2690664036817883
0.2690664036817883
0.2690664036817883
0.2690664036817883
0.2690664036817883
0.2690664036817883
0.26914858645627876
0.26914858645627876
0.26914858645627876
0.26914858645627876
0.26914858645627876
0.26914858645627876
0.26914858645627876
0.26914858645627876
0.2693129520052597
0.2693129520052597
0.2693129520052597
0.2693129520052597
0.2693951347797502
0.2693951347797502
0.2693951347797502
0.26947731755424065
0.26947731755424065
0.2695595003287311
0.2695595003287311
0.2695595003287311
0.2695595003287311
0.2698060486522025
0.2698060486522025
0.2698060486522025
0.2698060486522025
0.2698060486522025
0.269888231426693
0.269888231426693
0.269888231426693
0.26997041420118345
0.2700525969756739
0.2700525969756739
0.2700525969756739
0.2700525969756739
0.2700525969756739
0.2700525969756739
0.2700525969756739
0.27013477975016437
0.27013477975016437
0.27013477975016437
0.27013477975016437
0.27013477975016437
0.27013477975016437
0.2702169625246548
0.2702169625246548
0.2702169625246548
0.2702169625246548
0.27038132807363574
0.27046351084812625
0.27046351084812625
0.27046351084812625
0.2705456936226167
0.2705456936226167
0.2705456936226167
0.2705456936226167
0.2705456936226167
0.27062787639710717
0.27062787639710717
0.27071005917159763
0.2707922419460881
0.27087442472057854
0.27095660749506906
0.27095660749506906
0.27095660749506906
0.27112097304405
0.27120315581854043
0.27120315581854043
0.27120315581854043
0.2712853385930309
0.27136752136752135
0.27136752136752135
0.27136752136752135
0.27136752136752135
0.27136752136752135
0.27136752136752135
0.27144970414201186
0.27144970414201186
0.2715318869165023
0.2716140696909928
0.27169625246548323
0.27169625246548323
0.27169625246548323
0.27169625246548323
0.27169625246548323
0.27169625246548323
0.2719428007889546
0.2719428007889546
0.2719428007889546
0.2719428007889546
0.2719428007889546
0.2720249835634451
0.2720249835634451
0.2721071663379356
0.2722715318869165
0.27235371466140695
0.2724358974358974
0.2725180802103879
0.2726002629848784
0.27268244575936884
0.27268244575936884
0.2727646285338593
0.27301117685733073
0.27301117685733073
0.27301117685733073
0.2732577251808021
0.27333990795529256
0.27350427350427353
0.273586456278764
0.273586456278764
0.273586456278764
0.27383300460223536
0.27383300460223536
0.27383300460223536
0.27383300460223536
0.2739973701512163
0.2739973701512163
0.2740795529257068
0.2742439184746877
0.2742439184746877
0.27432610124917817
0.2744904667981591
0.2744904667981591
0.27465483234714005
0.2747370151216305
0.2747370151216305
0.2747370151216305
0.27481919789612097
0.27481919789612097
0.27481919789612097
0.27481919789612097
0.27490138067061143
0.2749835634451019
0.2750657462195924
0.27514792899408286
0.27514792899408286
0.27514792899408286
0.2752301117685733
0.2752301117685733
0.2752301117685733
0.27539447731755423
0.27539447731755423
0.2754766600920447
0.2754766600920447
0.27555884286653515
0.27555884286653515
0.27555884286653515
0.27564102564102566
0.27564102564102566
0.27564102564102566
0.2758053911900066
0.27588757396449703
0.2759697567389875
0.2759697567389875
0.2759697567389875
0.2759697567389875
0.2759697567389875
0.27605193951347795
0.27613412228796846
0.27613412228796846
0.27613412228796846
0.27613412228796846
0.27613412228796846
0.27613412228796846
0.2762163050624589
0.2762984878369494
0.2762984878369494
0.2762984878369494
0.2764628533859303
0.2764628533859303
0.2764628533859303
0.2764628533859303
0.27662721893491127
0.27662721893491127
0.27662721893491127
0.2767094017094017
0.2767915844838922
0.27687376725838264
0.2769559500328731
0.27720249835634453
0.277284681130835
0.277284681130835
0.277284681130835
0.277284681130835
0.277284681130835
0.277284681130835
0.27736686390532544
0.2774490466798159
0.2774490466798159
0.27753122945430636
0.27753122945430636
0.27753122945430636
0.27753122945430636
0.2776134122287968
0.2776134122287968
0.2777777777777778
0.2777777777777778
0.2777777777777778
0.27785996055226825
0.27785996055226825
0.2779421433267587
0.27802432610124916
0.27802432610124916
0.27802432610124916
0.2781065088757396
0.27818869165023014
0.2782708744247206
0.2782708744247206
0.27835305719921105
0.27835305719921105
0.27835305719921105
0.27835305719921105
0.27835305719921105
0.2784352399737015
0.27851742274819197
0.27851742274819197
0.27851742274819197
0.27851742274819197
0.27851742274819197
0.27851742274819197
0.2785996055226824
0.2785996055226824
0.2785996055226824
0.2785996055226824
0.2785996055226824
0.27868178829717294
0.27868178829717294
0.27868178829717294
0.27868178829717294
0.27868178829717294
0.2787639710716634
0.2787639710716634
0.2787639710716634
0.2787639710716634
0.2787639710716634
0.2787639710716634
0.2787639710716634
0.2787639710716634
0.2787639710716634
0.2787639710716634
0.2787639710716634
0.2787639710716634
0.2787639710716634
0.2787639710716634
0.2787639710716634
0.2787639710716634
0.27884615384615385
0.27884615384615385
