0.012080867850098619
0.017504930966469427
0.019888231426692965
0.022271531886916503
0.02383300460223537
0.024819197896120974
0.025887573964497042
0.02687376725838264
0.027777777777777776
0.028106508875739646
0.029667981591058514
0.03106508875739645
0.03172255095332018
0.03287310979618672
0.03410585141354372
0.03599605522682446
0.03673570019723866
0.03928336620644313
0.04100920447074293
0.043721236028928336
0.04585798816568047
0.047337278106508875
0.048570019723865876
0.050788954635108484
0.05210387902695595
0.05317225509533202
0.05374753451676528
0.054240631163708086
0.05498027613412229
0.056048652202498356
0.05695266272189349
0.05752794214332676
0.05802103879026956
0.058431952662721894
0.05900723208415516
0.05933596318211703
0.059664694280078895
0.0604043392504931
0.060897435897435896
0.0613905325443787
0.06180144641683103
0.0623767258382643
0.06254109138724523
0.0631163708086785
0.06360946745562131
0.06393819855358317
0.0641025641025641
0.06443129520052597
0.06476002629848784
0.0650887573964497
0.06541748849441158
0.06566403681788298
0.06574621959237344
0.06607495069033531
0.06640368178829717
0.06689677843523997
0.06697896120973044
0.0670611439842209
0.06747205785667325
0.0675542406311637
0.06780078895463511
0.06788297172912558
0.06804733727810651
0.06821170282708744
0.06845825115055884
0.06854043392504931
0.06886916502301117
0.06903353057199212
0.06911571334648257
0.06936226166995398
0.06977317554240631
0.06993754109138725
0.07010190664036818
0.07026627218934911
0.07059500328731098
0.07067718606180144
0.07084155161078239
0.07117028270874425
0.07141683103221565
0.07158119658119658
0.07166337935568705
0.07174556213017752
0.07215647600262985
0.07240302432610125
0.07240302432610125
0.07248520710059171
0.07281393819855358
0.07306048652202499
0.07314266929651544
0.07322485207100592
0.07322485207100592
0.07330703484549639
0.07338921761998685
0.07355358316896779
0.07371794871794872
0.07412886259040105
0.07429322813938198
0.07453977646285338
0.07453977646285338
0.07462195923734385
0.07470414201183433
0.07486850756081526
0.07511505588428666
0.07536160420775806
0.07569033530571992
0.07593688362919132
0.07618343195266272
0.0765121630506246
0.07684089414858646
0.07692307692307693
0.07708744247205786
0.07708744247205786
0.07708744247205786
0.07716962524654833
0.07741617357001973
0.07758053911900066
0.07807363576594346
0.0782380013149244
0.07864891518737673
0.07889546351084813
0.0789776462853386
0.07905982905982906
0.07938856015779093
0.07947074293228139
0.07963510848126233
0.07979947403024326
0.08004602235371466
0.08062130177514792
0.0807034845496384
0.08103221564760027
0.0811965811965812
0.08152531229454306
0.081689677843524
0.081689677843524
0.08185404339250493
0.08201840894148586
0.08218277449046679
0.08234714003944774
0.08234714003944774
0.08284023668639054
0.08284023668639054
0.0831689677843524
0.0836620644312952
0.0839086127547666
0.08399079552925706
0.08399079552925706
0.084155161078238
0.08431952662721894
0.08448389217619987
0.08456607495069034
0.08464825772518081
0.08883957922419461
0.08908612754766601
0.08933267587113741
0.08957922419460881
0.08974358974358974
0.08974358974358974
0.08990795529257067
0.09015450361604208
0.09015450361604208
0.09023668639053255
0.09040105193951348
0.09040105193951348
0.09048323471400395
0.09064760026298488
0.09072978303747535
0.09072978303747535
0.09081196581196581
0.09089414858645628
0.09089414858645628
0.09089414858645628
0.09089414858645628
0.09122287968441814
0.09138724523339908
0.09138724523339908
0.09138724523339908
0.09155161078238001
0.09163379355687049
0.09171597633136094
0.09179815910585142
0.09179815910585142
0.09196252465483234
0.09212689020381327
0.09220907297830375
0.09237343852728468
0.09253780407626562
0.09261998685075608
0.09270216962524655
0.09278435239973702
0.09278435239973702
0.09278435239973702
0.09286653517422748
0.09286653517422748
0.09303090072320841
0.09311308349769888
0.09311308349769888
0.09319526627218935
0.09319526627218935
0.09327744904667981
0.09344181459566075
0.09352399737015121
0.09360618014464168
0.09377054569362261
0.09401709401709402
0.09434582511505589
0.09442800788954635
0.09459237343852729
0.09459237343852729
0.09475673898750822
0.09492110453648915
0.09508547008547008
0.09516765285996055
0.09524983563445102
0.09533201840894148
0.09541420118343195
0.09549638395792243
0.09549638395792243
0.09566074950690336
0.09566074950690336
0.09590729783037476
0.09607166337935569
0.09623602892833662
0.09623602892833662
0.09631821170282709
0.09640039447731756
0.09664694280078895
0.09672912557527942
0.09681130834976989
0.09681130834976989
0.09681130834976989
0.09689349112426035
0.09722222222222222
0.09755095332018408
0.09755095332018408
0.09763313609467456
0.09787968441814596
0.09787968441814596
0.09787968441814596
0.09787968441814596
0.09796186719263643
0.09804404996712689
0.09804404996712689
0.09812623274161736
0.09820841551610783
0.09837278106508876
0.09837278106508876
0.09837278106508876
0.09837278106508876
0.09837278106508876
0.09837278106508876
0.09837278106508876
0.09845496383957922
0.09845496383957922
0.09878369493754109
0.09886587771203156
0.09886587771203156
0.09886587771203156
0.09894806048652202
0.09894806048652202
0.09894806048652202
0.0990302432610125
0.09911242603550297
0.09919460880999342
0.09919460880999342
0.09919460880999342
0.09944115713346482
0.0997698882314267
0.0997698882314267
0.1000164365548981
0.10018080210387903
0.10026298487836949
0.10026298487836949
0.10034516765285996
0.10042735042735043
0.10067389875082183
0.10083826429980276
0.10083826429980276
0.10092044707429323
0.10100262984878369
0.10100262984878369
0.10116699539776462
0.10116699539776462
0.10765943458251151
0.10774161735700197
0.10782380013149244
0.10790598290598291
0.10790598290598291
0.10790598290598291
0.10807034845496384
0.10815253122945431
0.10815253122945431
0.1083990795529257
0.10856344510190664
0.10856344510190664
0.10856344510190664
0.10856344510190664
0.10856344510190664
0.10856344510190664
0.1086456278763971
0.10880999342537805
0.10880999342537805
0.10905654174884945
0.10922090729783038
0.10930309007232084
0.10930309007232084
0.10930309007232084
0.11102892833662065
0.1111111111111111
0.11119329388560158
0.11127547666009205
0.1113576594345825
0.1113576594345825
0.11152202498356345
0.11152202498356345
0.11160420775805391
0.11160420775805391
0.11168639053254438
0.11168639053254438
0.11185075608152531
0.11193293885601578
0.11193293885601578
0.11217948717948718
0.11226166995397764
0.11234385272846811
0.11234385272846811
0.11234385272846811
0.11234385272846811
0.11234385272846811
0.11242603550295859
0.11242603550295859
0.11242603550295859
0.11242603550295859
0.11250821827744904
0.11259040105193951
0.11259040105193951
0.11267258382642999
0.11267258382642999
0.11275476660092044
0.11283694937541092
0.11291913214990137
0.11291913214990137
0.11300131492439185
0.11308349769888232
0.11324786324786325
0.11333004602235372
0.11341222879684418
0.11365877712031558
0.11374095989480605
0.11390532544378698
0.11406969099276791
0.11415187376725838
0.11423405654174885
0.11431623931623931
0.11448060486522026
0.11448060486522026
0.11456278763971071
0.11464497041420119
0.11464497041420119
0.11464497041420119
0.11472715318869164
0.11472715318869164
0.11472715318869164
0.11472715318869164
0.11489151873767259
0.11489151873767259
0.11489151873767259
0.11489151873767259
0.11497370151216305
0.11505588428665352
0.11513806706114399
0.11530243261012492
0.11530243261012492
0.11538461538461539
0.11546679815910585
0.11546679815910585
0.11563116370808678
0.11571334648257725
0.11579552925706772
0.11579552925706772
0.11579552925706772
0.11587771203155818
0.11604207758053912
0.11612426035502958
0.11612426035502958
0.11612426035502958
0.11620644312952005
0.11620644312952005
0.11620644312952005
0.11653517422748191
0.11669953977646286
0.11669953977646286
0.11669953977646286
0.11669953977646286
0.11669953977646286
0.11669953977646286
0.11669953977646286
0.11669953977646286
0.11669953977646286
0.11678172255095332
0.11678172255095332
0.11678172255095332
0.11686390532544379
0.11694608809993426
0.11694608809993426
0.11694608809993426
0.11694608809993426
0.11694608809993426
0.11694608809993426
0.11702827087442472
0.11702827087442472
0.11711045364891519
0.11711045364891519
0.11711045364891519
0.11719263642340566
0.11727481919789612
0.11735700197238659
0.11735700197238659
0.11735700197238659
0.11743918474687705
0.11743918474687705
0.11752136752136752
0.11760355029585799
0.11760355029585799
0.11760355029585799
0.11760355029585799
0.11776791584483892
0.11776791584483892
0.11793228139381985
0.11801446416831032
0.11801446416831032
0.11801446416831032
0.11834319526627218
0.11842537804076265
0.11858974358974358
0.11867192636423406
0.11867192636423406
0.11875410913872453
0.11900065746219593
0.11916502301117686
0.11932938856015779
0.11941157133464826
0.11982248520710059
0.11982248520710059
0.11990466798159106
0.11998685075608152
0.11998685075608152
0.120069033530572
0.120069033530572
0.120069033530572
0.12015121630506245
0.12015121630506245
0.12023339907955292
0.12023339907955292
0.12039776462853385
0.12047994740302433
0.1205621301775148
0.12072649572649573
0.12089086127547666
0.12089086127547666
0.12097304404996713
0.12105522682445759
0.12105522682445759
0.12113740959894806
0.12113740959894806
0.12113740959894806
0.12130177514792899
0.12138395792241946
0.12138395792241946
0.12146614069690993
0.12146614069690993
0.12146614069690993
0.12154832347140039
0.12163050624589086
0.12163050624589086
0.12163050624589086
0.12163050624589086
0.12163050624589086
0.12163050624589086
0.12163050624589086
0.12163050624589086
0.12163050624589086
0.12163050624589086
0.12187705456936226
0.12195923734385272
0.1220414201183432
0.1220414201183432
0.12212360289283367
0.12220578566732412
0.12220578566732412
0.12237015121630507
0.12245233399079553
0.12245233399079553
0.12245233399079553
0.12245233399079553
0.12245233399079553
0.12245233399079553
0.122534516765286
0.122534516765286
0.122534516765286
0.12269888231426693
0.12269888231426693
0.12269888231426693
0.12269888231426693
0.1227810650887574
0.1227810650887574
0.12286324786324786
0.12294543063773833
0.12294543063773833
0.12294543063773833
0.1230276134122288
0.12310979618671926
0.12319197896120973
0.12319197896120973
0.12319197896120973
0.1232741617357002
0.12335634451019066
0.1235207100591716
0.1235207100591716
0.1235207100591716
0.12360289283366206
0.12360289283366206
0.12376725838264299
0.12376725838264299
0.12376725838264299
0.12376725838264299
0.12376725838264299
0.12393162393162394
0.12393162393162394
0.1240138067061144
0.12409598948060487
0.12417817225509534
0.12417817225509534
0.1242603550295858
0.1242603550295858
0.1242603550295858
0.1242603550295858
0.12434253780407627
0.12434253780407627
0.12434253780407627
0.1245069033530572
0.1245069033530572
0.1245069033530572
0.1245069033530572
0.12458908612754767
0.1247534516765286
0.1247534516765286
0.12483563445101907
0.12491781722550953
0.12491781722550953
0.125
0.125
0.125
0.125
0.12516436554898094
0.12516436554898094
0.12532873109796186
0.12541091387245235
0.1254930966469428
0.1254930966469428
0.1254930966469428
0.1254930966469428
0.12565746219592375
0.12565746219592375
0.12565746219592375
0.12582182774490466
0.12582182774490466
0.12590401051939515
0.1259861932938856
0.1259861932938856
0.12615055884286652
0.12615055884286652
0.12639710716633792
0.12639710716633792
0.12639710716633792
0.1264792899408284
0.1264792899408284
0.12664365548980933
0.1267258382642998
0.1267258382642998
0.1267258382642998
0.12689020381328073
0.12689020381328073
0.12689020381328073
0.12689020381328073
0.1269723865877712
0.1269723865877712
0.12705456936226167
0.12713675213675213
0.12713675213675213
0.12713675213675213
0.12721893491124261
0.12721893491124261
0.12721893491124261
0.12730111768573307
0.12738330046022353
0.12738330046022353
0.12738330046022353
0.12754766600920447
0.12754766600920447
0.12754766600920447
0.12754766600920447
0.12762984878369493
0.12762984878369493
0.12771203155818542
0.12771203155818542
0.12779421433267588
0.12779421433267588
0.12779421433267588
0.12779421433267588
0.12787639710716633
0.12787639710716633
0.12787639710716633
0.12787639710716633
0.12787639710716633
0.1279585798816568
0.1279585798816568
0.12804076265614728
0.12812294543063774
0.12812294543063774
0.12812294543063774
0.1282051282051282
0.12828731097961868
0.12828731097961868
0.12828731097961868
0.1284516765285996
0.1284516765285996
0.128698224852071
0.12878040762656148
0.12878040762656148
0.12878040762656148
0.12886259040105194
0.12886259040105194
0.12886259040105194
0.12886259040105194
0.12886259040105194
0.12886259040105194
0.12886259040105194
0.12886259040105194
0.12886259040105194
0.12886259040105194
0.12886259040105194
0.1289447731755424
0.12902695595003288
0.12910913872452334
0.1291913214990138
0.1291913214990138
0.12927350427350429
0.12927350427350429
0.12927350427350429
0.12935568704799474
0.12935568704799474
0.12935568704799474
0.12935568704799474
0.12935568704799474
0.1295200525969757
0.12960223537146615
0.1296844181459566
0.12976660092044706
0.12976660092044706
0.12976660092044706
0.12976660092044706
0.12976660092044706
0.12984878369493755
0.129930966469428
0.129930966469428
0.13001314924391846
0.13001314924391846
0.13001314924391846
0.13001314924391846
0.13001314924391846
0.13009533201840895
0.13009533201840895
0.13009533201840895
0.1301775147928994
0.1301775147928994
0.1301775147928994
0.13025969756738986
0.13025969756738986
0.13025969756738986
0.13025969756738986
0.13025969756738986
0.13025969756738986
0.13034188034188035
0.13034188034188035
0.13034188034188035
0.13034188034188035
0.13034188034188035
0.13034188034188035
0.13034188034188035
0.1304240631163708
0.1304240631163708
0.13050624589086127
0.13050624589086127
0.13083497698882315
0.13083497698882315
0.13083497698882315
0.13083497698882315
0.1309171597633136
0.131163708086785
0.13132807363576596
0.13141025641025642
0.13141025641025642
0.13149243918474687
0.13149243918474687
0.13157462195923733
0.13157462195923733
0.13157462195923733
0.13165680473372782
0.13173898750821827
0.13182117028270873
0.13182117028270873
0.13182117028270873
0.13190335305719922
0.13198553583168968
0.13214990138067062
0.13214990138067062
0.13214990138067062
0.13214990138067062
0.13214990138067062
0.13223208415516108
0.13223208415516108
0.13223208415516108
0.13223208415516108
0.13231426692965154
0.13231426692965154
0.13231426692965154
0.13231426692965154
0.13239644970414202
0.13239644970414202
0.13239644970414202
0.13247863247863248
0.13247863247863248
0.13247863247863248
0.13247863247863248
0.13247863247863248
0.13247863247863248
0.13247863247863248
0.13264299802761342
0.13272518080210388
0.13280736357659434
0.13280736357659434
0.13280736357659434
0.13280736357659434
0.13280736357659434
0.13288954635108483
0.13297172912557528
0.13313609467455623
0.13321827744904668
0.13321827744904668
0.13321827744904668
0.13321827744904668
0.13321827744904668
0.13330046022353714
0.13330046022353714
0.1333826429980276
0.1334648257725181
0.1334648257725181
0.1334648257725181
0.1334648257725181
0.1334648257725181
0.1334648257725181
0.13354700854700854
0.13354700854700854
0.13354700854700854
0.1337113740959895
0.1337113740959895
0.1337113740959895
0.1337113740959895
0.1337113740959895
0.1337113740959895
0.1337113740959895
0.1337113740959895
0.1337113740959895
0.13379355687047995
0.13379355687047995
0.13379355687047995
0.1338757396449704
0.1338757396449704
0.1338757396449704
0.1339579224194609
0.1339579224194609
0.1339579224194609
0.13404010519395135
0.1342044707429323
0.1342044707429323
0.13428665351742275
0.1343688362919132
0.1343688362919132
0.1343688362919132
0.1343688362919132
0.1344510190664037
0.1344510190664037
0.1344510190664037
0.1346153846153846
0.1346153846153846
0.1346153846153846
0.1346153846153846
0.1346153846153846
0.1346153846153846
0.1346153846153846
0.13477975016436555
0.13477975016436555
0.13477975016436555
0.13477975016436555
0.134861932938856
0.1349441157133465
0.1349441157133465
0.1349441157133465
0.1349441157133465
0.13502629848783695
0.13502629848783695
0.1351084812623274
0.1351084812623274
0.1351084812623274
0.1351084812623274
0.13519066403681787
0.13519066403681787
0.13519066403681787
0.13535502958579881
0.13535502958579881
0.13535502958579881
0.13543721236028927
0.13543721236028927
0.13543721236028927
0.13543721236028927
0.13543721236028927
0.13543721236028927
0.13560157790927022
0.13560157790927022
0.13560157790927022
0.13560157790927022
0.13560157790927022
0.13560157790927022
0.13576594345825116
0.13576594345825116
0.13576594345825116
0.13576594345825116
0.13593030900723208
0.13593030900723208
0.13593030900723208
0.13593030900723208
0.13601249178172256
0.13601249178172256
0.13601249178172256
0.13601249178172256
0.13601249178172256
0.13601249178172256
0.13601249178172256
0.13609467455621302
0.13609467455621302
0.13617685733070348
0.13617685733070348
0.13617685733070348
0.13625904010519396
0.13625904010519396
0.13625904010519396
0.13625904010519396
0.13625904010519396
0.13625904010519396
0.13634122287968442
0.13634122287968442
0.13642340565417488
0.13650558842866536
0.13650558842866536
0.13650558842866536
0.13658777120315582
0.13658777120315582
0.13666995397764628
0.13666995397764628
0.13666995397764628
0.13666995397764628
0.13666995397764628
0.13675213675213677
0.13675213675213677
0.13683431952662722
0.13683431952662722
0.13683431952662722
0.13683431952662722
0.13683431952662722
0.13683431952662722
0.13691650230111768
0.13691650230111768
0.13691650230111768
0.13699868507560814
0.13699868507560814
0.13699868507560814
0.13699868507560814
0.13716305062458908
0.13732741617357003
0.13732741617357003
0.13732741617357003
0.13732741617357003
0.13740959894806049
0.13740959894806049
0.13749178172255094
0.13749178172255094
0.13749178172255094
0.13757396449704143
0.1376561472715319
0.13773833004602234
0.13773833004602234
0.13773833004602234
0.13773833004602234
0.13773833004602234
0.13782051282051283
0.1379026955950033
0.1379026955950033
0.13798487836949375
0.13806706114398423
0.1381492439184747
0.1381492439184747
0.13823142669296515
0.13823142669296515
0.13831360946745563
0.13831360946745563
0.1383957922419461
0.13856015779092704
0.13856015779092704
0.13856015779092704
0.13856015779092704
0.1386423405654175
0.1386423405654175
0.13872452333990795
0.13872452333990795
0.13872452333990795
0.13872452333990795
0.1388067061143984
0.1388067061143984
0.1388067061143984
0.1388067061143984
0.1388888888888889
0.1388888888888889
0.1388888888888889
0.13897107166337935
0.1390532544378698
0.13921761998685075
0.13921761998685075
0.1392998027613412
0.1392998027613412
0.1392998027613412
0.1392998027613412
0.1393819855358317
0.1393819855358317
0.13946416831032216
0.13946416831032216
0.13954635108481261
0.13954635108481261
0.13954635108481261
0.1396285338593031
0.1396285338593031
0.1396285338593031
0.1396285338593031
0.1396285338593031
0.1396285338593031
0.1396285338593031
0.1396285338593031
0.1396285338593031
0.1396285338593031
0.1396285338593031
0.1396285338593031
0.13979289940828402
0.13979289940828402
0.13979289940828402
0.13979289940828402
0.13979289940828402
0.1398750821827745
0.1398750821827745
0.14003944773175542
0.1401216305062459
0.14020381328073636
0.14020381328073636
0.14028599605522682
0.1403681788297173
0.1403681788297173
0.14045036160420776
0.14053254437869822
0.14053254437869822
0.14053254437869822
0.14053254437869822
0.14061472715318868
0.14061472715318868
0.14061472715318868
0.14061472715318868
0.14077909270216962
0.14077909270216962
0.14077909270216962
0.14077909270216962
0.14077909270216962
0.14086127547666008
0.14094345825115057
0.14102564102564102
0.14102564102564102
0.14102564102564102
0.14102564102564102
0.14102564102564102
0.14102564102564102
0.14102564102564102
0.14102564102564102
0.14119000657462197
0.14119000657462197
