0.013477975016436555
0.0190664036817883
0.022928994082840236
0.028353057199211044
0.04215976331360947
0.04980276134122288
0.055802103879026954
0.06254109138724523
0.07158119658119658
0.07486850756081526
0.08062130177514792
0.08357988165680473
0.08703155818540434
0.09894806048652202
0.10083826429980276
0.10264628533859303
0.10412557527942143
0.10560486522024984
0.10749506903353057
0.10897435897435898
0.11020710059171597
0.11193293885601578
0.11283694937541092
0.11415187376725838
0.11579552925706772
0.11727481919789612
0.11998685075608152
0.12171268902038133
0.1232741617357002
0.1245069033530572
0.1254930966469428
0.12713675213675213
0.12812294543063774
0.1291913214990138
0.1309171597633136
0.13223208415516108
0.1337113740959895
0.1349441157133465
0.13576594345825116
0.13749178172255094
0.13856015779092704
0.14127218934911243
0.14538132807363577
0.14669625246548323
0.14760026298487838
0.14858645627876396
0.14932610124917817
0.15031229454306377
0.15096975673898752
0.15203813280736359
0.1527777777777778
0.15376397107166337
0.15475016436554898
0.15573635765943458
0.15639381985535833
0.1571334648257725
0.1576265614727153
0.15803747534516766
0.15836620644312951
0.15885930309007232
0.15910585141354372
0.16000986193293887
0.16058514135437213
0.16107823800131493
0.16206443129520054
0.16296844181459566
0.16329717291255752
0.16452991452991453
0.1648586456278764
0.16543392504930968
0.16600920447074294
0.16650230111768574
0.167077580539119
0.16789940828402367
0.168310322156476
0.16888560157790927
0.16921433267587113
0.1700361604207758
0.17069362261669954
0.17143326758711375
0.172008547008547
0.1727481919789612
0.17324128862590402
0.17365220249835633
0.17406311637080868
0.17439184746877054
0.1749671268902038
0.1755424063116371
0.1762820512820513
0.17685733070348456
0.17743261012491782
0.17759697567389876
0.17833662064431297
0.17866535174227482
0.17907626561472714
0.1792406311637081
0.17932281393819854
0.18006245890861275
0.18055555555555555
0.18137738330046022
0.1817061143984221
0.18211702827087442
0.18244575936883628
0.18277449046679817
0.18326758711374097
0.18334976988823143
0.1836785009861933
0.1844181459566075
0.1846646942800789
0.1846646942800789
0.18507560815253124
0.18523997370151216
0.1854043392504931
0.18581525312294542
0.18630834976988822
0.1866370808678501
0.18696581196581197
0.1873767258382643
0.18754109138724523
0.18795200525969757
0.18819855358316898
0.18852728468113084
0.18877383300460224
0.18893819855358318
0.1891025641025641
0.18951347797501644
0.1895956607495069
0.18992439184746876
0.1903353057199211
0.19066403681788296
0.19074621959237345
0.1908284023668639
0.19091058514135437
0.1910749506903353
0.1913214990138067
0.1915680473372781
0.19181459566074952
0.19197896120973043
0.19214332675871137
0.19247205785667323
0.19263642340565418
0.19312952005259698
0.19345825115055884
0.1937869822485207
0.19395134779750164
0.1941157133464826
0.194362261669954
0.1945266272189349
0.19485535831689677
0.19543063773833005
0.19559500328731097
0.19567718606180146
0.19600591715976332
0.19641683103221566
0.19666337935568703
0.19699211045364892
0.19723865877712032
0.19740302432610124
0.19748520710059173
0.19781393819855358
0.198060486522025
0.19822485207100593
0.1988001314924392
0.19912886259040105
0.19937541091387245
0.1997041420118343
0.19986850756081526
0.2000328731097962
0.20011505588428666
0.20036160420775806
0.20060815253122946
0.20093688362919132
0.20110124917817226
0.20118343195266272
0.20118343195266272
0.20118343195266272
0.20151216305062458
0.20167652859960553
0.20192307692307693
0.20216962524654833
0.20233399079552924
0.20258053911900065
0.20266272189349113
0.20290927021696253
0.20332018408941485
0.20381328073635765
0.20422419460881
0.2044707429322814
0.20479947403024326
0.20512820512820512
0.20512820512820512
0.20553911900065747
0.20603221564760027
0.20636094674556213
0.20652531229454307
0.20660749506903353
0.20685404339250493
0.20726495726495728
0.20759368836291914
0.207922419460881
0.2081689677843524
0.2081689677843524
0.20849769888231426
0.20857988165680474
0.20882642998027615
0.20899079552925706
0.209155161078238
0.2094017094017094
0.2096482577251808
0.2098948060486522
0.20997698882314267
0.21005917159763313
0.21005917159763313
0.21063445101906642
0.21071663379355687
0.2111275476660092
0.21129191321499013
0.21145627876397108
0.21178500986193294
0.2123602892833662
0.2123602892833662
0.21244247205785668
0.2126890203813281
0.21293556870479946
0.2130999342537804
0.2130999342537804
0.21326429980276135
0.21351084812623275
0.214086127547666
0.21425049309664695
0.21441485864562787
0.21482577251808022
0.21482577251808022
0.21515450361604208
0.21515450361604208
0.21515450361604208
0.21531886916502302
0.21548323471400394
0.21572978303747534
0.21589414858645628
0.21597633136094674
0.21605851413543722
0.21614069690992768
0.21630506245890863
0.21638724523339908
0.21655161078238
0.21655161078238
0.2167981591058514
0.21696252465483234
0.2170447074293228
0.2172912557527942
0.2178665351742275
0.21794871794871795
0.2181130834976989
0.21844181459566075
0.21860618014464167
0.21868836291913216
0.21877054569362261
0.21893491124260356
0.21926364234056542
0.21926364234056542
0.21942800788954636
0.21967455621301776
0.21992110453648916
0.22016765285996054
0.22049638395792243
0.22049638395792243
0.22098948060486523
0.2210716633793557
0.22148257725180803
0.22148257725180803
0.22164694280078895
0.2219756738987508
0.22214003944773175
0.2225509533201841
0.222715318869165
0.222715318869165
0.2227975016436555
0.22287968441814596
0.22296186719263641
0.22312623274161736
0.2235371466140697
0.2235371466140697
0.22386587771203156
0.22394806048652202
0.22403024326101248
0.22419460880999342
0.22427679158448388
0.22444115713346482
0.22460552268244577
0.22476988823142668
0.22485207100591717
0.22501643655489809
0.22518080210387903
0.22534516765285997
0.22542735042735043
0.22559171597633135
0.22567389875082183
0.22583826429980275
0.22592044707429323
0.2260026298487837
0.22608481262327415
0.2262491781722551
0.22657790927021695
0.2267422748191979
0.22690664036817884
0.22690664036817884
0.22707100591715976
0.22715318869165024
0.2272353714661407
0.2274819197896121
0.22764628533859302
0.2279750164365549
0.22813938198553582
0.22830374753451677
0.2284681130834977
0.2284681130834977
0.22855029585798817
0.22855029585798817
0.22879684418145957
0.2292077580539119
0.2292077580539119
0.22928994082840237
0.22978303747534518
0.22978303747534518
0.2299474030243261
0.23002958579881658
0.23011176857330704
0.23027613412228798
0.23027613412228798
0.23035831689677844
0.23035831689677844
0.23035831689677844
0.23052268244575938
0.2306870479947403
0.2309335963182117
0.23109796186719264
0.2311801446416831
0.2311801446416831
0.23126232741617356
0.23134451019066404
0.2314266929651545
0.23150887573964496
0.2316732412886259
0.2316732412886259
0.23175542406311636
0.23175542406311636
0.23183760683760685
0.23183760683760685
0.23183760683760685
0.2319197896120973
0.23200197238658776
0.23200197238658776
0.23200197238658776
0.2321663379355687
0.23233070348454965
0.2324128862590401
0.2324128862590401
0.23249506903353057
0.2326594345825115
0.23282380013149243
0.23282380013149243
0.2329059829059829
0.23307034845496383
0.23323471400394477
0.23323471400394477
0.23331689677843523
0.23348126232741617
0.23356344510190663
0.23364562787639712
0.23389217619986852
0.23389217619986852
0.23413872452333992
0.23413872452333992
0.23413872452333992
0.23430309007232084
0.23446745562130178
0.23454963839579224
0.2346318211702827
0.23479618671926364
0.23479618671926364
0.2348783694937541
0.23496055226824458
0.23504273504273504
0.23504273504273504
0.23528928336620644
0.23528928336620644
0.23545364891518739
0.23553583168967784
0.23553583168967784
0.2356180144641683
0.2357001972386588
0.2359467455621302
0.23602892833662065
0.2361932938856016
0.2363576594345825
0.23643984220907296
0.23643984220907296
0.23643984220907296
0.23643984220907296
0.23652202498356345
0.23652202498356345
0.2366042077580539
0.23676857330703485
0.23701512163050625
0.23742603550295857
0.23750821827744906
0.23767258382642997
0.23775476660092046
0.23791913214990137
0.23800131492439186
0.23816568047337278
0.23841222879684418
0.23898750821827744
0.23898750821827744
0.23915187376725838
0.23923405654174884
0.23931623931623933
0.23931623931623933
0.23931623931623933
0.23956278763971073
0.23964497041420119
0.23980933596318213
0.2398915187376726
0.23997370151216305
0.24022024983563445
0.2403024326101249
0.24046679815910585
0.2405489809335963
0.2405489809335963
0.2406311637080868
0.24071334648257725
0.2408777120315582
0.2410420775805391
0.2411242603550296
0.24120644312952005
0.241370808678501
0.24145299145299146
0.24178172255095332
0.24194608809993426
0.24202827087442472
0.24202827087442472
0.24227481919789612
0.24235700197238658
0.24252136752136752
0.24268573307034846
0.24268573307034846
0.24285009861932938
0.24301446416831032
0.24317882971729127
0.24358974358974358
0.24358974358974358
0.24375410913872453
0.24375410913872453
0.243836291913215
0.24400065746219593
0.24441157133464825
0.24441157133464825
0.24449375410913873
0.24449375410913873
0.24465811965811965
0.24490466798159105
0.24498685075608154
0.245069033530572
0.24515121630506245
0.24523339907955294
0.24539776462853385
0.2455621301775148
0.24564431295200526
0.24564431295200526
0.24589086127547666
0.24589086127547666
0.2460552268244576
0.24613740959894806
0.24621959237343852
0.24621959237343852
0.24621959237343852
0.24621959237343852
0.24621959237343852
0.246301775147929
0.246301775147929
0.24638395792241946
0.2465483234714004
0.24663050624589086
0.2467948717948718
0.2467948717948718
0.2467948717948718
0.24695923734385272
0.2470414201183432
0.24712360289283367
0.24737015121630507
0.24745233399079553
0.24753451676528598
0.24769888231426693
0.24794543063773833
0.24810979618671927
0.24819197896120973
0.2482741617357002
0.2482741617357002
0.24843852728468113
0.2485207100591716
0.24860289283366208
0.248767258382643
0.248767258382643
0.24884944115713348
0.24909598948060485
0.24909598948060485
0.24909598948060485
0.24909598948060485
0.2492603550295858
0.2495069033530572
0.24958908612754765
0.2497534516765286
0.24983563445101906
0.24983563445101906
0.24991781722550954
0.25008218277449046
0.25008218277449046
0.2501643655489809
0.2503287310979619
0.25041091387245235
0.25057527942143326
0.2506574621959237
0.2508218277449047
0.2508218277449047
0.2508218277449047
0.25090401051939515
0.25090401051939515
0.25106837606837606
0.2511505588428665
0.251232741617357
0.2513149243918475
0.2513149243918475
0.25139710716633795
0.2514792899408284
0.2514792899408284
0.25156147271531887
0.2516436554898093
0.2516436554898093
0.2516436554898093
0.2517258382642998
0.25189020381328076
0.25189020381328076
0.25189020381328076
0.2519723865877712
0.2519723865877712
0.2519723865877712
0.2519723865877712
0.25205456936226167
0.25205456936226167
0.25213675213675213
0.25230111768573305
0.25238330046022356
0.2525476660092045
0.2527120315581854
0.2527120315581854
0.25279421433267585
0.25287639710716636
0.2529585798816568
0.2530407626561473
0.2534516765285996
0.2535338593030901
0.2535338593030901
0.25361604207758054
0.253698224852071
0.25378040762656146
0.2538625904010519
0.2539447731755424
0.2539447731755424
0.2541913214990138
0.25427350427350426
0.25427350427350426
0.2543556870479947
0.2543556870479947
0.2543556870479947
0.2543556870479947
0.2543556870479947
0.25443786982248523
0.2545200525969757
0.2545200525969757
0.25460223537146615
0.2546844181459566
0.2548487836949375
0.25493096646942803
0.2550131492439185
0.25509533201840895
0.2551775147928994
0.25525969756738986
0.2553418803418803
0.2553418803418803
0.2553418803418803
0.25542406311637084
0.25542406311637084
0.25542406311637084
0.25542406311637084
0.2555062458908613
0.2555062458908613
0.2556706114398422
0.2556706114398422
0.2556706114398422
0.2556706114398422
0.2556706114398422
0.2558349769888231
0.2559993425378041
0.2559993425378041
0.2559993425378041
0.256163708086785
0.256163708086785
0.256163708086785
0.256163708086785
0.2564102564102564
0.2564924391847469
0.2564924391847469
0.25657462195923736
0.25657462195923736
0.25657462195923736
0.2566568047337278
0.25682117028270873
0.25682117028270873
0.2569855358316897
0.25706771860618016
0.25706771860618016
0.25706771860618016
0.25706771860618016
0.25731426692965154
0.257396449704142
0.257396449704142
0.2576429980276134
0.25780736357659434
0.2578895463510848
0.25797172912557526
0.25797172912557526
0.25797172912557526
0.25797172912557526
0.25805391190006577
0.25805391190006577
0.2582182774490467
0.25830046022353714
0.25846482577251806
0.25846482577251806
0.25846482577251806
0.25846482577251806
0.25846482577251806
0.2587113740959895
0.25879355687047995
0.25895792241946086
0.2590401051939514
0.2590401051939514
0.2590401051939514
0.2590401051939514
0.25912228796844183
0.25912228796844183
0.25912228796844183
0.25912228796844183
0.2592044707429323
0.25928665351742275
0.25928665351742275
0.2593688362919132
0.25945101906640367
0.25945101906640367
0.2595332018408941
0.25961538461538464
0.25961538461538464
0.25961538461538464
0.25961538461538464
0.25977975016436555
0.25977975016436555
0.25977975016436555
0.25977975016436555
0.25977975016436555
0.259861932938856
0.259861932938856
0.2600262984878369
0.2600262984878369
0.2600262984878369
0.2600262984878369
0.26010848126232744
0.26027284681130836
0.26027284681130836
0.2603550295857988
0.26043721236028927
0.26043721236028927
0.26043721236028927
0.26051939513477973
0.2606837606837607
0.2606837606837607
0.26076594345825116
0.2608481262327416
0.2609303090072321
0.2609303090072321
0.26101249178172253
0.261094674556213
0.2611768573307035
0.2611768573307035
0.2611768573307035
0.2613412228796844
0.2614234056541749
0.2615877712031558
0.2615877712031558
0.2615877712031558
0.26175213675213677
0.26175213675213677
0.26175213675213677
0.26175213675213677
0.26199868507560814
0.26224523339907957
0.26232741617357
0.26232741617357
0.26232741617357
0.2624095989480605
0.26249178172255094
0.2625739644970414
0.2625739644970414
0.2626561472715319
0.2626561472715319
0.2627383300460224
0.2627383300460224
0.26282051282051283
0.26298487836949375
0.26298487836949375
0.26298487836949375
0.26298487836949375
0.26298487836949375
0.2630670611439842
0.2630670611439842
0.2630670611439842
0.2630670611439842
0.2630670611439842
0.2630670611439842
0.2630670611439842
0.2630670611439842
0.2630670611439842
0.26314924391847466
0.26331360946745563
0.2633957922419461
0.26347797501643655
0.263560157790927
0.263560157790927
0.263560157790927
0.26364234056541747
0.26364234056541747
0.263724523339908
0.263724523339908
0.263724523339908
0.26380670611439844
0.2638888888888889
0.2640532544378698
0.2640532544378698
0.2640532544378698
0.2640532544378698
0.2640532544378698
0.26413543721236027
0.26413543721236027
0.2642176199868508
0.2642176199868508
0.2642176199868508
0.2642176199868508
0.2642176199868508
0.2642176199868508
0.2642176199868508
0.26429980276134124
0.26446416831032216
0.26446416831032216
0.2645463510848126
0.2646285338593031
0.2646285338593031
0.26479289940828404
0.26479289940828404
0.26479289940828404
0.26495726495726496
0.26495726495726496
0.2651216305062459
0.2651216305062459
0.26520381328073633
0.26520381328073633
0.2653681788297173
0.2653681788297173
0.2653681788297173
0.2655325443786982
0.2656147271531887
0.2656147271531887
0.2656147271531887
0.2656147271531887
0.2656147271531887
0.2656147271531887
0.2656147271531887
0.2656147271531887
0.2656147271531887
0.2656147271531887
0.26569690992767914
0.26569690992767914
0.26569690992767914
0.2658612754766601
0.26594345825115057
0.26594345825115057
0.266025641025641
0.266025641025641
0.266025641025641
0.26619000657462194
0.26619000657462194
0.26643655489809337
0.2665187376725838
0.26668310322156474
0.26668310322156474
0.2667652859960552
0.2668474687705457
0.2668474687705457
0.2669296515450362
0.267258382642998
0.2673405654174885
0.26750493096646943
0.26750493096646943
0.26750493096646943
0.26750493096646943
0.2675871137409599
0.2675871137409599
0.26766929651545035
0.2677514792899408
0.2678336620644313
0.2678336620644313
0.26799802761341224
0.26799802761341224
0.26816239316239315
0.26816239316239315
0.26816239316239315
0.2682445759368836
0.2682445759368836
0.2682445759368836
0.26832675871137407
0.26832675871137407
0.2684089414858646
0.2684089414858646
0.26865548980933596
0.26865548980933596
0.2687376725838264
0.2688198553583169
0.2688198553583169
0.2689020381328074
0.2689020381328074
0.26898422090729784
0.2690664036817883
0.2690664036817883
0.2690664036817883
0.2692307692307692
0.2692307692307692
0.2693951347797502
0.26947731755424065
0.26947731755424065
0.26947731755424065
0.26947731755424065
0.26947731755424065
0.2695595003287311
0.26964168310322156
0.26964168310322156
0.26964168310322156
0.269723865877712
0.269723865877712
0.269723865877712
0.269723865877712
0.2698060486522025
0.2698060486522025
0.2698060486522025
0.2698060486522025
0.269888231426693
0.269888231426693
0.26997041420118345
0.2700525969756739
0.2700525969756739
0.2700525969756739
0.2700525969756739
0.2700525969756739
0.27013477975016437
0.27013477975016437
0.27013477975016437
0.27013477975016437
0.27013477975016437
0.27013477975016437
0.27013477975016437
0.27013477975016437
0.27013477975016437
0.27013477975016437
0.2702169625246548
0.2702991452991453
0.2702991452991453
0.2702991452991453
0.2702991452991453
0.2702991452991453
0.2702991452991453
0.27038132807363574
0.27046351084812625
0.27046351084812625
0.2705456936226167
0.27071005917159763
0.27071005917159763
0.2707922419460881
0.2707922419460881
0.2707922419460881
0.2707922419460881
0.27087442472057854
0.27087442472057854
0.27087442472057854
0.27087442472057854
0.2710387902695595
0.2710387902695595
0.2710387902695595
0.2710387902695595
0.27112097304405
0.2712853385930309
0.2712853385930309
0.27136752136752135
0.2715318869165023
0.2716140696909928
0.2716140696909928
0.2716140696909928
0.27169625246548323
0.27169625246548323
0.2717784352399737
0.27186061801446415
0.27186061801446415
0.27186061801446415
0.27186061801446415
0.27186061801446415
0.27186061801446415
0.27186061801446415
0.27186061801446415
0.2719428007889546
0.2720249835634451
0.2720249835634451
0.27218934911242604
0.2722715318869165
0.2724358974358974
0.2725180802103879
0.2725180802103879
0.2726002629848784
0.27268244575936884
0.27268244575936884
0.2727646285338593
0.2729289940828402
0.2729289940828402
0.27301117685733073
0.27301117685733073
0.2730933596318212
0.2730933596318212
0.2730933596318212
0.27317554240631164
0.27317554240631164
0.27317554240631164
0.27317554240631164
0.2732577251808021
0.2732577251808021
0.273422090729783
0.273586456278764
0.273586456278764
0.27366863905325445
0.27366863905325445
0.27383300460223536
0.2739151873767258
0.2739973701512163
0.2740795529257068
0.2740795529257068
0.2740795529257068
0.27416173570019725
0.27416173570019725
0.27416173570019725
0.27416173570019725
0.27416173570019725
0.2742439184746877
0.2742439184746877
0.2744082840236686
0.2744082840236686
0.27465483234714005
0.27465483234714005
0.27465483234714005
0.27465483234714005
0.27465483234714005
0.27481919789612097
0.27490138067061143
0.2749835634451019
0.2749835634451019
0.2749835634451019
0.2750657462195924
0.2750657462195924
0.2752301117685733
0.2752301117685733
0.2752301117685733
0.2753122945430638
0.2753122945430638
0.2753122945430638
0.2753122945430638
0.2753122945430638
0.27539447731755423
0.27539447731755423
0.27555884286653515
0.27564102564102566
0.2758053911900066
0.2758053911900066
0.27588757396449703
0.27588757396449703
0.27588757396449703
0.27588757396449703
0.27588757396449703
