0.011916502301117685
0.012491781722550954
0.013806706114398421
0.017833662064431294
0.03722879684418146
0.05004930966469428
0.05259697567389875
0.05728139381985536
0.059911242603550297
0.06319855358316896
0.06615713346482577
0.06821170282708744
0.07486850756081526
0.08407297830374753
0.0905654174884944
0.10585141354372124
0.10922090729783038
0.11160420775805391
0.11406969099276791
0.11628862590401053
0.11760355029585799
0.11998685075608152
0.12113740959894806
0.12976660092044706
0.13165680473372782
0.1334648257725181
0.13502629848783695
0.13601249178172256
0.13732741617357003
0.1388067061143984
0.1403681788297173
0.14110782380013148
0.14217619986850757
0.1425871137409599
0.14340894148586456
0.1443129520052597
0.1448060486522025
0.1450525969756739
0.1452991452991453
0.14546351084812623
0.14587442472057857
0.14620315581854043
0.14686061801446418
0.1477646285338593
0.1482577251808021
0.14858645627876396
0.15039447731755423
0.15113412228796844
0.1517094017094017
0.1525312294543064
0.15310650887573965
0.1536817882971729
0.15425706771860617
0.15458579881656806
0.15491452991452992
0.15507889546351084
0.15524326101249178
0.15548980933596318
0.15573635765943458
0.15606508875739644
0.1564760026298488
0.1568869165023011
0.157215647600263
0.15729783037475345
0.15754437869822485
0.15779092702169625
0.15844838921762
0.15861275476660092
0.15869493754109137
0.15927021696252466
0.15951676528599606
0.15976331360946747
0.16173570019723865
0.16272189349112426
0.16321499013806706
0.16321499013806706
0.1636259040105194
0.16428336620644313
0.164612097304405
0.1651051939513478
0.16526955950032873
0.1655982905982906
0.16568047337278108
0.16617357001972385
0.16666666666666666
0.1668310322156476
0.167077580539119
0.16740631163708086
0.1675706771860618
0.16789940828402367
0.1680637738330046
0.16822813938198553
0.168310322156476
0.16847468770545693
0.1685568704799474
0.1685568704799474
0.16872123602892833
0.16896778435239973
0.16904996712689022
0.16970742932281394
0.16995397764628534
0.1700361604207758
0.17020052596975674
0.17020052596975674
0.1702827087442472
0.1705292570677186
0.17094017094017094
0.17143326758711375
0.17159763313609466
0.17184418145956606
0.17209072978303747
0.17217291255752795
0.17233727810650887
0.17241946088099935
0.17258382642998027
0.17283037475345167
0.17332347140039447
0.17398093359631822
0.17439184746877054
0.17455621301775148
0.17472057856673243
0.17480276134122288
0.17480276134122288
0.17480276134122288
0.17488494411571334
0.17504930966469429
0.1752136752136752
0.17537804076265615
0.17537804076265615
0.17562458908612755
0.17587113740959895
0.1760355029585799
0.1760355029585799
0.1760355029585799
0.1760355029585799
0.1761998685075608
0.1761998685075608
0.1762820512820513
0.17636423405654175
0.1764464168310322
0.1765285996055227
0.1765285996055227
0.17661078238001315
0.17661078238001315
0.17677514792899407
0.176939513477975
0.17718606180144642
0.17743261012491782
0.17776134122287968
0.17800788954635108
0.17809007232084156
0.17809007232084156
0.17866535174227482
0.17874753451676528
0.17882971729125574
0.17882971729125574
0.17882971729125574
0.17891190006574623
0.17907626561472714
0.17932281393819854
0.17940499671268903
0.17940499671268903
0.17940499671268903
0.17956936226166995
0.17965154503616043
0.17981591058514135
0.17989809335963183
0.18006245890861275
0.1802268244575937
0.18055555555555555
0.18055555555555555
0.1808842866535174
0.1811308349769888
0.1811308349769888
0.1814595660749507
0.1817061143984221
0.18203484549638396
0.18228139381985536
0.18261012491781722
0.18277449046679817
0.18293885601577908
0.18293885601577908
0.18293885601577908
0.18351413543721237
0.18351413543721237
0.18400723208415515
0.18400723208415515
0.18425378040762655
0.18425378040762655
0.18425378040762655
0.1844181459566075
0.18450032873109795
0.18458251150558844
0.1846646942800789
0.1846646942800789
0.18902038132807364
0.1891025641025641
0.1891025641025641
0.18926692965154504
0.18976002629848784
0.1903353057199211
0.1913214990138067
0.19165023011176857
0.19206114398422092
0.19222550953320183
0.19238987508218278
0.19255424063116372
0.19263642340565418
0.19296515450361604
0.19296515450361604
0.19296515450361604
0.19296515450361604
0.19296515450361604
0.19321170282708744
0.19321170282708744
0.19345825115055884
0.19370479947403024
0.1937869822485207
0.1938691650230112
0.1938691650230112
0.19395134779750164
0.19395134779750164
0.1940335305719921
0.1940335305719921
0.1941157133464826
0.19419789612097305
0.19419789612097305
0.19444444444444445
0.1952662721893491
0.19543063773833005
0.19543063773833005
0.19559500328731097
0.19559500328731097
0.19559500328731097
0.19559500328731097
0.19567718606180146
0.19567718606180146
0.19567718606180146
0.19584155161078237
0.19584155161078237
0.19600591715976332
0.19608809993425377
0.19608809993425377
0.19617028270874426
0.19633464825772518
0.19633464825772518
0.19633464825772518
0.19641683103221566
0.19658119658119658
0.19658119658119658
0.19666337935568703
0.19666337935568703
0.19690992767915844
0.19707429322813938
0.19715647600262984
0.19715647600262984
0.19715647600262984
0.19723865877712032
0.19732084155161078
0.19740302432610124
0.19740302432610124
0.19740302432610124
0.19756738987508218
0.19764957264957264
0.19781393819855358
0.19789612097304404
0.19789612097304404
0.19789612097304404
0.19789612097304404
0.198060486522025
0.19814266929651544
0.19814266929651544
0.1984714003944773
0.1985535831689678
0.19888231426692965
0.1989644970414201
0.1990466798159106
0.19912886259040105
0.19937541091387245
0.1995397764628534
0.19962195923734385
0.19986850756081526
0.20011505588428666
0.20011505588428666
0.20011505588428666
0.20011505588428666
0.20036160420775806
0.20052596975673898
0.20060815253122946
0.20060815253122946
0.20110124917817226
0.20110124917817226
0.20110124917817226
0.20110124917817226
0.20118343195266272
0.20118343195266272
0.20126561472715318
0.20134779750164367
0.20134779750164367
0.20134779750164367
0.20142998027613412
0.20142998027613412
0.20142998027613412
0.20159434582511507
0.20175871137409598
0.20200525969756739
0.20200525969756739
0.20208744247205784
0.20208744247205784
0.2022518080210388
0.20233399079552924
0.20241617357001973
0.2024983563445102
0.20258053911900065
0.20266272189349113
0.2027449046679816
0.2027449046679816
0.20282708744247205
0.20282708744247205
0.202991452991453
0.202991452991453
0.2032380013149244
0.2032380013149244
0.2032380013149244
0.20332018408941485
0.20332018408941485
0.20332018408941485
0.20332018408941485
0.20332018408941485
0.20332018408941485
0.20332018408941485
0.20332018408941485
0.20332018408941485
0.20340236686390534
0.20356673241288625
0.2037310979618672
0.2039776462853386
0.20422419460881
0.20430637738330046
0.20430637738330046
0.2044707429322814
0.20455292570677186
0.2047172912557528
0.20479947403024326
0.2049638395792242
0.20512820512820512
0.20537475345167652
0.205456936226167
0.205456936226167
0.205456936226167
0.20570348454963838
0.20595003287310978
0.20603221564760027
0.20611439842209073
0.20619658119658119
0.20619658119658119
0.20627876397107167
0.20627876397107167
0.20652531229454307
0.20660749506903353
0.20660749506903353
0.20660749506903353
0.206689677843524
0.206689677843524
0.20677186061801447
0.20677186061801447
0.20685404339250493
0.2069362261669954
0.2069362261669954
0.2069362261669954
0.2069362261669954
0.2069362261669954
0.2069362261669954
0.20701840894148588
0.20701840894148588
0.20726495726495728
0.20751150558842865
0.20751150558842865
0.20751150558842865
0.2076758711374096
0.20775805391190005
0.20784023668639054
0.20784023668639054
0.20784023668639054
0.207922419460881
0.20800460223537146
0.20800460223537146
0.20800460223537146
0.20808678500986194
0.20808678500986194
0.2081689677843524
0.2081689677843524
0.20825115055884286
0.20833333333333334
0.20833333333333334
0.2084155161078238
0.20849769888231426
0.20857988165680474
0.20857988165680474
0.2086620644312952
0.2086620644312952
0.20874424720578566
0.20882642998027615
0.2089086127547666
0.20899079552925706
0.20907297830374755
0.209155161078238
0.20931952662721892
0.20948389217619987
0.20956607495069032
0.20973044049967127
0.20973044049967127
0.21030571992110453
0.21055226824457593
0.21079881656804733
0.21104536489151873
0.21120973044049968
0.211620644312952
0.21194937541091388
0.21194937541091388
0.21219592373438528
0.21227810650887574
0.21227810650887574
0.2123602892833662
0.21244247205785668
0.21252465483234714
0.2126890203813281
0.21277120315581854
0.212853385930309
0.2130999342537804
0.21318211702827086
0.2135930309007232
0.2135930309007232
0.2135930309007232
0.2135930309007232
0.2135930309007232
0.2135930309007232
0.21367521367521367
0.21367521367521367
0.21367521367521367
0.21367521367521367
0.21367521367521367
0.21375739644970415
0.21375739644970415
0.21375739644970415
0.21375739644970415
0.2138395792241946
0.2138395792241946
0.21392176199868507
0.214086127547666
0.214086127547666
0.214086127547666
0.21416831032215647
0.21416831032215647
0.2143326758711374
0.2143326758711374
0.2143326758711374
0.2143326758711374
0.2143326758711374
0.2143326758711374
0.2143326758711374
0.21441485864562787
0.21449704142011836
0.21474358974358973
0.21474358974358973
0.21490795529257067
0.21499013806706113
0.21507232084155162
0.21507232084155162
0.21515450361604208
0.21515450361604208
0.21515450361604208
0.21523668639053253
0.21531886916502302
0.21531886916502302
0.21531886916502302
0.21531886916502302
0.21531886916502302
0.21540105193951348
0.21540105193951348
0.21540105193951348
0.21548323471400394
0.21548323471400394
0.21572978303747534
0.21572978303747534
0.21572978303747534
0.21572978303747534
0.21572978303747534
0.21572978303747534
0.21597633136094674
0.21597633136094674
0.21605851413543722
0.21622287968441814
0.21663379355687049
0.2168803418803419
0.2171268902038133
0.2171268902038133
0.2172912557527942
0.2178665351742275
0.2178665351742275
0.21794871794871795
0.2181130834976989
0.21885272846811307
0.21959237343852728
0.21983892176199868
0.21983892176199868
0.22000328731097962
0.22000328731097962
0.22000328731097962
0.22008547008547008
0.22008547008547008
0.22008547008547008
0.22016765285996054
0.22016765285996054
0.22016765285996054
0.22016765285996054
0.22016765285996054
0.22016765285996054
0.22016765285996054
0.22016765285996054
0.22016765285996054
0.22016765285996054
0.22016765285996054
0.22024983563445102
0.22024983563445102
0.22024983563445102
0.22024983563445102
0.22024983563445102
0.22024983563445102
0.22024983563445102
0.22024983563445102
0.22024983563445102
0.22024983563445102
0.22024983563445102
0.22024983563445102
0.22024983563445102
0.22024983563445102
0.22033201840894148
0.22033201840894148
0.22033201840894148
0.22033201840894148
0.22033201840894148
0.22033201840894148
0.22041420118343194
0.22041420118343194
0.22041420118343194
0.22041420118343194
0.22041420118343194
0.22041420118343194
0.22066074950690334
0.22066074950690334
0.22074293228139383
0.22090729783037474
0.22090729783037474
0.22098948060486523
0.22098948060486523
0.2210716633793557
0.22115384615384615
0.22115384615384615
0.22115384615384615
0.22115384615384615
0.22115384615384615
0.22115384615384615
0.22123602892833663
0.22123602892833663
0.2213182117028271
0.2213182117028271
0.2213182117028271
0.2213182117028271
0.2213182117028271
0.2213182117028271
0.22140039447731755
0.22140039447731755
0.22140039447731755
0.22148257725180803
0.22148257725180803
0.22148257725180803
0.22148257725180803
0.22172912557527943
0.2218113083497699
0.22189349112426035
0.22189349112426035
0.22189349112426035
0.22189349112426035
0.22189349112426035
0.22189349112426035
0.22189349112426035
0.2220578566732413
0.2220578566732413
0.2220578566732413
0.2220578566732413
0.2220578566732413
0.2220578566732413
0.2220578566732413
0.22214003944773175
0.22214003944773175
0.2222222222222222
0.22238658777120315
0.22238658777120315
0.22238658777120315
0.22238658777120315
0.22238658777120315
0.22238658777120315
0.2224687705456936
0.2224687705456936
0.2224687705456936
0.2225509533201841
0.2225509533201841
0.2225509533201841
0.2225509533201841
0.22263313609467456
0.22263313609467456
0.22263313609467456
0.22263313609467456
0.22263313609467456
0.222715318869165
0.222715318869165
0.222715318869165
0.2227975016436555
0.2230440499671269
0.2230440499671269
0.2230440499671269
0.2230440499671269
0.22312623274161736
0.22312623274161736
0.22320841551610782
0.22320841551610782
0.2232905982905983
0.2232905982905983
0.22337278106508876
0.22345496383957922
0.22378369493754108
0.22403024326101248
0.22411242603550297
0.22411242603550297
0.22419460880999342
0.22460552268244577
0.22460552268244577
0.22485207100591717
0.22509861932938857
0.22509861932938857
0.2252629848783695
0.22542735042735043
0.2267422748191979
0.2272353714661407
0.22756410256410256
0.22855029585798817
0.22887902695595003
0.22928994082840237
0.22928994082840237
0.22937212360289283
0.2294543063773833
0.22953648915187377
0.22961867192636423
0.2297008547008547
0.2297008547008547
0.2297008547008547
0.2297008547008547
0.22978303747534518
0.22978303747534518
0.2299474030243261
0.2299474030243261
0.2299474030243261
0.2301939513477975
0.2301939513477975
0.23027613412228798
0.2306870479947403
0.23076923076923078
0.2309335963182117
0.2309335963182117
0.2309335963182117
0.2309335963182117
0.2309335963182117
0.2309335963182117
0.2309335963182117
0.2309335963182117
0.2309335963182117
0.2309335963182117
0.2309335963182117
0.23101577909270216
0.23101577909270216
0.23101577909270216
0.23101577909270216
0.23101577909270216
0.23101577909270216
0.23101577909270216
0.23109796186719264
0.23109796186719264
0.23109796186719264
0.23109796186719264
0.23109796186719264
0.23109796186719264
0.23109796186719264
0.23109796186719264
0.23109796186719264
0.2311801446416831
0.23126232741617356
0.23126232741617356
0.23126232741617356
0.23126232741617356
0.23126232741617356
0.23126232741617356
0.23134451019066404
0.23134451019066404
0.23134451019066404
0.23134451019066404
0.23134451019066404
0.23150887573964496
0.23150887573964496
0.23150887573964496
0.23150887573964496
0.23150887573964496
0.23150887573964496
0.23150887573964496
0.23150887573964496
0.23150887573964496
0.23159105851413544
0.23159105851413544
0.23159105851413544
0.23159105851413544
0.23159105851413544
0.23159105851413544
0.23159105851413544
0.23159105851413544
0.23159105851413544
0.2316732412886259
0.2316732412886259
0.2316732412886259
0.2316732412886259
0.2316732412886259
0.2316732412886259
0.2316732412886259
0.2316732412886259
0.2316732412886259
0.2316732412886259
0.2316732412886259
0.2316732412886259
0.2316732412886259
0.2316732412886259
0.2316732412886259
0.2316732412886259
0.2316732412886259
0.23175542406311636
0.23175542406311636
0.23175542406311636
0.23175542406311636
0.23175542406311636
0.23175542406311636
0.23175542406311636
0.23175542406311636
0.23175542406311636
0.23183760683760685
0.23183760683760685
0.23183760683760685
0.23183760683760685
0.23183760683760685
0.23183760683760685
0.23183760683760685
0.23183760683760685
0.2319197896120973
0.23200197238658776
0.23200197238658776
0.23200197238658776
0.23200197238658776
0.23200197238658776
0.23200197238658776
0.23200197238658776
0.23200197238658776
0.23200197238658776
0.23200197238658776
0.23200197238658776
0.23200197238658776
0.23208415516107825
0.23208415516107825
0.23208415516107825
0.23208415516107825
0.23208415516107825
0.2321663379355687
0.2321663379355687
0.23224852071005916
0.23224852071005916
0.23224852071005916
0.23224852071005916
0.23233070348454965
0.23233070348454965
0.23233070348454965
0.2324128862590401
0.23257725180802105
0.23257725180802105
0.23257725180802105
0.23257725180802105
0.23257725180802105
0.23257725180802105
0.23257725180802105
0.2326594345825115
0.2326594345825115
0.2326594345825115
0.2326594345825115
0.2326594345825115
0.2326594345825115
0.2326594345825115
0.2326594345825115
0.2326594345825115
0.2326594345825115
0.2326594345825115
0.2326594345825115
0.2326594345825115
0.2326594345825115
0.2326594345825115
0.2326594345825115
0.23274161735700197
0.23274161735700197
0.23274161735700197
0.23274161735700197
0.23274161735700197
0.23274161735700197
0.23274161735700197
0.23274161735700197
0.23274161735700197
0.23274161735700197
0.23274161735700197
0.23282380013149243
0.2329059829059829
0.2329059829059829
0.2329059829059829
0.23298816568047337
0.23298816568047337
0.23298816568047337
0.23298816568047337
0.23298816568047337
0.23298816568047337
0.23298816568047337
0.23298816568047337
0.23298816568047337
0.23298816568047337
0.23298816568047337
0.23298816568047337
0.23307034845496383
0.2331525312294543
0.2331525312294543
0.2331525312294543
0.2331525312294543
0.2331525312294543
0.23331689677843523
0.23339907955292571
0.23339907955292571
0.23339907955292571
0.23339907955292571
0.23339907955292571
0.23339907955292571
0.23339907955292571
0.23339907955292571
0.23339907955292571
0.23339907955292571
0.23348126232741617
0.23348126232741617
0.23348126232741617
0.23356344510190663
0.23364562787639712
0.23364562787639712
0.23364562787639712
0.23372781065088757
0.23380999342537803
0.23380999342537803
0.23380999342537803
0.23380999342537803
0.23380999342537803
0.23380999342537803
0.23380999342537803
0.23380999342537803
0.23380999342537803
0.23389217619986852
0.23397435897435898
0.23397435897435898
0.23397435897435898
0.23397435897435898
0.23397435897435898
0.23405654174884943
0.23405654174884943
0.23405654174884943
0.23413872452333992
0.23413872452333992
0.23413872452333992
0.23413872452333992
0.23413872452333992
0.23413872452333992
0.23413872452333992
0.23413872452333992
0.23413872452333992
0.23413872452333992
0.23413872452333992
0.23413872452333992
0.23413872452333992
0.23413872452333992
0.23413872452333992
0.23413872452333992
0.23430309007232084
0.23430309007232084
0.23430309007232084
0.23430309007232084
0.23430309007232084
0.23430309007232084
0.23438527284681132
0.23438527284681132
0.23438527284681132
0.23438527284681132
0.23438527284681132
0.23446745562130178
0.23446745562130178
0.23454963839579224
0.23454963839579224
0.23454963839579224
0.23454963839579224
0.23454963839579224
0.23454963839579224
0.23454963839579224
0.23454963839579224
0.23454963839579224
0.23454963839579224
0.23454963839579224
0.23454963839579224
0.2346318211702827
0.2346318211702827
0.2346318211702827
0.2346318211702827
0.2346318211702827
0.2346318211702827
0.2346318211702827
0.2346318211702827
0.2346318211702827
0.2346318211702827
0.2346318211702827
0.2346318211702827
0.2346318211702827
0.23471400394477318
0.23479618671926364
0.2348783694937541
0.23496055226824458
0.23496055226824458
0.23496055226824458
0.23496055226824458
0.23496055226824458
0.23496055226824458
0.23504273504273504
0.23504273504273504
0.23504273504273504
0.23504273504273504
0.23504273504273504
0.2351249178172255
0.23520710059171598
0.23528928336620644
0.23528928336620644
0.23553583168967784
0.2356180144641683
0.2356180144641683
0.2356180144641683
0.2356180144641683
0.2357001972386588
0.23578238001314925
0.23578238001314925
0.23578238001314925
0.23578238001314925
0.23668639053254437
0.23668639053254437
0.2368507560815253
0.23693293885601577
0.23701512163050625
0.23717948717948717
0.23726166995397766
0.23750821827744906
0.23750821827744906
0.23750821827744906
0.23750821827744906
0.23750821827744906
0.23750821827744906
0.23750821827744906
0.23759040105193951
0.23759040105193951
0.23759040105193951
0.23759040105193951
0.23767258382642997
0.23767258382642997
0.23775476660092046
0.23775476660092046
0.23783694937541092
0.23783694937541092
0.23791913214990137
0.23800131492439186
0.23800131492439186
0.23800131492439186
0.23800131492439186
0.23800131492439186
0.23808349769888232
0.23808349769888232
0.23808349769888232
0.23808349769888232
0.23816568047337278
0.23816568047337278
0.23816568047337278
0.23816568047337278
