0.0
0.0
0.03977646285338593
0.03977646285338593
0.03977646285338593
0.03977646285338593
0.08037475345167652
0.08037475345167652
0.08037475345167652
0.08037475345167652
0.08037475345167652
0.08037475345167652
0.08037475345167652
0.08037475345167652
0.08037475345167652
0.08037475345167652
0.08037475345167652
0.09837278106508876
0.09837278106508876
0.09837278106508876
0.09837278106508876
0.09837278106508876
0.09837278106508876
0.09837278106508876
0.1071663379355687
0.1071663379355687
0.11078238001314925
0.11078238001314925
0.11078238001314925
0.11078238001314925
0.11078238001314925
0.11078238001314925
0.11341222879684418
0.11341222879684418
0.11341222879684418
0.11735700197238659
0.11735700197238659
0.11735700197238659
0.11834319526627218
0.11834319526627218
0.11834319526627218
0.11834319526627218
0.11834319526627218
0.11834319526627218
0.11834319526627218
0.11834319526627218
0.11834319526627218
0.11834319526627218
0.11834319526627218
0.11834319526627218
0.11957593688362919
0.11982248520710059
0.11982248520710059
0.11982248520710059
0.1203155818540434
0.1203155818540434
0.1203155818540434
0.1203155818540434
0.1203155818540434
0.1203155818540434
0.1203155818540434
0.1203155818540434
0.1203155818540434
0.1203155818540434
0.1203155818540434
0.1203155818540434
0.1203155818540434
0.1203155818540434
0.1203155818540434
0.1203155818540434
0.1203155818540434
0.1208086785009862
0.1208086785009862
0.1208086785009862
0.1208086785009862
0.12220578566732412
0.12220578566732412
0.1227810650887574
0.1227810650887574
0.1227810650887574
0.1227810650887574
0.1227810650887574
0.1227810650887574
0.1227810650887574
0.1227810650887574
0.1227810650887574
0.1227810650887574
0.1227810650887574
0.1227810650887574
0.1227810650887574
0.1227810650887574
0.1227810650887574
0.1227810650887574
0.12286324786324786
0.12286324786324786
0.12286324786324786
0.12286324786324786
0.12286324786324786
0.12286324786324786
0.12286324786324786
0.12286324786324786
0.12286324786324786
0.1242603550295858
0.12467126890203813
0.12467126890203813
0.1247534516765286
0.1247534516765286
0.12508218277449046
0.12508218277449046
0.126232741617357
0.12680802103879027
0.12705456936226167
0.12705456936226167
0.12705456936226167
0.12705456936226167
0.12705456936226167
0.12705456936226167
0.12738330046022353
0.12738330046022353
0.12787639710716633
0.12787639710716633
0.12886259040105194
0.12886259040105194
0.12886259040105194
0.12886259040105194
0.12886259040105194
0.12886259040105194
0.12886259040105194
0.1289447731755424
0.1289447731755424
0.1289447731755424
0.13001314924391846
0.13001314924391846
0.13001314924391846
0.13001314924391846
0.13025969756738986
0.13025969756738986
0.1306706114398422
0.1306706114398422
0.1306706114398422
0.1306706114398422
0.1306706114398422
0.1306706114398422
0.131163708086785
0.13124589086127547
0.13124589086127547
0.13149243918474687
0.13157462195923733
0.13157462195923733
0.13157462195923733
0.13157462195923733
0.13198553583168968
0.13198553583168968
0.13214990138067062
0.13214990138067062
0.13214990138067062
0.13214990138067062
0.13214990138067062
0.13214990138067062
0.13214990138067062
0.13214990138067062
0.13223208415516108
0.13223208415516108
0.13247863247863248
0.13247863247863248
0.13313609467455623
0.13313609467455623
0.13313609467455623
0.1334648257725181
0.1334648257725181
0.1334648257725181
0.1334648257725181
0.1334648257725181
0.1334648257725181
0.1334648257725181
0.1334648257725181
0.1334648257725181
0.13354700854700854
0.1342044707429323
0.1342044707429323
0.1342044707429323
0.13428665351742275
0.1343688362919132
0.1343688362919132
0.1343688362919132
0.1346153846153846
0.1346153846153846
0.1346153846153846
0.1346153846153846
0.1346153846153846
0.1346153846153846
0.1346153846153846
0.1346153846153846
0.1346153846153846
0.1346153846153846
0.1346153846153846
0.1346153846153846
0.1346153846153846
0.1346153846153846
0.1346153846153846
0.134861932938856
0.134861932938856
0.134861932938856
0.134861932938856
0.134861932938856
0.134861932938856
0.1351084812623274
0.13519066403681787
0.13519066403681787
0.13519066403681787
0.13535502958579881
0.13535502958579881
0.13535502958579881
0.13535502958579881
0.13568376068376067
0.13568376068376067
0.13617685733070348
0.13617685733070348
0.13691650230111768
0.13691650230111768
0.13699868507560814
0.13699868507560814
0.13699868507560814
0.13699868507560814
0.13699868507560814
0.13699868507560814
0.13699868507560814
0.13699868507560814
0.1376561472715319
0.1376561472715319
0.1376561472715319
0.13831360946745563
0.13831360946745563
0.13831360946745563
0.13831360946745563
0.13831360946745563
0.13831360946745563
0.13921761998685075
0.14003944773175542
0.1403681788297173
0.1403681788297173
0.1403681788297173
0.14061472715318868
0.14061472715318868
0.14061472715318868
0.14061472715318868
0.14061472715318868
0.14061472715318868
0.14061472715318868
0.14061472715318868
0.14061472715318868
0.14061472715318868
0.14061472715318868
0.14061472715318868
0.14151873767258383
0.14151873767258383
0.14151873767258383
0.14151873767258383
0.14192965154503617
0.14192965154503617
0.14201183431952663
0.1433267587113741
0.1433267587113741
0.1433267587113741
0.14349112426035504
0.14349112426035504
0.14349112426035504
0.14349112426035504
0.14349112426035504
0.14349112426035504
0.1435733070348455
0.1435733070348455
0.1435733070348455
0.1435733070348455
0.1435733070348455
0.14414858645627876
0.14414858645627876
0.14414858645627876
0.14414858645627876
0.14414858645627876
0.14414858645627876
0.14414858645627876
0.14414858645627876
0.14414858645627876
0.14414858645627876
0.14414858645627876
0.14414858645627876
0.14414858645627876
0.1443129520052597
0.1443129520052597
0.1443129520052597
0.1443129520052597
0.1443129520052597
0.14513477975016437
0.14513477975016437
0.14513477975016437
0.14513477975016437
0.14513477975016437
0.14513477975016437
0.14521696252465482
0.14521696252465482
0.14521696252465482
0.14521696252465482
0.14521696252465482
0.14521696252465482
0.14521696252465482
0.14521696252465482
0.14521696252465482
0.14521696252465482
0.14521696252465482
0.14521696252465482
0.14521696252465482
0.14546351084812623
0.14546351084812623
0.14546351084812623
0.14571005917159763
0.14571005917159763
0.1457922419460881
0.1457922419460881
0.1457922419460881
0.1457922419460881
0.1457922419460881
0.1457922419460881
0.1457922419460881
0.1457922419460881
0.14620315581854043
0.1462853385930309
0.1462853385930309
0.1462853385930309
0.1462853385930309
0.1462853385930309
0.1462853385930309
0.1462853385930309
0.1462853385930309
0.1462853385930309
0.14686061801446418
0.14686061801446418
0.14686061801446418
0.14686061801446418
0.14686061801446418
0.14686061801446418
0.14686061801446418
0.14686061801446418
0.14694280078895464
0.14694280078895464
0.14694280078895464
0.14694280078895464
0.14710716633793558
0.14718934911242604
0.14718934911242604
0.14718934911242604
0.14718934911242604
0.1472715318869165
0.1472715318869165
0.1472715318869165
0.1472715318869165
0.1472715318869165
0.1472715318869165
0.1472715318869165
0.1472715318869165
0.1472715318869165
0.1472715318869165
0.1472715318869165
0.1472715318869165
0.1472715318869165
0.1472715318869165
0.1472715318869165
0.1472715318869165
0.1472715318869165
0.14735371466140698
0.14735371466140698
0.14735371466140698
0.1477646285338593
0.1477646285338593
0.1477646285338593
0.1477646285338593
0.1477646285338593
0.1477646285338593
0.1477646285338593
0.1477646285338593
0.14784681130834976
0.14792899408284024
0.14792899408284024
0.14792899408284024
0.14792899408284024
0.14792899408284024
0.1480111768573307
0.1480111768573307
0.1480111768573307
0.1480111768573307
0.1480111768573307
0.1480111768573307
0.1480111768573307
0.1480111768573307
0.1480111768573307
0.1480111768573307
0.1480111768573307
0.1480111768573307
0.1480111768573307
0.1480111768573307
0.1480111768573307
0.14809335963182116
0.14809335963182116
0.14809335963182116
0.14809335963182116
0.14809335963182116
0.14809335963182116
0.14809335963182116
0.14809335963182116
0.14866863905325445
0.14866863905325445
0.14866863905325445
0.14866863905325445
0.14866863905325445
0.14866863905325445
0.1487508218277449
0.1487508218277449
0.14883300460223536
0.14883300460223536
0.14883300460223536
0.14907955292570677
0.14907955292570677
0.14907955292570677
0.14907955292570677
0.14907955292570677
0.14907955292570677
0.14907955292570677
0.14907955292570677
0.14907955292570677
0.14907955292570677
0.14907955292570677
0.14907955292570677
0.14907955292570677
0.14907955292570677
0.14932610124917817
0.14932610124917817
0.14932610124917817
0.1494904667981591
0.14957264957264957
0.14957264957264957
0.14957264957264957
0.14957264957264957
0.14957264957264957
0.14957264957264957
0.14957264957264957
0.14957264957264957
0.14957264957264957
0.14957264957264957
0.14957264957264957
0.14957264957264957
0.14957264957264957
0.14957264957264957
0.14957264957264957
0.14957264957264957
0.14957264957264957
0.14957264957264957
0.14957264957264957
0.14957264957264957
0.14957264957264957
0.14965483234714003
0.14965483234714003
0.14965483234714003
0.1497370151216305
0.1497370151216305
0.1497370151216305
0.1497370151216305
0.1497370151216305
0.1497370151216305
0.1497370151216305
0.1497370151216305
0.1497370151216305
0.1497370151216305
0.1497370151216305
0.1497370151216305
0.1497370151216305
0.1497370151216305
0.1497370151216305
0.14990138067061143
0.14990138067061143
0.14990138067061143
0.14990138067061143
0.14990138067061143
0.14990138067061143
0.14990138067061143
0.14990138067061143
0.14998356344510191
0.14998356344510191
0.14998356344510191
0.14998356344510191
0.14998356344510191
0.14998356344510191
0.14998356344510191
0.15031229454306377
0.15031229454306377
0.15031229454306377
0.15031229454306377
0.15031229454306377
0.15031229454306377
0.15031229454306377
0.15031229454306377
0.15039447731755423
0.15039447731755423
0.15047666009204472
0.15047666009204472
0.15055884286653518
0.15072320841551612
0.15072320841551612
0.15072320841551612
0.15072320841551612
0.15072320841551612
0.15072320841551612
0.15072320841551612
0.15072320841551612
0.15072320841551612
0.15072320841551612
0.15072320841551612
0.15072320841551612
0.15080539119000658
0.15080539119000658
0.15080539119000658
0.15088757396449703
0.15088757396449703
0.15088757396449703
0.15088757396449703
0.15096975673898752
0.15096975673898752
0.15105193951347798
0.15105193951347798
0.15105193951347798
0.15105193951347798
0.15105193951347798
0.15105193951347798
0.15105193951347798
0.15105193951347798
0.15105193951347798
0.15121630506245892
0.15121630506245892
0.15121630506245892
0.15121630506245892
0.15121630506245892
0.15121630506245892
0.15121630506245892
0.15121630506245892
0.15129848783694938
0.15138067061143984
0.1514628533859303
0.1514628533859303
0.1514628533859303
0.15154503616042078
0.15154503616042078
0.15154503616042078
0.15154503616042078
0.15154503616042078
0.15154503616042078
0.15154503616042078
0.15154503616042078
0.15154503616042078
0.15154503616042078
0.15154503616042078
0.15154503616042078
0.15162721893491124
0.15203813280736359
0.15212031558185404
0.1524490466798159
0.1524490466798159
0.1525312294543064
0.1525312294543064
0.1525312294543064
0.1525312294543064
0.1525312294543064
0.1525312294543064
0.1525312294543064
0.15261341222879685
0.15261341222879685
0.15261341222879685
0.15261341222879685
0.15261341222879685
0.1527777777777778
0.15285996055226825
0.15285996055226825
0.15285996055226825
0.15285996055226825
0.15285996055226825
0.15285996055226825
0.15285996055226825
0.15351742274819197
0.15351742274819197
0.15351742274819197
0.15351742274819197
0.15351742274819197
0.15351742274819197
0.15351742274819197
0.15351742274819197
0.15351742274819197
0.15351742274819197
0.15351742274819197
0.15351742274819197
0.15351742274819197
0.15351742274819197
0.15351742274819197
0.15351742274819197
0.15351742274819197
0.15359960552268245
0.15359960552268245
0.15359960552268245
0.15359960552268245
0.15359960552268245
0.15359960552268245
0.15359960552268245
0.15359960552268245
0.15359960552268245
0.15359960552268245
0.15359960552268245
0.15359960552268245
0.1536817882971729
0.1536817882971729
0.1536817882971729
0.1536817882971729
0.1536817882971729
0.1536817882971729
0.1536817882971729
0.1536817882971729
0.1536817882971729
0.1536817882971729
0.1536817882971729
0.1536817882971729
0.1536817882971729
0.1536817882971729
0.1536817882971729
0.1536817882971729
0.1536817882971729
0.1536817882971729
0.1536817882971729
0.1536817882971729
0.1536817882971729
0.1536817882971729
0.1536817882971729
0.1536817882971729
0.1536817882971729
0.15376397107166337
0.15376397107166337
0.1539283366206443
0.1539283366206443
0.1539283366206443
0.1539283366206443
0.1539283366206443
0.15409270216962526
0.15417488494411571
0.15417488494411571
0.15417488494411571
0.15417488494411571
0.15417488494411571
0.15417488494411571
0.15417488494411571
0.15417488494411571
0.15417488494411571
0.15417488494411571
0.15417488494411571
0.15417488494411571
0.15417488494411571
0.15417488494411571
0.15417488494411571
0.15417488494411571
0.15417488494411571
0.15417488494411571
0.15417488494411571
0.15417488494411571
0.15417488494411571
0.15417488494411571
0.15417488494411571
0.15417488494411571
0.15417488494411571
0.15417488494411571
0.15417488494411571
0.15417488494411571
0.15425706771860617
0.15433925049309666
0.15433925049309666
0.15433925049309666
0.15433925049309666
0.15433925049309666
0.15433925049309666
0.15433925049309666
0.15433925049309666
0.15433925049309666
0.15433925049309666
0.15466798159105852
0.15466798159105852
0.15466798159105852
0.15466798159105852
0.15466798159105852
0.15466798159105852
0.15466798159105852
0.15466798159105852
0.15466798159105852
0.15475016436554898
0.15475016436554898
0.15475016436554898
0.15475016436554898
0.15475016436554898
0.15475016436554898
0.15475016436554898
0.15475016436554898
0.15483234714003946
0.15491452991452992
0.15491452991452992
0.15491452991452992
0.15491452991452992
0.15491452991452992
0.15491452991452992
0.15491452991452992
0.15491452991452992
0.15491452991452992
0.15499671268902038
0.15499671268902038
0.15499671268902038
0.15499671268902038
0.15499671268902038
0.15499671268902038
0.15507889546351084
0.15507889546351084
0.15507889546351084
0.15507889546351084
0.15507889546351084
0.15524326101249178
0.15524326101249178
0.15524326101249178
0.15524326101249178
0.15524326101249178
0.15532544378698224
0.15532544378698224
0.15532544378698224
0.15532544378698224
0.15532544378698224
0.15540762656147272
0.15540762656147272
0.15540762656147272
0.15540762656147272
0.15540762656147272
0.15540762656147272
0.15540762656147272
0.15540762656147272
0.15540762656147272
0.15540762656147272
0.15557199211045364
0.15557199211045364
0.15557199211045364
0.15557199211045364
0.15557199211045364
0.15557199211045364
0.15557199211045364
0.15557199211045364
0.15557199211045364
0.15557199211045364
0.15557199211045364
0.15557199211045364
0.15557199211045364
0.15557199211045364
0.15557199211045364
0.15557199211045364
0.15557199211045364
0.15557199211045364
0.15606508875739644
0.15606508875739644
0.15606508875739644
0.15606508875739644
0.15606508875739644
0.15606508875739644
0.15606508875739644
0.15606508875739644
0.15606508875739644
0.15606508875739644
0.15606508875739644
0.15606508875739644
0.15614727153188693
0.15614727153188693
0.15614727153188693
0.15614727153188693
0.15614727153188693
0.15614727153188693
0.15614727153188693
0.15614727153188693
0.15614727153188693
0.15614727153188693
0.15631163708086784
0.15631163708086784
0.15639381985535833
0.15655818540433925
0.15655818540433925
0.15664036817882973
0.15664036817882973
0.15664036817882973
0.15664036817882973
0.15664036817882973
0.15664036817882973
0.15680473372781065
0.15680473372781065
0.15680473372781065
0.15680473372781065
0.15680473372781065
0.15680473372781065
0.15680473372781065
0.15680473372781065
0.15680473372781065
0.15680473372781065
0.15680473372781065
0.15680473372781065
0.15680473372781065
0.15680473372781065
0.15680473372781065
0.15680473372781065
0.15680473372781065
0.1568869165023011
0.1568869165023011
0.1568869165023011
0.1568869165023011
0.1568869165023011
0.1568869165023011
0.1569690992767916
0.1569690992767916
0.1569690992767916
0.157215647600263
0.157215647600263
0.157215647600263
0.157215647600263
0.157215647600263
0.157215647600263
0.157215647600263
0.157215647600263
0.157215647600263
0.157215647600263
0.157215647600263
0.157215647600263
0.157215647600263
0.157215647600263
0.1573800131492439
0.1573800131492439
0.1573800131492439
0.1573800131492439
0.1576265614727153
0.1576265614727153
0.1576265614727153
0.1576265614727153
0.1576265614727153
0.1576265614727153
0.1576265614727153
0.1576265614727153
0.1576265614727153
0.1576265614727153
0.1576265614727153
0.1576265614727153
0.1576265614727153
0.1576265614727153
0.1577087442472058
0.1577087442472058
0.1577087442472058
0.1577087442472058
0.1577087442472058
0.1577087442472058
0.1577087442472058
0.15779092702169625
0.15779092702169625
0.15779092702169625
0.1578731097961867
0.15836620644312951
0.15836620644312951
0.15836620644312951
0.15836620644312951
0.15836620644312951
0.15836620644312951
0.15836620644312951
0.15836620644312951
0.15844838921762
0.15844838921762
0.15844838921762
0.15844838921762
0.15853057199211046
0.15853057199211046
0.15853057199211046
0.15853057199211046
0.15853057199211046
0.15853057199211046
0.15853057199211046
0.15853057199211046
0.15853057199211046
0.15853057199211046
0.15853057199211046
0.15853057199211046
0.15853057199211046
0.15853057199211046
0.15853057199211046
0.15853057199211046
0.15861275476660092
0.15861275476660092
0.15861275476660092
0.15861275476660092
0.15861275476660092
0.15861275476660092
0.15861275476660092
0.15861275476660092
0.15861275476660092
0.15861275476660092
0.15861275476660092
0.15861275476660092
0.15861275476660092
0.15861275476660092
0.15861275476660092
0.15861275476660092
0.15861275476660092
0.15861275476660092
0.15861275476660092
0.15861275476660092
0.15861275476660092
0.15861275476660092
0.15861275476660092
0.15861275476660092
0.15861275476660092
0.15861275476660092
0.15861275476660092
0.15861275476660092
0.15861275476660092
0.15861275476660092
0.15861275476660092
0.15861275476660092
0.15861275476660092
0.15861275476660092
0.15861275476660092
0.15861275476660092
0.15861275476660092
0.15877712031558186
0.15877712031558186
0.15877712031558186
0.15885930309007232
0.15885930309007232
0.15894148586456278
0.15894148586456278
0.15894148586456278
0.15902366863905326
0.15918803418803418
0.15918803418803418
0.15918803418803418
0.15918803418803418
0.15918803418803418
0.15918803418803418
0.15918803418803418
0.15918803418803418
0.15918803418803418
0.15918803418803418
0.15918803418803418
0.15918803418803418
0.15927021696252466
0.15927021696252466
0.15927021696252466
0.15935239973701512
0.15959894806048652
0.15959894806048652
0.15959894806048652
0.15959894806048652
0.15959894806048652
0.15959894806048652
0.15959894806048652
0.15959894806048652
0.15959894806048652
0.15959894806048652
0.15959894806048652
0.15968113083497698
0.15968113083497698
0.15968113083497698
0.15968113083497698
0.15976331360946747
0.15976331360946747
0.15976331360946747
0.15976331360946747
0.15976331360946747
0.15976331360946747
0.15976331360946747
0.15984549638395792
0.15984549638395792
0.15984549638395792
0.15984549638395792
0.15984549638395792
0.15984549638395792
0.15984549638395792
0.15984549638395792
0.15992767915844838
0.15992767915844838
0.15992767915844838
0.15992767915844838
0.15992767915844838
0.16000986193293887
0.16000986193293887
0.16000986193293887
0.16000986193293887
0.16000986193293887
0.16009204470742933
0.16017422748191978
0.16017422748191978
0.16017422748191978
0.16017422748191978
0.16017422748191978
