0.04659763313609468
0.06254109138724523
0.0856344510190664
0.09023668639053255
0.09344181459566075
0.10108481262327416
0.10412557527942143
0.10650887573964497
0.1083990795529257
0.11053583168967784
0.11209730440499671
0.11415187376725838
0.11522024983563445
0.11595989480604865
0.11669953977646286
0.11719263642340566
0.11883629191321499
0.11965811965811966
0.12097304404996713
0.12245233399079553
0.1232741617357002
0.12409598948060487
0.12508218277449046
0.1257396449704142
0.12606837606837606
0.12705456936226167
0.12787639710716633
0.1289447731755424
0.1296844181459566
0.13001314924391846
0.13083497698882315
0.13149243918474687
0.13239644970414202
0.13288954635108483
0.1333826429980276
0.1338757396449704
0.1343688362919132
0.13502629848783695
0.13568376068376067
0.13625904010519396
0.13675213675213677
0.13732741617357003
0.13749178172255094
0.1381492439184747
0.13872452333990795
0.13897107166337935
0.1393819855358317
0.14020381328073636
0.14045036160420776
0.14086127547666008
0.14119000657462197
0.14176528599605523
0.1420940170940171
0.1425871137409599
0.14275147928994084
0.1438198553583169
0.14464168310322156
0.14497041420118342
0.14538132807363577
0.1455456936226167
0.14587442472057857
0.14612097304404997
0.1465318869165023
0.14694280078895464
0.14710716633793558
0.1475180802103879
0.14809335963182116
0.1482577251808021
0.14858645627876396
0.1492439184746877
0.14940828402366865
0.15039447731755423
0.15055884286653518
0.15121630506245892
0.15179158448389218
0.15212031558185404
0.1525312294543064
0.1525312294543064
0.1530243261012492
0.15327087442472057
0.15335305719921105
0.15351742274819197
0.15359960552268245
0.15376397107166337
0.15384615384615385
0.15417488494411571
0.15433925049309666
0.15483234714003946
0.15524326101249178
0.15540762656147272
0.15557199211045364
0.15557199211045364
0.15614727153188693
0.15680473372781065
0.15705128205128205
0.15754437869822485
0.1579552925706772
0.1582018408941486
0.15853057199211046
0.15869493754109137
0.15902366863905326
0.15910585141354372
0.15943458251150558
0.16000986193293887
0.16009204470742933
0.16058514135437213
0.16074950690335305
0.1611604207758054
0.1614069690992768
0.16181788297172914
0.16198224852071005
0.16198224852071005
0.162146614069691
0.16222879684418146
0.16247534516765286
0.16280407626561472
0.16305062458908612
0.1631328073635766
0.16329717291255752
0.16346153846153846
0.1636259040105194
0.1638724523339908
0.16403681788297172
0.16436554898093358
0.1648586456278764
0.16518737672583828
0.16551610782380013
0.16576265614727154
0.165844838921762
0.16592702169625245
0.16617357001972385
0.1665844838921762
0.16674884944115714
0.16691321499013806
0.167077580539119
0.1675706771860618
0.16765285996055226
0.16765285996055226
0.16773504273504272
0.16798159105851412
0.168310322156476
0.1685568704799474
0.16888560157790927
0.16904996712689022
0.16921433267587113
0.16962524654832348
0.16962524654832348
0.1697896120973044
0.17011834319526628
0.1702827087442472
0.1705292570677186
0.17085798816568049
0.1711045364891519
0.1711045364891519
0.1712689020381328
0.1712689020381328
0.17135108481262326
0.1715154503616042
0.17167981591058515
0.17184418145956606
0.17209072978303747
0.17233727810650887
0.17258382642998027
0.17266600920447076
0.17283037475345167
0.17291255752794216
0.17291255752794216
0.17299474030243261
0.17315910585141353
0.17315910585141353
0.17332347140039447
0.17348783694937542
0.17348783694937542
0.17357001972386588
0.17373438527284682
0.17381656804733728
0.17381656804733728
0.17389875082182774
0.17406311637080868
0.17422748191978962
0.17447403024326102
0.17488494411571334
0.17504930966469429
0.1752136752136752
0.17537804076265615
0.1755424063116371
0.175706771860618
0.1757889546351085
0.17587113740959895
0.1761998685075608
0.1764464168310322
0.17677514792899407
0.17685733070348456
0.176939513477975
0.17702169625246547
0.17718606180144642
0.17726824457593687
0.17735042735042736
0.17743261012491782
0.17767915844838922
0.17792570677186062
0.17800788954635108
0.17809007232084156
0.17817225509533202
0.17833662064431297
0.17858316896778434
0.17866535174227482
0.17866535174227482
0.17899408284023668
0.1792406311637081
0.17940499671268903
0.17965154503616043
0.17981591058514135
0.18014464168310323
0.1803911900065746
0.1804733727810651
0.18055555555555555
0.1808842866535174
0.18104865220249836
0.18129520052596976
0.1814595660749507
0.18162393162393162
0.18203484549638396
0.18211702827087442
0.18228139381985536
0.18244575936883628
0.18261012491781722
0.18285667324128863
0.18293885601577908
0.18326758711374097
0.1834319526627219
0.18376068376068377
0.1839250493096647
0.18408941485864563
0.18408941485864563
0.18425378040762655
0.1844181459566075
0.18450032873109795
0.18474687705456935
0.1849112426035503
0.18499342537804075
0.18499342537804075
0.1851577909270217
0.1851577909270217
0.1851577909270217
0.1854043392504931
0.18548652202498356
0.18556870479947404
0.18556870479947404
0.18573307034845496
0.18581525312294542
0.1858974358974359
0.1858974358974359
0.18597961867192636
0.1861439842209073
0.1861439842209073
0.18630834976988822
0.18630834976988822
0.1863905325443787
0.18647271531886916
0.1866370808678501
0.18671926364234057
0.18671926364234057
0.18671926364234057
0.18671926364234057
0.1868836291913215
0.18721236028928337
0.18729454306377383
0.18754109138724523
0.18754109138724523
0.18770545693622617
0.18778763971071663
0.1878698224852071
0.18795200525969757
0.18803418803418803
0.18803418803418803
0.1881163708086785
0.1881163708086785
0.18819855358316898
0.18819855358316898
0.18828073635765943
0.1883629191321499
0.18844510190664038
0.18869165023011178
0.18877383300460224
0.18902038132807364
0.18902038132807364
0.18902038132807364
0.1891025641025641
0.18918474687705458
0.18918474687705458
0.18918474687705458
0.18926692965154504
0.18926692965154504
0.1893491124260355
0.18951347797501644
0.18951347797501644
0.18951347797501644
0.18951347797501644
0.18951347797501644
0.18967784352399736
0.1898422090729783
0.1898422090729783
0.1898422090729783
0.1898422090729783
0.18992439184746876
0.19000657462195925
0.1900887573964497
0.19025312294543065
0.19025312294543065
0.19025312294543065
0.19025312294543065
0.19025312294543065
0.19041748849441156
0.19049967126890205
0.19049967126890205
0.1905818540433925
0.1905818540433925
0.19066403681788296
0.19091058514135437
0.19099276791584485
0.1910749506903353
0.19115713346482577
0.19123931623931623
0.1913214990138067
0.19140368178829717
0.19173241288625903
0.19181459566074952
0.19181459566074952
0.19197896120973043
0.19197896120973043
0.19214332675871137
0.19214332675871137
0.19214332675871137
0.19222550953320183
0.19230769230769232
0.19230769230769232
0.19238987508218278
0.19247205785667323
0.19247205785667323
0.19247205785667323
0.19255424063116372
0.19263642340565418
0.19271860618014464
0.19280078895463512
0.1930473372781065
0.19321170282708744
0.1932938856015779
0.19337606837606838
0.1935404339250493
0.1935404339250493
0.19362261669953978
0.1937869822485207
0.1937869822485207
0.1937869822485207
0.1937869822485207
0.1940335305719921
0.1940335305719921
0.19419789612097305
0.1942800788954635
0.1942800788954635
0.194362261669954
0.1945266272189349
0.1947731755424063
0.1947731755424063
0.19485535831689677
0.19485535831689677
0.1950197238658777
0.1952662721893491
0.1955128205128205
0.19559500328731097
0.1957593688362919
0.1957593688362919
0.19584155161078237
0.19584155161078237
0.19608809993425377
0.19617028270874426
0.19633464825772518
0.19641683103221566
0.19666337935568703
0.19666337935568703
0.19674556213017752
0.19690992767915844
0.19690992767915844
0.19690992767915844
0.19690992767915844
0.19699211045364892
0.19715647600262984
0.19723865877712032
0.19723865877712032
0.19732084155161078
0.19732084155161078
0.19748520710059173
0.19748520710059173
0.19764957264957264
0.19764957264957264
0.19764957264957264
0.19773175542406313
0.19773175542406313
0.19781393819855358
0.19781393819855358
0.19781393819855358
0.19781393819855358
0.19781393819855358
0.19789612097304404
0.19797830374753453
0.19797830374753453
0.198060486522025
0.19814266929651544
0.19822485207100593
0.1983070348454964
0.1983070348454964
0.1983070348454964
0.1983070348454964
0.1983070348454964
0.19838921761998685
0.19838921761998685
0.19838921761998685
0.19838921761998685
0.1985535831689678
0.19863576594345825
0.1988001314924392
0.1989644970414201
0.1989644970414201
0.1990466798159106
0.1990466798159106
0.1990466798159106
0.19912886259040105
0.1992110453648915
0.19937541091387245
0.19937541091387245
0.1997863247863248
0.19986850756081526
0.19995069033530571
0.19995069033530571
0.19995069033530571
0.19995069033530571
0.19995069033530571
0.2000328731097962
0.20027942143326757
0.20036160420775806
0.20044378698224852
0.20052596975673898
0.20060815253122946
0.20060815253122946
0.20077251808021038
0.20077251808021038
0.20077251808021038
0.20093688362919132
0.20093688362919132
0.20110124917817226
0.20118343195266272
0.20134779750164367
0.20134779750164367
0.20134779750164367
0.20142998027613412
0.20142998027613412
0.20142998027613412
0.20159434582511507
0.20159434582511507
0.20192307692307693
0.20208744247205784
0.20208744247205784
0.20208744247205784
0.20208744247205784
0.20216962524654833
0.20233399079552924
0.2024983563445102
0.2024983563445102
0.20258053911900065
0.20266272189349113
0.20266272189349113
0.20266272189349113
0.20266272189349113
0.20266272189349113
0.20266272189349113
0.20266272189349113
0.20266272189349113
0.20282708744247205
0.20282708744247205
0.20307363576594345
0.2032380013149244
0.2032380013149244
0.2032380013149244
0.20340236686390534
0.2034845496383958
0.2034845496383958
0.2034845496383958
0.2034845496383958
0.20356673241288625
0.2037310979618672
0.2037310979618672
0.20381328073635765
0.20381328073635765
0.2038954635108481
0.2038954635108481
0.2038954635108481
0.2039776462853386
0.20414201183431951
0.20414201183431951
0.20422419460881
0.20430637738330046
0.20438856015779092
0.20438856015779092
0.20455292570677186
0.20463510848126232
0.2047172912557528
0.2047172912557528
0.2047172912557528
0.2047172912557528
0.20479947403024326
0.20479947403024326
0.20488165680473372
0.20512820512820512
0.2052103879026956
0.2052103879026956
0.2052103879026956
0.20537475345167652
0.20537475345167652
0.20537475345167652
0.205456936226167
0.205456936226167
0.205456936226167
0.20553911900065747
0.20553911900065747
0.20553911900065747
0.20553911900065747
0.20562130177514792
0.20570348454963838
0.20578566732412887
0.20578566732412887
0.20586785009861933
0.20603221564760027
0.20603221564760027
0.20611439842209073
0.20627876397107167
0.20636094674556213
0.2064431295200526
0.2064431295200526
0.20652531229454307
0.20652531229454307
0.20652531229454307
0.20652531229454307
0.20660749506903353
0.20660749506903353
0.206689677843524
0.206689677843524
0.206689677843524
0.206689677843524
0.206689677843524
0.206689677843524
0.206689677843524
0.206689677843524
0.20677186061801447
0.20685404339250493
0.20685404339250493
0.2069362261669954
0.20710059171597633
0.20726495726495728
0.20734714003944774
0.20734714003944774
0.20734714003944774
0.20734714003944774
0.20734714003944774
0.20734714003944774
0.2074293228139382
0.2074293228139382
0.2074293228139382
0.2074293228139382
0.2074293228139382
0.20751150558842865
0.20759368836291914
0.20759368836291914
0.2076758711374096
0.2076758711374096
0.20775805391190005
0.20775805391190005
0.207922419460881
0.20800460223537146
0.20800460223537146
0.2081689677843524
0.2081689677843524
0.20825115055884286
0.20825115055884286
0.20825115055884286
0.20825115055884286
0.20857988165680474
0.2086620644312952
0.20874424720578566
0.20882642998027615
0.2089086127547666
0.20899079552925706
0.20899079552925706
0.20907297830374755
0.20907297830374755
0.209155161078238
0.209155161078238
0.209155161078238
0.20931952662721892
0.20931952662721892
0.2094017094017094
0.2094017094017094
0.2094017094017094
0.2094017094017094
0.20948389217619987
0.20956607495069032
0.20956607495069032
0.20956607495069032
0.2096482577251808
0.2096482577251808
0.20973044049967127
0.20973044049967127
0.2098948060486522
0.21005917159763313
0.21005917159763313
0.21005917159763313
0.21005917159763313
0.2101413543721236
0.2101413543721236
0.2101413543721236
0.21022353714661407
0.210387902695595
0.21047008547008547
0.21047008547008547
0.21055226824457593
0.21071663379355687
0.21088099934253782
0.21096318211702828
0.21104536489151873
0.21104536489151873
0.21104536489151873
0.21104536489151873
0.2111275476660092
0.2111275476660092
0.21120973044049968
0.21129191321499013
0.21129191321499013
0.2113740959894806
0.21145627876397108
0.21145627876397108
0.21145627876397108
0.21145627876397108
0.21153846153846154
0.21153846153846154
0.21153846153846154
0.211620644312952
0.2118671926364234
0.21203155818540434
0.21219592373438528
0.21219592373438528
0.21227810650887574
0.2123602892833662
0.2123602892833662
0.21244247205785668
0.21252465483234714
0.2126068376068376
0.2126068376068376
0.2126890203813281
0.2126890203813281
0.212853385930309
0.212853385930309
0.21301775147928995
0.21301775147928995
0.2130999342537804
0.2130999342537804
0.21326429980276135
0.21326429980276135
0.21326429980276135
0.21326429980276135
0.21326429980276135
0.2133464825772518
0.2133464825772518
0.2133464825772518
0.21351084812623275
0.2135930309007232
0.21367521367521367
0.21375739644970415
0.21375739644970415
0.21375739644970415
0.21375739644970415
0.21375739644970415
0.21375739644970415
0.21375739644970415
0.21375739644970415
0.21392176199868507
0.21392176199868507
0.21400394477317555
0.21400394477317555
0.21400394477317555
0.21400394477317555
0.21400394477317555
0.214086127547666
0.214086127547666
0.214086127547666
0.214086127547666
0.214086127547666
0.214086127547666
0.214086127547666
0.21416831032215647
0.21416831032215647
0.21425049309664695
0.21425049309664695
0.21425049309664695
0.2143326758711374
0.2143326758711374
0.21441485864562787
0.21449704142011836
0.21449704142011836
0.21466140696909927
0.21474358974358973
0.21474358974358973
0.21482577251808022
0.21482577251808022
0.21482577251808022
0.21490795529257067
0.21490795529257067
0.21490795529257067
0.21490795529257067
0.21490795529257067
0.21490795529257067
0.21499013806706113
0.21499013806706113
0.21507232084155162
0.21523668639053253
0.21523668639053253
0.21523668639053253
0.21523668639053253
0.21531886916502302
0.21540105193951348
0.21540105193951348
0.21540105193951348
0.21540105193951348
0.21540105193951348
0.21540105193951348
0.21540105193951348
0.21540105193951348
0.21548323471400394
0.21564760026298488
0.21564760026298488
0.21564760026298488
0.21564760026298488
0.21564760026298488
0.21581196581196582
0.21589414858645628
0.21597633136094674
0.21597633136094674
0.21605851413543722
0.21605851413543722
0.21605851413543722
0.21614069690992768
0.21630506245890863
0.21638724523339908
0.21638724523339908
0.21638724523339908
0.21638724523339908
0.21655161078238
0.21655161078238
0.21655161078238
0.21655161078238
0.21655161078238
0.21655161078238
0.21663379355687049
0.21663379355687049
0.21663379355687049
0.21671597633136094
0.2167981591058514
0.2167981591058514
0.2167981591058514
0.2167981591058514
0.2167981591058514
0.21696252465483234
0.21696252465483234
0.2170447074293228
0.2171268902038133
0.21720907297830375
0.21720907297830375
0.2172912557527942
0.2172912557527942
0.2172912557527942
0.2172912557527942
0.2172912557527942
0.2172912557527942
0.2175378040762656
0.21770216962524655
0.2178665351742275
0.2178665351742275
0.21794871794871795
0.21794871794871795
0.21794871794871795
0.21794871794871795
0.21794871794871795
0.2180309007232084
0.2180309007232084
0.2180309007232084
0.2180309007232084
0.2180309007232084
0.2180309007232084
0.2180309007232084
0.2181130834976989
0.2181130834976989
0.2181130834976989
0.21819526627218935
0.21819526627218935
0.21819526627218935
0.21819526627218935
0.21819526627218935
0.21819526627218935
0.2182774490466798
0.2182774490466798
0.21844181459566075
0.21844181459566075
0.21844181459566075
0.21860618014464167
0.21860618014464167
0.21868836291913216
0.21868836291913216
0.21877054569362261
0.21877054569362261
0.21877054569362261
0.21877054569362261
0.21885272846811307
0.21885272846811307
0.21885272846811307
0.21885272846811307
0.21885272846811307
0.21893491124260356
0.21893491124260356
0.21901709401709402
0.21909927679158447
0.21918145956607496
0.21918145956607496
0.21926364234056542
0.21934582511505588
0.21934582511505588
0.21934582511505588
0.21942800788954636
0.21942800788954636
0.21942800788954636
0.21942800788954636
0.21942800788954636
0.21959237343852728
0.21967455621301776
0.21975673898750822
0.21983892176199868
0.21992110453648916
0.22000328731097962
0.22008547008547008
0.22008547008547008
0.22016765285996054
0.22016765285996054
0.22016765285996054
0.22016765285996054
0.22024983563445102
0.22057856673241288
0.22066074950690334
0.22074293228139383
0.22074293228139383
0.22074293228139383
0.22082511505588429
0.22082511505588429
0.22082511505588429
0.22082511505588429
0.22082511505588429
0.22082511505588429
0.22082511505588429
0.22082511505588429
0.22082511505588429
0.22082511505588429
0.22082511505588429
0.22082511505588429
0.22090729783037474
0.22098948060486523
0.22123602892833663
0.22123602892833663
0.2213182117028271
0.22140039447731755
0.22140039447731755
0.22140039447731755
0.22148257725180803
0.22148257725180803
0.22164694280078895
0.22164694280078895
0.22164694280078895
0.22164694280078895
0.22164694280078895
0.22172912557527943
0.2218113083497699
0.22189349112426035
0.22189349112426035
0.22189349112426035
0.22189349112426035
0.2219756738987508
0.2220578566732413
0.2223044049967127
0.22238658777120315
0.22238658777120315
0.22238658777120315
0.22238658777120315
0.2224687705456936
0.2225509533201841
0.2225509533201841
0.2225509533201841
0.2225509533201841
0.2225509533201841
0.2225509533201841
0.22263313609467456
0.22263313609467456
0.22263313609467456
0.222715318869165
0.222715318869165
0.222715318869165
0.2227975016436555
0.2227975016436555
0.22287968441814596
0.22296186719263641
0.22296186719263641
0.2230440499671269
0.2230440499671269
0.22312623274161736
0.22320841551610782
0.2232905982905983
0.2232905982905983
0.2232905982905983
0.2232905982905983
0.22345496383957922
0.22345496383957922
0.22345496383957922
0.2235371466140697
0.2235371466140697
0.22361932938856016
0.22361932938856016
0.22361932938856016
0.22361932938856016
0.22361932938856016
0.22361932938856016
0.22361932938856016
0.22361932938856016
0.22370151216305062
0.22370151216305062
0.22386587771203156
0.22403024326101248
0.22411242603550297
0.22419460880999342
0.22427679158448388
0.22427679158448388
0.22427679158448388
0.22427679158448388
0.22435897435897437
0.22435897435897437
0.22435897435897437
0.22435897435897437
0.22435897435897437
0.22435897435897437
0.22435897435897437
0.22435897435897437
0.22444115713346482
0.22452333990795528
0.22468770545693623
0.22468770545693623
0.22468770545693623
0.22468770545693623
0.22468770545693623
0.22468770545693623
0.22468770545693623
0.22468770545693623
0.22468770545693623
0.22468770545693623
0.22476988823142668
0.22485207100591717
0.22485207100591717
0.22485207100591717
0.22493425378040763
0.22493425378040763
0.22493425378040763
0.22493425378040763
0.22501643655489809
0.22501643655489809
0.22501643655489809
0.22518080210387903
0.22518080210387903
0.22534516765285997
0.22534516765285997
0.22534516765285997
0.22542735042735043
0.22542735042735043
0.22542735042735043
0.2255095332018409
0.2255095332018409
0.2255095332018409
0.22559171597633135
0.22567389875082183
0.2257560815253123
0.22583826429980275
0.22592044707429323
0.22592044707429323
0.22592044707429323
0.2260026298487837
0.2260026298487837
0.2260026298487837
0.2260026298487837
0.2260026298487837
