0.024212461177663687
0.032515687393040504
0.037649743297204795
0.04259364898269633
0.046967104012169615
0.050770108385624645
0.05374912847816442
0.05577739747734043
0.057235215820498196
0.0585028839449832
0.06027761931926222
0.06129175381885023
0.062432655130886736
0.06325663941180198
0.06420739050516575
0.06439754072383849
0.065284908410978
0.06629904291056601
0.06737656081637827
0.06845407872219053
0.06927806300310578
0.06997528047157255
0.0706724979400393
0.0713063320022818
0.07175001584585156
0.07206693287697281
0.07244723331431831
0.07289091715788806
0.07346136781390632
0.07428535209482158
0.07466565253216707
0.07504595296951258
0.07523610318818533
0.07555302021930659
0.07580655384420358
0.07599670406287634
0.07637700450022185
0.07669392153134309
0.07713760537491285
0.07777143943715535
0.0783418900931736
0.07878557393674336
0.07897572415541611
0.07967294162388287
0.07998985865500412
0.08018000887367688
0.08049692590479812
0.08094060974836788
0.08125752677948914
0.08151106040438613
0.08195474424795589
0.08246181149774989
0.08265196171642264
0.0829688787475439
0.0832224123724409
0.0834759459973379
0.08404639665335616
0.08417316346580465
0.08455346390315016
0.0848703809342714
0.08525068137161691
0.08550421499651391
0.08594789884008366
0.08639158268365342
0.08677188312099893
0.08696203333967167
0.08715218355834442
0.08721556696456867
0.08740571718324143
0.08753248399568993
0.08772263421436267
0.08784940102681119
0.08822970146415668
0.08848323508905369
0.08911706915129619
0.08943398618241745
0.0897509032135387
0.0903847372757812
0.0906382709006782
0.0908918045255752
0.09095518793179945
0.09108195474424796
0.09127210496292071
0.0913988717753692
0.09171578880649046
0.09177917221271471
0.09196932243138746
0.09241300627495722
0.09272992330607847
0.09285669011852697
0.09298345693097547
0.09336375736832098
0.09380744121189073
0.09406097483678773
0.09456804208658173
0.09475819230525448
0.09513849274259999
0.09545540977372124
0.09558217658616974
0.09583571021106674
0.09634277746086074
0.0965329276795335
0.09659631108575775
0.09672307789820625
0.09672307789820625
0.097166761741776
0.0972935285542245
0.09761044558534576
0.097927362616467
0.09818089624136402
0.09818089624136402
0.09856119667870951
0.09887811370983077
0.09906826392850351
0.09938518095962477
0.09963871458452177
0.09989224820941878
0.10020916524054002
0.10039931545921278
0.10052608227166128
0.10071623249033403
0.10084299930278254
0.10096976611523104
0.10115991633390378
0.10128668314635228
0.10173036698992204
0.1019205172085948
0.10198390061481905
0.10211066742726754
0.10230081764594029
0.10236420105216454
0.10249096786461305
0.1026811180832858
0.10293465170818279
0.1031881853330798
0.10325156873930405
0.1033149521455283
0.10375863598909806
0.1038220193953223
0.1039487862077708
0.10413893642644356
0.10439247005134056
0.10464600367623757
0.10464600367623757
0.10502630411358306
0.10527983773848007
0.10527983773848007
0.10534322114470432
0.10553337136337707
0.10566013817582556
0.10610382201939532
0.10623058883184382
0.10648412245674083
0.10673765608163782
0.10680103948786208
0.10705457311275908
0.10724472333143183
0.10737149014388034
0.10743487355010459
0.10756164036255308
0.10762502376877733
0.10762502376877733
0.10781517398745008
0.10781517398745008
0.10832224123724409
0.10838562464346833
0.10863915826836534
0.10882930848703809
0.10914622551815935
0.1093363757368321
0.10952652595550486
0.10965329276795335
0.10990682639285035
0.11003359320529885
0.11041389364264435
0.1104772770488686
0.11060404386131711
0.11066742726754136
0.11079419407998986
0.11092096089243836
0.1111111111111111
0.11130126132978387
0.11149141154845661
0.11168156176712936
0.11218862901692336
0.11231539582937188
0.11244216264182037
0.11250554604804462
0.11256892945426887
0.11275907967294162
0.11294922989161438
0.11301261329783863
0.11307599670406288
0.11326614692273562
0.11332953032895988
0.11358306395385688
0.11389998098497814
0.11402674779742664
0.11428028142232363
0.11453381504722064
0.11472396526589339
0.11491411548456613
0.11504088229701465
0.1151042657032389
0.11535779932813589
0.11548456614058439
0.11567471635925715
0.11580148317170565
0.11592824998415414
0.11605501679660266
0.1162451670152754
0.11662546745262091
0.11662546745262091
0.11681561767129366
0.1168790010775179
0.1170057678899664
0.11706915129619065
0.11706915129619065
0.11738606832731191
0.11738606832731191
0.11751283513976041
0.11776636876465742
0.11789313557710591
0.11795651898333016
0.11814666920200291
0.11827343601445142
0.11833681942067567
0.11833681942067567
0.11865373645179692
0.11865373645179692
0.11884388667046968
0.11897065348291817
0.11909742029536667
0.11935095392026368
0.11941433732648793
0.11947772073271218
0.11954110413893643
0.11979463776383342
0.11979463776383342
0.12004817138873043
0.12011155479495468
0.12011155479495468
0.12017493820117893
0.12036508841985168
0.12042847182607594
0.12042847182607594
0.12061862204474869
0.12068200545097293
0.12068200545097293
0.12074538885719718
0.12080877226342143
0.12080877226342143
0.12106230588831844
0.12118907270076694
0.12118907270076694
0.12131583951321544
0.1215059897318882
0.1215059897318882
0.12156937313811245
0.1216327565443367
0.1216327565443367
0.1217595233567852
0.12188629016923369
0.12194967357545794
0.1220130569816822
0.1220130569816822
0.1220130569816822
0.12220320720035495
0.12220320720035495
0.1222665906065792
0.1223933574190277
0.12258350763770046
0.1229004246688217
0.12296380807504595
0.12309057488749445
0.12309057488749445
0.1234074919186157
0.12347087532483995
0.1235342587310642
0.12378779235596121
0.12378779235596121
0.12391455916840971
0.12391455916840971
0.12391455916840971
0.12410470938708246
0.12423147619953097
0.12423147619953097
0.12429485960575522
0.12429485960575522
0.12448500982442796
0.12454839323065221
0.12461177663687646
0.12467516004310071
0.12467516004310071
0.12467516004310071
0.12467516004310071
0.12473854344932497
0.12480192685554922
0.12486531026177347
0.12486531026177347
0.12492869366799772
0.12492869366799772
0.12505546048044622
0.12505546048044622
0.12505546048044622
0.12518222729289472
0.12524561069911896
0.12524561069911896
0.12537237751156746
0.12549914432401596
0.12562591113646449
0.12562591113646449
0.12581606135513723
0.12587944476136148
0.12594282816758573
0.12600621157380998
0.12606959498003423
0.12625974519870697
0.12632312860493122
0.12644989541737972
0.12657666222982822
0.12670342904227674
0.126766812448501
0.1268935792609495
0.1268935792609495
0.12695696266717374
0.12695696266717374
0.12708372947962224
0.12708372947962224
0.12714711288584649
0.12727387969829498
0.12727387969829498
0.12740064651074348
0.12740064651074348
0.12740064651074348
0.12759079672941623
0.12771756354186475
0.12784433035431325
0.12797109716676175
0.128034480572986
0.1281612473854345
0.12835139760410724
0.12847816441655574
0.12860493122900424
0.12885846485390126
0.12898523166634976
0.12898523166634976
0.12923876529124675
0.129302148697471
0.12949229891614375
0.129555682322368
0.12961906572859225
0.12961906572859225
0.12993598275971352
0.12999936616593777
0.13006274957216202
0.13006274957216202
0.13018951638461052
0.13037966660328326
0.13037966660328326
0.13037966660328326
0.13037966660328326
0.13050643341573176
0.1306965836344045
0.130823350446853
0.130823350446853
0.130823350446853
0.1309501172593015
0.13101350066552578
0.13101350066552578
0.13101350066552578
0.13107688407175003
0.13107688407175003
0.13120365088419852
0.13120365088419852
0.13139380110287127
0.13145718450909552
0.13158395132154402
0.13164733472776827
0.13171071813399252
0.13177410154021676
0.13177410154021676
0.131837484946441
0.13190086835266526
0.1319642517588895
0.13202763516511376
0.13209101857133804
0.13221778538378653
0.13228116879001078
0.13234455219623503
0.13253470241490778
0.13266146922735628
0.13272485263358053
0.13272485263358053
0.13285161944602902
0.13285161944602902
0.13285161944602902
0.13285161944602902
0.13291500285225327
0.13291500285225327
0.1331685364771503
0.1332953032895988
0.1332953032895988
0.13335868669582304
0.13335868669582304
0.13335868669582304
0.13335868669582304
0.1334220701020473
0.1334220701020473
0.13348545350827154
0.1335488369144958
0.13361222032072004
0.13373898713316854
0.13373898713316854
0.13373898713316854
0.13380237053939278
0.13386575394561703
0.13386575394561703
0.13386575394561703
0.13386575394561703
0.13405590416428978
0.13405590416428978
0.13411928757051403
0.13411928757051403
0.13411928757051403
0.13411928757051403
0.13424605438296255
0.13424605438296255
0.13437282119541105
0.13437282119541105
0.1345629714140838
0.1345629714140838
0.13462635482030805
0.1346897382265323
0.1348165050389808
0.1348165050389808
0.1348165050389808
0.13487988844520504
0.13500665525765354
0.1350700386638778
0.1350700386638778
0.13513342207010204
0.1354503391012233
0.13551372250744756
0.1355771059136718
0.1357038727261203
0.13576725613234455
0.13576725613234455
0.1358306395385688
0.1358306395385688
0.1358306395385688
0.1359574063510173
0.1360841731634658
0.1360841731634658
0.13614755656969005
0.1362109399759143
0.1363377067883628
0.1363377067883628
0.13640109019458704
0.13640109019458704
0.13646447360081132
0.13646447360081132
0.13646447360081132
0.13659124041325982
0.13665462381948407
0.13690815744438106
0.13690815744438106
0.13703492425682956
0.13703492425682956
0.1372250744755023
0.13728845788172656
0.13741522469417505
0.1374786081003993
0.1374786081003993
0.1374786081003993
0.13754199150662358
0.13760537491284783
0.13773214172529633
0.13785890853774482
0.13785890853774482
0.13798567535019332
0.13798567535019332
0.13798567535019332
0.13817582556886607
0.13836597578753881
0.13842935919376306
0.1384927425999873
0.1384927425999873
0.13855612600621156
0.13855612600621156
0.13861950941243584
0.1386828928186601
0.1386828928186601
0.13880965963110858
0.13887304303733283
0.13887304303733283
0.13893642644355708
0.13893642644355708
0.13899980984978133
0.13899980984978133
0.13899980984978133
0.13906319325600558
0.13906319325600558
0.13918996006845408
0.13925334347467833
0.13931672688090257
0.13938011028712682
0.13944349369335107
0.13944349369335107
0.13944349369335107
0.13944349369335107
0.13944349369335107
0.13950687709957532
0.1396970273182481
0.1396970273182481
0.1398237941306966
0.1398237941306966
0.13988717753692084
0.13988717753692084
0.13988717753692084
0.14001394434936934
0.1400773277555936
0.14014071116181784
0.14033086138049058
0.14039424478671483
0.14039424478671483
0.14045762819293908
0.14052101159916333
0.14058439500538758
0.14058439500538758
0.14058439500538758
0.14058439500538758
0.14064777841161183
0.14071116181783608
0.14071116181783608
0.14077454522406035
0.14077454522406035
0.14077454522406035
0.14077454522406035
0.1408379286302846
0.1408379286302846
0.1408379286302846
0.1409646954427331
0.14102807884895735
0.14102807884895735
0.14115484566140585
0.14128161247385435
0.14128161247385435
0.14128161247385435
0.14140837928630284
0.14140837928630284
0.1414717626925271
0.1414717626925271
0.1414717626925271
0.1414717626925271
0.1414717626925271
0.1415985295049756
0.1415985295049756
0.14166191291119984
0.1417252963174241
0.1418520631298726
0.1418520631298726
0.14191544653609686
0.1419788299423211
0.1419788299423211
0.14204221334854536
0.1421055967547696
0.14216898016099386
0.14216898016099386
0.14216898016099386
0.1422323635672181
0.1422323635672181
0.1422323635672181
0.1422323635672181
0.1422323635672181
0.14229574697344236
0.1423591303796666
0.14242251378589085
0.1424858971921151
0.14254928059833935
0.14267604741078785
0.14267604741078785
0.14267604741078785
0.14280281422323635
0.14280281422323635
0.14280281422323635
0.1428661976294606
0.14292958103568484
0.14292958103568484
0.14299296444190912
0.14299296444190912
0.14305634784813337
0.14311973125435762
0.14311973125435762
0.14324649806680612
0.14330988147303036
0.1433732648792546
0.1435000316917031
0.1435000316917031
0.1436267985041516
0.14369018191037586
0.1437535653166001
0.14381694872282436
0.14394371553527285
0.14394371553527285
0.14394371553527285
0.1440070989414971
0.1440070989414971
0.14407048234772138
0.14419724916016988
0.14432401597261837
0.14432401597261837
0.14445078278506687
0.14451416619129112
0.14451416619129112
0.14457754959751537
0.14464093300373962
0.14464093300373962
0.14464093300373962
0.14470431640996387
0.14476769981618812
0.14476769981618812
0.14483108322241237
0.14489446662863661
0.14489446662863661
0.14489446662863661
0.14495785003486086
0.14495785003486086
0.14495785003486086
0.1450212334410851
0.1450212334410851
0.1450212334410851
0.14508461684730936
0.14508461684730936
0.14508461684730936
0.14508461684730936
0.1452113836597579
0.14527476706598214
0.14533815047220638
0.14546491728465488
0.14546491728465488
0.14552830069087913
0.14559168409710338
0.14565506750332763
0.14578183431577613
0.14590860112822462
0.14597198453444887
0.14603536794067312
0.14603536794067312
0.14603536794067312
0.14609875134689737
0.1462255181593459
0.14628890156557015
0.1463522849717944
0.1463522849717944
0.14641566837801864
0.14641566837801864
0.14641566837801864
0.1464790517842429
0.14654243519046714
0.14654243519046714
0.14654243519046714
0.14654243519046714
0.1466058185966914
0.14666920200291564
0.1467325854091399
0.1467325854091399
0.14692273562781263
0.14692273562781263
0.14692273562781263
0.14692273562781263
0.14692273562781263
0.14698611903403688
0.14704950244026113
0.14704950244026113
0.14711288584648538
0.14717626925270963
0.14723965265893388
0.14723965265893388
0.14723965265893388
0.14723965265893388
0.14730303606515815
0.14730303606515815
0.14742980287760665
0.14742980287760665
0.14742980287760665
0.14742980287760665
0.14742980287760665
0.1474931862838309
0.14755656969005515
0.14755656969005515
0.1476199530962794
0.1476199530962794
0.1476199530962794
0.1477467199087279
0.1477467199087279
0.14793687012740064
0.14793687012740064
0.14793687012740064
0.14793687012740064
0.14793687012740064
0.14793687012740064
0.14793687012740064
0.14793687012740064
0.1480002535336249
0.1480002535336249
0.1480002535336249
0.1480002535336249
0.14806363693984914
0.14806363693984914
0.14806363693984914
0.1482537871585219
0.1482537871585219
0.1482537871585219
0.14831717056474614
0.1483805539709704
0.1483805539709704
0.1483805539709704
0.1483805539709704
0.14844393737719466
0.14844393737719466
0.14844393737719466
0.14844393737719466
0.14844393737719466
0.14844393737719466
0.14844393737719466
0.1485073207834189
0.1485073207834189
0.1485073207834189
0.14857070418964316
0.1486340875958674
0.1486340875958674
0.1486340875958674
0.14869747100209166
0.14869747100209166
0.14869747100209166
0.1487608544083159
0.1487608544083159
0.14882423781454016
0.14882423781454016
0.1488876212207644
0.1488876212207644
0.1488876212207644
0.1490143880332129
0.14907777143943715
0.1491411548456614
0.1491411548456614
0.14920453825188565
0.1492679216581099
0.14933130506433415
0.14933130506433415
0.14933130506433415
0.14933130506433415
0.1493946884705584
0.1493946884705584
0.14945807187678267
0.14945807187678267
0.14945807187678267
0.14952145528300692
0.14952145528300692
0.14958483868923117
0.14964822209545542
0.14964822209545542
0.14964822209545542
0.14964822209545542
0.14964822209545542
0.14977498890790392
0.14983837231412817
0.14983837231412817
0.14996513912657666
0.14996513912657666
0.14996513912657666
0.1500285225328009
0.1500285225328009
0.15009190593902516
0.15009190593902516
0.15009190593902516
0.1501552893452494
0.1501552893452494
0.15021867275147366
0.1502820561576979
0.1502820561576979
0.15034543956392216
0.15034543956392216
0.1504088229701464
0.1504088229701464
0.1504088229701464
0.15047220637637065
0.15047220637637065
0.1505355897825949
0.1505355897825949
0.1505355897825949
0.1505355897825949
0.1505355897825949
0.1505355897825949
0.15059897318881918
0.15059897318881918
0.15066235659504343
0.15066235659504343
0.15066235659504343
0.15072574000126768
0.15072574000126768
0.15072574000126768
0.15078912340749193
0.15085250681371618
0.15085250681371618
0.15097927362616467
0.15097927362616467
0.15104265703238892
0.15110604043861317
0.15110604043861317
0.15110604043861317
0.15110604043861317
0.15110604043861317
0.15116942384483742
0.15123280725106167
0.15123280725106167
0.15123280725106167
0.15123280725106167
0.15123280725106167
0.15123280725106167
0.15123280725106167
0.15123280725106167
0.15129619065728592
0.15129619065728592
0.15135957406351017
0.15142295746973441
0.15142295746973441
0.1515497242821829
0.1515497242821829
0.1515497242821829
0.1515497242821829
0.15161310768840716
0.15167649109463144
0.1517398745008557
0.15180325790707994
0.15180325790707994
0.15180325790707994
0.15180325790707994
0.15180325790707994
0.15180325790707994
0.15180325790707994
0.15180325790707994
0.15180325790707994
0.15186664131330418
0.15193002471952843
0.15199340812575268
0.15205679153197693
0.15205679153197693
0.15205679153197693
0.15205679153197693
0.15205679153197693
0.15212017493820118
0.15212017493820118
0.15218355834442543
0.15218355834442543
0.15218355834442543
0.15218355834442543
0.15224694175064968
0.15224694175064968
0.15224694175064968
0.15224694175064968
0.15224694175064968
0.15224694175064968
0.15224694175064968
0.15224694175064968
0.15224694175064968
0.15224694175064968
0.15224694175064968
0.15224694175064968
0.15224694175064968
0.15224694175064968
0.15224694175064968
0.15224694175064968
0.15224694175064968
0.15224694175064968
0.15224694175064968
0.15224694175064968
0.15224694175064968
0.15224694175064968
0.15224694175064968
0.15231032515687393
0.15231032515687393
0.15231032515687393
0.15231032515687393
0.15231032515687393
0.15231032515687393
0.15237370856309818
0.15237370856309818
0.15237370856309818
0.15237370856309818
0.15237370856309818
0.15237370856309818
0.15237370856309818
0.15237370856309818
0.15237370856309818
0.15237370856309818
0.15237370856309818
0.15237370856309818
0.15243709196932242
0.15243709196932242
0.15250047537554667
0.15250047537554667
0.15262724218799517
0.15262724218799517
0.15262724218799517
0.15262724218799517
0.15269062559421942
0.15269062559421942
0.15269062559421942
0.15269062559421942
0.15269062559421942
0.15281739240666795
0.15281739240666795
0.15281739240666795
0.15281739240666795
0.1528807758128922
0.1528807758128922
0.1528807758128922
0.15294415921911644
0.15294415921911644
0.15307092603156494
0.1531343094377892
0.15319769284401344
0.1532610762502377
0.15332445965646194
0.15338784306268619
0.15338784306268619
0.15345122646891043
0.15345122646891043
0.15345122646891043
0.15345122646891043
0.15357799328135893
0.15357799328135893
0.15364137668758318
0.15364137668758318
0.15370476009380743
0.15376814350003168
0.15383152690625596
0.15383152690625596
0.15383152690625596
0.15383152690625596
0.15383152690625596
0.15383152690625596
0.15383152690625596
0.15383152690625596
0.15383152690625596
0.15383152690625596
0.15383152690625596
0.15383152690625596
0.15383152690625596
0.1538949103124802
0.15395829371870445
0.1540216771249287
0.1540216771249287
0.1540216771249287
0.1540216771249287
0.15408506053115295
0.15408506053115295
0.15408506053115295
0.15408506053115295
0.1541484439373772
0.1541484439373772
0.1541484439373772
0.15421182734360145
0.15421182734360145
0.15421182734360145
0.1542752107498257
0.1542752107498257
0.1542752107498257
0.1542752107498257
0.1542752107498257
0.1542752107498257
0.1542752107498257
0.1544019775622742
0.1544019775622742
0.1544019775622742
0.1544019775622742
0.1544019775622742
0.1544019775622742
0.1544019775622742
0.1544019775622742
0.1544019775622742
0.1544019775622742
0.15446536096849844
0.15446536096849844
0.1545287443747227
0.15459212778094694
0.15459212778094694
0.15459212778094694
0.1546555111871712
0.1546555111871712
0.15471889459339544
0.15471889459339544
0.15484566140584394
0.1550358116245167
0.1550358116245167
0.1550358116245167
0.1550358116245167
0.1550358116245167
0.1550358116245167
