0.028839449832033973
0.03733282626608354
0.04202319832667808
0.046650186981048364
0.05000950751093364
0.05286176079102491
0.05533371363377068
0.05717183241427394
0.058756417569880204
0.060087469100589465
0.06135513722507448
0.06274957216200798
0.064017240286493
0.06471445775495975
0.06566520884832351
0.06604550928566902
0.06667934334791152
0.06750332762882677
0.06902452937820878
0.07022881409646954
0.07086264815871204
0.07162324903340306
0.07232046650186981
0.07320783418900932
0.07352475122013057
0.07403181846992457
0.07428535209482158
0.07466565253216707
0.07529948659440959
0.07586993725042784
0.07631362109399759
0.07675730493756734
0.0769474551562401
0.07726437218736135
0.07764467262470685
0.0779615896558281
0.07827850668694936
0.07872219053051911
0.07910249096786462
0.07954617481143436
0.08011662546745262
0.08037015909234962
0.08075045952969513
0.08132091018571339
0.08176459402928313
0.08195474424795589
0.08227166127907713
0.08258857831019839
0.08290549534131965
0.0830956455599924
0.08366609621601065
0.0841097800595804
0.0843633136844774
0.08461684730937441
0.08493376434049565
0.08512391455916841
0.08569436521518667
0.08594789884008366
0.08613804905875641
0.08639158268365342
0.08658173290232617
0.08677188312099893
0.08715218355834442
0.08740571718324143
0.08772263421436267
0.08784940102681119
0.08816631805793243
0.08835646827660519
0.08854661849527794
0.08861000190150219
0.08880015212017493
0.0888635355263992
0.08911706915129619
0.08924383596374469
0.08981428661976294
0.09051150408822971
0.0906382709006782
0.09108195474424796
0.09127210496292071
0.09158902199404197
0.09158902199404197
0.09165240540026622
0.09171578880649046
0.09184255561893896
0.09196932243138746
0.09203270583761171
0.09228623946250872
0.09266653989985423
0.09292007352475122
0.09304684033719972
0.09304684033719972
0.09336375736832098
0.09380744121189073
0.09399759143056348
0.09431450846168474
0.09463142549280598
0.09482157571147873
0.09494834252392724
0.09507510933637574
0.09526525955504848
0.0955187931799455
0.09558217658616974
0.09564555999239399
0.09570894339861824
0.09596247702351525
0.096152627242188
0.09634277746086074
0.09672307789820625
0.09703999492932751
0.09710337833555176
0.09723014514800025
0.09748367877289725
0.09767382899157001
0.097927362616467
0.097927362616467
0.09824427964758826
0.09862458008493376
0.09862458008493376
0.09868796349115802
0.09906826392850351
0.09919503074095203
0.09919503074095203
0.09938518095962477
0.09944856436584902
0.09963871458452177
0.09989224820941878
0.10001901502186727
0.10014578183431577
0.10020916524054002
0.10033593205298853
0.10046269886543703
0.10058946567788553
0.10077961589655828
0.10096976611523104
0.10109653292767953
0.10122329974012803
0.10135006655257653
0.10147683336502504
0.10166698358369779
0.10185713380237053
0.10217405083349179
0.10242758445838879
0.1025543512708373
0.10274450148951005
0.10287126830195854
0.10287126830195854
0.1031881853330798
0.10337833555175255
0.10356848577042531
0.10375863598909806
0.1039487862077708
0.10420231983266781
0.10439247005134056
0.10451923686378906
0.10451923686378906
0.10451923686378906
0.10451923686378906
0.10451923686378906
0.10464600367623757
0.10464600367623757
0.10489953730113456
0.10521645433225582
0.10540660455092857
0.10553337136337707
0.10572352158204983
0.10604043861317107
0.10623058883184382
0.10635735564429233
0.10642073905051658
0.10661088926918932
0.10692780630031058
0.10699118970653483
0.10711795651898333
0.10711795651898333
0.10724472333143183
0.10737149014388034
0.10743487355010459
0.10743487355010459
0.10781517398745008
0.10806870761234709
0.10838562464346833
0.10863915826836534
0.10870254167458959
0.10870254167458959
0.10889269189326234
0.10895607529948659
0.10901945870571085
0.1090828421119351
0.10914622551815935
0.1093363757368321
0.10939975914305634
0.10939975914305634
0.10965329276795335
0.10978005958040185
0.11009697661152311
0.11016036001774736
0.1103505102364201
0.11066742726754136
0.11079419407998986
0.11085757748621411
0.1111111111111111
0.11117449451733537
0.11117449451733537
0.11130126132978387
0.11142802814223236
0.11155479495468086
0.11161817836090511
0.11187171198580212
0.11199847879825062
0.11212524561069911
0.11225201242314763
0.11231539582937188
0.11244216264182037
0.11244216264182037
0.11263231286049312
0.11275907967294162
0.11288584648539013
0.11294922989161438
0.11301261329783863
0.11301261329783863
0.11320276351651137
0.11326614692273562
0.11339291373518413
0.11339291373518413
0.11351968054763263
0.11364644736008113
0.11377321417252963
0.11389998098497814
0.11409013120365089
0.11415351460987513
0.11415351460987513
0.11428028142232363
0.11434366482854788
0.11472396526589339
0.11478734867211764
0.11478734867211764
0.11491411548456613
0.1149774988907904
0.1149774988907904
0.1149774988907904
0.1149774988907904
0.1149774988907904
0.11504088229701465
0.11504088229701465
0.1151042657032389
0.11523103251568739
0.11535779932813589
0.11535779932813589
0.11542118273436014
0.11542118273436014
0.11542118273436014
0.11542118273436014
0.11548456614058439
0.11554794954680865
0.11554794954680865
0.11554794954680865
0.1156113329530329
0.11567471635925715
0.1157380997654814
0.1157380997654814
0.1157380997654814
0.11580148317170565
0.1158648665779299
0.11592824998415414
0.11605501679660266
0.11618178360905115
0.11656208404639665
0.11681561767129366
0.11681561767129366
0.11681561767129366
0.1168790010775179
0.1168790010775179
0.1168790010775179
0.11694238448374215
0.1170057678899664
0.11706915129619065
0.11706915129619065
0.11713253470241491
0.11719591810863916
0.11725930151486341
0.11725930151486341
0.11725930151486341
0.11725930151486341
0.11732268492108766
0.11732268492108766
0.11738606832731191
0.11738606832731191
0.11738606832731191
0.11751283513976041
0.11757621854598466
0.1176396019522089
0.1176396019522089
0.11770298535843317
0.11776636876465742
0.11782975217088167
0.11782975217088167
0.11782975217088167
0.11789313557710591
0.11795651898333016
0.11795651898333016
0.11795651898333016
0.11801990238955441
0.11808328579577866
0.11814666920200291
0.11814666920200291
0.11821005260822717
0.11833681942067567
0.11833681942067567
0.11840020282689992
0.11846358623312417
0.11846358623312417
0.11846358623312417
0.11846358623312417
0.11852696963934842
0.11865373645179692
0.11871711985802116
0.11878050326424543
0.11884388667046968
0.11890727007669392
0.11890727007669392
0.11890727007669392
0.11890727007669392
0.11897065348291817
0.11897065348291817
0.11903403688914242
0.11909742029536667
0.11909742029536667
0.11909742029536667
0.11916080370159092
0.11922418710781517
0.11941433732648793
0.11941433732648793
0.11941433732648793
0.11941433732648793
0.11947772073271218
0.11960448754516068
0.11992140457628193
0.11998478798250618
0.11998478798250618
0.11998478798250618
0.12004817138873043
0.12017493820117893
0.12017493820117893
0.12017493820117893
0.12023832160740318
0.12023832160740318
0.12023832160740318
0.12023832160740318
0.12023832160740318
0.12030170501362743
0.12036508841985168
0.12036508841985168
0.12036508841985168
0.12036508841985168
0.12036508841985168
0.12036508841985168
0.12036508841985168
0.12036508841985168
0.12042847182607594
0.12042847182607594
0.12049185523230019
0.12049185523230019
0.12061862204474869
0.12061862204474869
0.12061862204474869
0.12068200545097293
0.12068200545097293
0.12068200545097293
0.12074538885719718
0.12087215566964568
0.12087215566964568
0.12087215566964568
0.12087215566964568
0.12093553907586994
0.12093553907586994
0.12093553907586994
0.12093553907586994
0.12093553907586994
0.12093553907586994
0.12093553907586994
0.12093553907586994
0.12093553907586994
0.12099892248209419
0.12099892248209419
0.12106230588831844
0.12112568929454269
0.12112568929454269
0.12112568929454269
0.12118907270076694
0.12118907270076694
0.12118907270076694
0.12118907270076694
0.12118907270076694
0.12125245610699119
0.12125245610699119
0.12131583951321544
0.12131583951321544
0.12137922291943969
0.12137922291943969
0.12144260632566393
0.1215059897318882
0.1215059897318882
0.12156937313811245
0.1216327565443367
0.1216327565443367
0.1217595233567852
0.1217595233567852
0.12182290676300944
0.12182290676300944
0.12182290676300944
0.12188629016923369
0.12194967357545794
0.12194967357545794
0.12207644038790645
0.12220320720035495
0.12220320720035495
0.12232997401280345
0.1223933574190277
0.1223933574190277
0.1223933574190277
0.1223933574190277
0.1223933574190277
0.1225201242314762
0.1225201242314762
0.12258350763770046
0.12271027445014895
0.12271027445014895
0.1227736578563732
0.1227736578563732
0.1227736578563732
0.1227736578563732
0.12283704126259745
0.12296380807504595
0.12309057488749445
0.12315395829371871
0.12315395829371871
0.12315395829371871
0.12315395829371871
0.12315395829371871
0.12315395829371871
0.12315395829371871
0.12315395829371871
0.12321734169994296
0.12328072510616721
0.12328072510616721
0.12334410851239146
0.1234074919186157
0.1234074919186157
0.1235342587310642
0.1235342587310642
0.1235342587310642
0.1235342587310642
0.12366102554351271
0.12378779235596121
0.12378779235596121
0.12378779235596121
0.12378779235596121
0.12385117576218546
0.12391455916840971
0.12397794257463396
0.12397794257463396
0.12397794257463396
0.12397794257463396
0.12397794257463396
0.12410470938708246
0.12410470938708246
0.12410470938708246
0.12410470938708246
0.12410470938708246
0.12410470938708246
0.12410470938708246
0.12410470938708246
0.1241680927933067
0.12423147619953097
0.12429485960575522
0.12429485960575522
0.12429485960575522
0.12435824301197947
0.12442162641820372
0.12442162641820372
0.12442162641820372
0.12442162641820372
0.12454839323065221
0.12454839323065221
0.12454839323065221
0.12461177663687646
0.12467516004310071
0.12473854344932497
0.12480192685554922
0.12480192685554922
0.12480192685554922
0.12480192685554922
0.12480192685554922
0.12480192685554922
0.12486531026177347
0.12492869366799772
0.12492869366799772
0.12499207707422197
0.12499207707422197
0.12499207707422197
0.12499207707422197
0.12499207707422197
0.12499207707422197
0.12499207707422197
0.12499207707422197
0.12505546048044622
0.12505546048044622
0.12505546048044622
0.12511884388667047
0.12511884388667047
0.12518222729289472
0.12518222729289472
0.12518222729289472
0.12524561069911896
0.12524561069911896
0.1253089941053432
0.1253089941053432
0.1253089941053432
0.1253089941053432
0.12549914432401596
0.12549914432401596
0.12549914432401596
0.12556252773024024
0.12556252773024024
0.12562591113646449
0.12568929454268873
0.12568929454268873
0.12568929454268873
0.12568929454268873
0.12568929454268873
0.12568929454268873
0.12568929454268873
0.12568929454268873
0.12568929454268873
0.12568929454268873
0.12568929454268873
0.12568929454268873
0.12568929454268873
0.12568929454268873
0.12568929454268873
0.12568929454268873
0.12568929454268873
0.12575267794891298
0.12575267794891298
0.12575267794891298
0.12575267794891298
0.12575267794891298
0.12575267794891298
0.12587944476136148
0.12587944476136148
0.12587944476136148
0.12587944476136148
0.12587944476136148
0.12587944476136148
0.12587944476136148
0.12587944476136148
0.12594282816758573
0.12606959498003423
0.12613297838625848
0.12613297838625848
0.12613297838625848
0.12613297838625848
0.12619636179248273
0.12625974519870697
0.12625974519870697
0.12625974519870697
0.12632312860493122
0.12632312860493122
0.12638651201115547
0.12638651201115547
0.12644989541737972
0.12644989541737972
0.12644989541737972
0.12644989541737972
0.12644989541737972
0.12644989541737972
0.12651327882360397
0.12651327882360397
0.12651327882360397
0.12651327882360397
0.12657666222982822
0.1266400456360525
0.1266400456360525
0.1266400456360525
0.1266400456360525
0.1266400456360525
0.1266400456360525
0.1266400456360525
0.1266400456360525
0.126766812448501
0.12683019585472524
0.12683019585472524
0.12695696266717374
0.12695696266717374
0.12695696266717374
0.127020346073398
0.127020346073398
0.127020346073398
0.12708372947962224
0.12708372947962224
0.12708372947962224
0.12708372947962224
0.12708372947962224
0.12708372947962224
0.12708372947962224
0.12708372947962224
0.12714711288584649
0.12714711288584649
0.12714711288584649
0.12721049629207073
0.12721049629207073
0.12721049629207073
0.12727387969829498
0.12727387969829498
0.12727387969829498
0.12727387969829498
0.12727387969829498
0.12727387969829498
0.12727387969829498
0.12740064651074348
0.12746402991696773
0.12746402991696773
0.12746402991696773
0.12752741332319198
0.12752741332319198
0.12752741332319198
0.12752741332319198
0.12752741332319198
0.12752741332319198
0.12752741332319198
0.12752741332319198
0.12759079672941623
0.12759079672941623
0.12759079672941623
0.12759079672941623
0.12765418013564048
0.12765418013564048
0.12765418013564048
0.12765418013564048
0.12765418013564048
0.12765418013564048
0.12765418013564048
0.12765418013564048
0.12765418013564048
0.12765418013564048
0.127780946948089
0.127780946948089
0.127780946948089
0.127780946948089
0.127780946948089
0.127780946948089
0.127780946948089
0.127780946948089
0.127780946948089
0.127780946948089
0.12784433035431325
0.12784433035431325
0.12784433035431325
0.12784433035431325
0.12784433035431325
0.12784433035431325
0.12784433035431325
0.12784433035431325
0.12784433035431325
0.12784433035431325
0.12784433035431325
0.12784433035431325
0.12784433035431325
0.12784433035431325
0.1279077137605375
0.1279077137605375
0.12797109716676175
0.128034480572986
0.128034480572986
0.128034480572986
0.128034480572986
0.12809786397921025
0.1281612473854345
0.1281612473854345
0.1281612473854345
0.1281612473854345
0.12822463079165874
0.12822463079165874
0.128288014197883
0.128288014197883
0.128288014197883
0.12835139760410724
0.12835139760410724
0.12835139760410724
0.1284147810103315
0.1284147810103315
0.1284147810103315
0.1284147810103315
0.1284147810103315
0.12847816441655574
0.12860493122900424
0.12860493122900424
0.12860493122900424
0.1286683146352285
0.1286683146352285
0.12873169804145274
0.12873169804145274
0.12873169804145274
0.12873169804145274
0.12873169804145274
0.12873169804145274
0.12873169804145274
0.12873169804145274
0.12873169804145274
0.12873169804145274
0.12873169804145274
0.12873169804145274
0.12873169804145274
0.12879508144767698
0.12885846485390126
0.12885846485390126
0.12885846485390126
0.12885846485390126
0.12885846485390126
0.12885846485390126
0.1289218482601255
0.1289218482601255
0.1289218482601255
0.1289218482601255
0.1289218482601255
0.1289218482601255
0.1289218482601255
0.12898523166634976
0.12898523166634976
0.12898523166634976
0.12898523166634976
0.12898523166634976
0.12898523166634976
0.12898523166634976
0.12898523166634976
0.12898523166634976
0.12898523166634976
0.12898523166634976
0.12898523166634976
0.12898523166634976
0.12898523166634976
0.12898523166634976
0.12898523166634976
0.12898523166634976
0.12898523166634976
0.12898523166634976
0.12898523166634976
0.12898523166634976
0.12898523166634976
0.12898523166634976
0.12898523166634976
0.129048615072574
0.129048615072574
0.129048615072574
0.12911199847879826
0.12911199847879826
0.1291753818850225
0.12923876529124675
0.12923876529124675
0.12923876529124675
0.12923876529124675
0.12923876529124675
0.12923876529124675
0.12923876529124675
0.12923876529124675
0.12923876529124675
0.12923876529124675
0.129302148697471
0.129302148697471
0.129302148697471
0.129302148697471
0.129302148697471
0.129302148697471
0.129302148697471
0.129302148697471
0.12936553210369525
0.12936553210369525
0.12936553210369525
0.12936553210369525
0.12936553210369525
0.1294289155099195
0.12949229891614375
0.12949229891614375
0.12949229891614375
0.12949229891614375
0.12949229891614375
0.12949229891614375
0.129555682322368
0.129555682322368
0.12961906572859225
0.12961906572859225
0.12961906572859225
0.12961906572859225
0.12961906572859225
0.12961906572859225
0.12974583254104075
0.12974583254104075
0.12974583254104075
0.12993598275971352
0.12999936616593777
0.12999936616593777
0.12999936616593777
0.12999936616593777
0.12999936616593777
0.12999936616593777
0.12999936616593777
0.12999936616593777
0.12999936616593777
0.13006274957216202
0.13006274957216202
0.13006274957216202
0.13006274957216202
0.13006274957216202
0.13018951638461052
0.13018951638461052
0.13018951638461052
0.13018951638461052
0.13018951638461052
0.13025289979083476
0.13025289979083476
0.13025289979083476
0.13025289979083476
0.13025289979083476
0.13025289979083476
0.130316283197059
0.130316283197059
0.130316283197059
0.130316283197059
0.130316283197059
0.130316283197059
0.13037966660328326
0.13037966660328326
0.13037966660328326
0.13037966660328326
0.13037966660328326
0.13037966660328326
0.13037966660328326
0.13037966660328326
0.13037966660328326
0.1304430500095075
0.1304430500095075
0.13050643341573176
0.13050643341573176
0.13050643341573176
0.13050643341573176
0.13050643341573176
0.130569816821956
0.130569816821956
0.130569816821956
0.130569816821956
0.130569816821956
0.130569816821956
0.130569816821956
0.130569816821956
0.130569816821956
0.130569816821956
0.130569816821956
0.130569816821956
0.130569816821956
0.130569816821956
0.130569816821956
0.130569816821956
0.130569816821956
0.130569816821956
0.130569816821956
0.130569816821956
0.13063320022818026
0.13063320022818026
0.13063320022818026
0.1306965836344045
0.1306965836344045
0.1306965836344045
0.13075996704062876
0.130823350446853
0.130823350446853
0.130823350446853
0.130823350446853
0.13088673385307725
0.13088673385307725
0.13088673385307725
0.13088673385307725
0.1309501172593015
0.1309501172593015
0.1309501172593015
0.1309501172593015
0.1309501172593015
0.13101350066552578
0.13101350066552578
0.13101350066552578
0.13101350066552578
0.13101350066552578
0.13101350066552578
0.13101350066552578
0.13101350066552578
0.13101350066552578
0.13101350066552578
0.13101350066552578
0.13101350066552578
0.13107688407175003
0.13107688407175003
0.13107688407175003
0.13107688407175003
0.13107688407175003
0.13107688407175003
0.13114026747797428
0.13120365088419852
0.13120365088419852
0.13120365088419852
0.13120365088419852
0.13120365088419852
0.13120365088419852
0.13120365088419852
0.13120365088419852
0.13120365088419852
0.13120365088419852
0.13120365088419852
0.13120365088419852
0.13120365088419852
0.13120365088419852
0.13120365088419852
0.13120365088419852
0.13120365088419852
0.13120365088419852
0.13120365088419852
0.13120365088419852
0.13120365088419852
0.13120365088419852
0.13120365088419852
0.13120365088419852
0.13126703429042277
0.13126703429042277
0.13126703429042277
0.13126703429042277
0.13126703429042277
0.13139380110287127
0.13139380110287127
0.13139380110287127
0.13145718450909552
0.13145718450909552
0.13145718450909552
0.13145718450909552
0.13145718450909552
0.13145718450909552
0.13145718450909552
0.13145718450909552
0.13145718450909552
0.13152056791531977
0.13158395132154402
0.13158395132154402
0.13158395132154402
0.13158395132154402
0.13158395132154402
0.13158395132154402
0.13158395132154402
0.13158395132154402
0.13158395132154402
0.13158395132154402
0.13158395132154402
0.13158395132154402
0.13158395132154402
0.13158395132154402
0.13158395132154402
0.13158395132154402
0.13158395132154402
0.13158395132154402
0.13158395132154402
0.13158395132154402
0.13158395132154402
0.13158395132154402
0.13164733472776827
0.13164733472776827
0.13164733472776827
0.13164733472776827
0.13164733472776827
0.13164733472776827
0.13164733472776827
0.13164733472776827
0.13164733472776827
0.13164733472776827
0.13171071813399252
0.13171071813399252
0.13171071813399252
0.13171071813399252
0.13171071813399252
0.13171071813399252
0.13171071813399252
0.13171071813399252
0.13171071813399252
0.13171071813399252
0.13171071813399252
0.13171071813399252
0.13177410154021676
0.13177410154021676
0.13177410154021676
0.13177410154021676
0.131837484946441
0.131837484946441
0.131837484946441
0.131837484946441
0.131837484946441
0.131837484946441
