0.028839449832033973
0.03733282626608354
0.04202319832667808
0.046650186981048364
0.050072890917157886
0.05311529441592191
0.05565063066489193
0.05755213285161945
0.05894656778855296
0.06027761931926222
0.06167205425619573
0.06306648919312924
0.06420739050516575
0.06496799137985676
0.0659187424732205
0.06617227609811752
0.06699626037903277
0.06807377828484502
0.06940482981555429
0.07029219750269379
0.07098941497116056
0.0719401660645243
0.07251061672054256
0.07333460100145782
0.07358813462635481
0.07409520187614882
0.07441211890727008
0.07472903593839134
0.07536287000063384
0.07618685428154909
0.0764403879064461
0.07682068834379159
0.07701083856246435
0.07745452240603411
0.0778348228433796
0.07802497306205236
0.07840527349939785
0.07865880712429486
0.07910249096786462
0.07954617481143436
0.08011662546745262
0.08062369271724662
0.08087722634214363
0.08125752677948914
0.08182797743550739
0.08201812765418014
0.08227166127907713
0.08252519490397414
0.08290549534131965
0.0832224123724409
0.08366609621601065
0.0842365468720289
0.0843633136844774
0.08468023071559866
0.0849971477467199
0.08512391455916841
0.08575774862141092
0.08588451543385942
0.08607466565253216
0.08639158268365342
0.08658173290232617
0.08677188312099893
0.08708880015212017
0.08753248399568993
0.08772263421436267
0.08797616783925968
0.08816631805793243
0.08835646827660519
0.08848323508905369
0.08861000190150219
0.08873676871395068
0.0888635355263992
0.08911706915129619
0.08937060277619319
0.08994105343221144
0.09044812068200545
0.0906382709006782
0.09108195474424796
0.09133548836914496
0.0915256385878177
0.09158902199404197
0.09165240540026622
0.09165240540026622
0.09184255561893896
0.09190593902516321
0.09203270583761171
0.09234962286873297
0.09266653989985423
0.09285669011852697
0.09304684033719972
0.09311022374342397
0.09336375736832098
0.09374405780566647
0.09393420802433923
0.09431450846168474
0.09450465868035748
0.09475819230525448
0.09494834252392724
0.09501172593015149
0.09520187614882424
0.09558217658616974
0.09558217658616974
0.09570894339861824
0.09577232680484249
0.0960258604297395
0.096152627242188
0.0962793940546365
0.096659694491982
0.096913228116879
0.09710337833555176
0.097166761741776
0.09735691196044875
0.09761044558534576
0.09773721239779426
0.097927362616467
0.09818089624136402
0.09849781327248526
0.09875134689738227
0.09881473030360652
0.09894149711605502
0.09925841414717627
0.09925841414717627
0.09938518095962477
0.09951194777207327
0.09963871458452177
0.09982886480319453
0.09995563161564303
0.10008239842809152
0.10020916524054002
0.10020916524054002
0.10033593205298853
0.10052608227166128
0.10077961589655828
0.10077961589655828
0.10090638270900679
0.10109653292767953
0.10122329974012803
0.10135006655257653
0.10147683336502504
0.10166698358369779
0.1020472840210433
0.10223743423971604
0.10242758445838879
0.10249096786461305
0.1028078848957343
0.10287126830195854
0.10293465170818279
0.1033149521455283
0.1034417189579768
0.10375863598909806
0.10388540280154655
0.10388540280154655
0.10420231983266781
0.10432908664511631
0.1044558534575648
0.10451923686378906
0.10451923686378906
0.1045826202700133
0.1045826202700133
0.1045826202700133
0.10470938708246182
0.10508968751980731
0.10508968751980731
0.10527983773848007
0.10540660455092857
0.10546998795715282
0.10604043861317107
0.10629397223806808
0.10648412245674083
0.10667427267541357
0.10673765608163782
0.10699118970653483
0.10705457311275908
0.10718133992520758
0.10718133992520758
0.10737149014388034
0.10743487355010459
0.10756164036255308
0.10762502376877733
0.10800532420612284
0.10819547442479559
0.1084490080496926
0.10876592508081384
0.10882930848703809
0.10889269189326234
0.10901945870571085
0.1090828421119351
0.10914622551815935
0.1092096089243836
0.1093363757368321
0.10946314254928059
0.1095899093617291
0.1095899093617291
0.10978005958040185
0.10990682639285035
0.11009697661152311
0.1102237434239716
0.1104772770488686
0.11066742726754136
0.11085757748621411
0.11092096089243836
0.1111111111111111
0.11117449451733537
0.11123787792355962
0.11130126132978387
0.11142802814223236
0.11149141154845661
0.11174494517335362
0.11199847879825062
0.11206186220447487
0.11218862901692336
0.11225201242314763
0.11231539582937188
0.11250554604804462
0.11256892945426887
0.11275907967294162
0.11294922989161438
0.11301261329783863
0.11307599670406288
0.11313938011028712
0.11326614692273562
0.11332953032895988
0.11345629714140838
0.11358306395385688
0.11358306395385688
0.11364644736008113
0.11383659757875388
0.11402674779742664
0.11421689801609938
0.11434366482854788
0.11447043164099639
0.11447043164099639
0.11453381504722064
0.11472396526589339
0.11504088229701465
0.11523103251568739
0.11523103251568739
0.11535779932813589
0.11548456614058439
0.11548456614058439
0.11548456614058439
0.11548456614058439
0.11554794954680865
0.11554794954680865
0.11554794954680865
0.1157380997654814
0.1157380997654814
0.1157380997654814
0.11580148317170565
0.11592824998415414
0.11605501679660266
0.11605501679660266
0.11605501679660266
0.1161184002028269
0.11618178360905115
0.11618178360905115
0.1162451670152754
0.1162451670152754
0.1162451670152754
0.1162451670152754
0.11630855042149965
0.1163719338277239
0.1163719338277239
0.1163719338277239
0.1164987006401724
0.11656208404639665
0.11656208404639665
0.1170057678899664
0.11725930151486341
0.11725930151486341
0.11732268492108766
0.11732268492108766
0.11732268492108766
0.11751283513976041
0.11751283513976041
0.11757621854598466
0.11757621854598466
0.11757621854598466
0.11757621854598466
0.1176396019522089
0.11770298535843317
0.11770298535843317
0.11776636876465742
0.11776636876465742
0.11776636876465742
0.11789313557710591
0.11789313557710591
0.11789313557710591
0.11789313557710591
0.11795651898333016
0.11801990238955441
0.11808328579577866
0.11808328579577866
0.11827343601445142
0.11833681942067567
0.11840020282689992
0.11840020282689992
0.11846358623312417
0.11852696963934842
0.11852696963934842
0.11865373645179692
0.11871711985802116
0.11878050326424543
0.11884388667046968
0.11897065348291817
0.11903403688914242
0.11903403688914242
0.11903403688914242
0.11909742029536667
0.11909742029536667
0.11928757051403942
0.11935095392026368
0.11941433732648793
0.11941433732648793
0.11947772073271218
0.11947772073271218
0.11960448754516068
0.11960448754516068
0.11960448754516068
0.11966787095138492
0.11966787095138492
0.11973125435760917
0.11973125435760917
0.11979463776383342
0.11998478798250618
0.11998478798250618
0.11998478798250618
0.11998478798250618
0.11998478798250618
0.11998478798250618
0.12004817138873043
0.12023832160740318
0.12030170501362743
0.12030170501362743
0.12030170501362743
0.12030170501362743
0.12042847182607594
0.12042847182607594
0.12055523863852444
0.12055523863852444
0.12068200545097293
0.12080877226342143
0.12093553907586994
0.12099892248209419
0.12118907270076694
0.12125245610699119
0.12131583951321544
0.12131583951321544
0.12131583951321544
0.12144260632566393
0.12144260632566393
0.1215059897318882
0.1215059897318882
0.1215059897318882
0.12156937313811245
0.12156937313811245
0.12156937313811245
0.12156937313811245
0.12156937313811245
0.12156937313811245
0.1216327565443367
0.1216327565443367
0.1216327565443367
0.1216327565443367
0.12169613995056094
0.1217595233567852
0.1217595233567852
0.1217595233567852
0.12182290676300944
0.12182290676300944
0.12188629016923369
0.12194967357545794
0.12194967357545794
0.1220130569816822
0.1220130569816822
0.12207644038790645
0.12220320720035495
0.12220320720035495
0.12220320720035495
0.12220320720035495
0.12220320720035495
0.12220320720035495
0.12220320720035495
0.12220320720035495
0.12232997401280345
0.1223933574190277
0.1223933574190277
0.1223933574190277
0.12245674082525194
0.12245674082525194
0.1225201242314762
0.12258350763770046
0.1226468910439247
0.1226468910439247
0.1226468910439247
0.1226468910439247
0.1226468910439247
0.1226468910439247
0.12271027445014895
0.12271027445014895
0.1227736578563732
0.12283704126259745
0.12283704126259745
0.12283704126259745
0.1229004246688217
0.1229004246688217
0.1230271914812702
0.1230271914812702
0.1230271914812702
0.1230271914812702
0.12315395829371871
0.12321734169994296
0.12334410851239146
0.12334410851239146
0.12334410851239146
0.12334410851239146
0.12347087532483995
0.12366102554351271
0.12372440894973696
0.12378779235596121
0.12391455916840971
0.12397794257463396
0.12397794257463396
0.12404132598085821
0.12404132598085821
0.12410470938708246
0.12410470938708246
0.1241680927933067
0.12429485960575522
0.12442162641820372
0.12442162641820372
0.12442162641820372
0.12442162641820372
0.12454839323065221
0.12454839323065221
0.12473854344932497
0.12480192685554922
0.12480192685554922
0.12486531026177347
0.12486531026177347
0.12499207707422197
0.12505546048044622
0.12505546048044622
0.12511884388667047
0.12518222729289472
0.12524561069911896
0.12524561069911896
0.1253089941053432
0.1253089941053432
0.1253089941053432
0.12537237751156746
0.12549914432401596
0.12556252773024024
0.12556252773024024
0.12568929454268873
0.12575267794891298
0.12575267794891298
0.12575267794891298
0.12581606135513723
0.12587944476136148
0.12587944476136148
0.12594282816758573
0.12594282816758573
0.12594282816758573
0.12600621157380998
0.12600621157380998
0.12600621157380998
0.12600621157380998
0.12600621157380998
0.12606959498003423
0.12613297838625848
0.12625974519870697
0.12625974519870697
0.12625974519870697
0.12632312860493122
0.12638651201115547
0.12638651201115547
0.12638651201115547
0.12638651201115547
0.12638651201115547
0.12644989541737972
0.12651327882360397
0.12651327882360397
0.12657666222982822
0.1266400456360525
0.1266400456360525
0.1266400456360525
0.12670342904227674
0.12670342904227674
0.12670342904227674
0.12670342904227674
0.12683019585472524
0.1268935792609495
0.12708372947962224
0.12714711288584649
0.12714711288584649
0.12721049629207073
0.12721049629207073
0.12721049629207073
0.12721049629207073
0.12727387969829498
0.12733726310451923
0.12733726310451923
0.12733726310451923
0.12733726310451923
0.12733726310451923
0.12733726310451923
0.12740064651074348
0.12740064651074348
0.12740064651074348
0.12746402991696773
0.12746402991696773
0.12752741332319198
0.12765418013564048
0.12765418013564048
0.12765418013564048
0.12771756354186475
0.12784433035431325
0.12784433035431325
0.1279077137605375
0.1279077137605375
0.1279077137605375
0.12797109716676175
0.12797109716676175
0.12797109716676175
0.128034480572986
0.1281612473854345
0.12822463079165874
0.12822463079165874
0.128288014197883
0.1284147810103315
0.12847816441655574
0.12847816441655574
0.12860493122900424
0.12860493122900424
0.12860493122900424
0.12860493122900424
0.1286683146352285
0.1286683146352285
0.1286683146352285
0.1286683146352285
0.12873169804145274
0.12873169804145274
0.12879508144767698
0.12879508144767698
0.12879508144767698
0.12879508144767698
0.12879508144767698
0.12885846485390126
0.12885846485390126
0.12885846485390126
0.12885846485390126
0.1289218482601255
0.1289218482601255
0.1289218482601255
0.12898523166634976
0.12898523166634976
0.129048615072574
0.129048615072574
0.129048615072574
0.129048615072574
0.129048615072574
0.129048615072574
0.1291753818850225
0.12923876529124675
0.129302148697471
0.12936553210369525
0.12936553210369525
0.1294289155099195
0.12949229891614375
0.129555682322368
0.129555682322368
0.12961906572859225
0.12961906572859225
0.12961906572859225
0.12961906572859225
0.12961906572859225
0.12974583254104075
0.12974583254104075
0.12974583254104075
0.129809215947265
0.129809215947265
0.129809215947265
0.129809215947265
0.129809215947265
0.129809215947265
0.129809215947265
0.12993598275971352
0.12993598275971352
0.12999936616593777
0.12999936616593777
0.13006274957216202
0.13012613297838627
0.13012613297838627
0.13012613297838627
0.13018951638461052
0.13025289979083476
0.1304430500095075
0.13050643341573176
0.13050643341573176
0.130569816821956
0.13063320022818026
0.13063320022818026
0.13063320022818026
0.13063320022818026
0.13063320022818026
0.13063320022818026
0.1306965836344045
0.1306965836344045
0.1306965836344045
0.1306965836344045
0.13075996704062876
0.13075996704062876
0.13075996704062876
0.130823350446853
0.130823350446853
0.130823350446853
0.13088673385307725
0.13101350066552578
0.13101350066552578
0.13101350066552578
0.13101350066552578
0.13101350066552578
0.13107688407175003
0.13107688407175003
0.13107688407175003
0.13126703429042277
0.13133041769664702
0.13133041769664702
0.13133041769664702
0.13139380110287127
0.13145718450909552
0.13145718450909552
0.13152056791531977
0.13158395132154402
0.13158395132154402
0.13158395132154402
0.13158395132154402
0.13164733472776827
0.13164733472776827
0.13164733472776827
0.13164733472776827
0.13164733472776827
0.13171071813399252
0.13171071813399252
0.13171071813399252
0.13171071813399252
0.13171071813399252
0.13177410154021676
0.13177410154021676
0.13177410154021676
0.13177410154021676
0.13177410154021676
0.13177410154021676
0.13177410154021676
0.13177410154021676
0.13177410154021676
0.13177410154021676
0.13177410154021676
0.131837484946441
0.131837484946441
0.1319642517588895
0.1319642517588895
0.1319642517588895
0.1319642517588895
0.13202763516511376
0.13202763516511376
0.13202763516511376
0.13202763516511376
0.13202763516511376
0.13202763516511376
0.13202763516511376
0.13202763516511376
0.13215440197756229
0.13215440197756229
0.13215440197756229
0.13215440197756229
0.13221778538378653
0.13228116879001078
0.13228116879001078
0.13234455219623503
0.13234455219623503
0.13234455219623503
0.13240793560245928
0.13247131900868353
0.13247131900868353
0.13247131900868353
0.13253470241490778
0.13253470241490778
0.13253470241490778
0.13253470241490778
0.13253470241490778
0.13253470241490778
0.13259808582113203
0.13266146922735628
0.13266146922735628
0.13272485263358053
0.13278823603980477
0.13278823603980477
0.13278823603980477
0.13278823603980477
0.13278823603980477
0.13278823603980477
0.13285161944602902
0.13285161944602902
0.13285161944602902
0.13285161944602902
0.13291500285225327
0.13291500285225327
0.13297838625847752
0.13304176966470177
0.13304176966470177
0.13304176966470177
0.13310515307092602
0.1331685364771503
0.13323191988337454
0.13323191988337454
0.13323191988337454
0.1332953032895988
0.1332953032895988
0.1332953032895988
0.13335868669582304
0.13348545350827154
0.13348545350827154
0.13348545350827154
0.1335488369144958
0.13361222032072004
0.13361222032072004
0.13361222032072004
0.1336756037269443
0.1336756037269443
0.1336756037269443
0.1336756037269443
0.1336756037269443
0.1336756037269443
0.13373898713316854
0.13386575394561703
0.13386575394561703
0.13386575394561703
0.13386575394561703
0.13386575394561703
0.13392913735184128
0.13392913735184128
0.13392913735184128
0.13392913735184128
0.13392913735184128
0.13392913735184128
0.13392913735184128
0.13392913735184128
0.13392913735184128
0.13405590416428978
0.13405590416428978
0.13411928757051403
0.13411928757051403
0.13411928757051403
0.13411928757051403
0.13411928757051403
0.13418267097673828
0.13418267097673828
0.13424605438296255
0.13424605438296255
0.13424605438296255
0.13424605438296255
0.13424605438296255
0.13424605438296255
0.13424605438296255
0.13437282119541105
0.13437282119541105
0.1344362046016353
0.1344362046016353
0.13449958800785955
0.13449958800785955
0.13449958800785955
0.13449958800785955
0.13449958800785955
0.1345629714140838
0.13462635482030805
0.13462635482030805
0.13462635482030805
0.13462635482030805
0.13462635482030805
0.13462635482030805
0.13462635482030805
0.13462635482030805
0.13462635482030805
0.13462635482030805
0.13462635482030805
0.13462635482030805
0.13462635482030805
0.1346897382265323
0.1346897382265323
0.1346897382265323
0.1346897382265323
0.1346897382265323
0.1346897382265323
0.1346897382265323
0.13475312163275655
0.13475312163275655
0.1348165050389808
0.1348165050389808
0.1348165050389808
0.13487988844520504
0.13487988844520504
0.13487988844520504
0.1349432718514293
0.13500665525765354
0.13500665525765354
0.13500665525765354
0.1350700386638778
0.1350700386638778
0.13513342207010204
0.13513342207010204
0.13532357228877478
0.13532357228877478
0.13538695569499906
0.13538695569499906
0.13538695569499906
0.13538695569499906
0.13538695569499906
0.13538695569499906
0.1354503391012233
0.1354503391012233
0.1355771059136718
0.1355771059136718
0.1355771059136718
0.1355771059136718
0.13564048931989606
0.1357038727261203
0.1357038727261203
0.1357038727261203
0.1357038727261203
0.1357038727261203
0.1357038727261203
0.13576725613234455
0.1358306395385688
0.1358306395385688
0.1358306395385688
0.1358306395385688
0.13589402294479305
0.1359574063510173
0.1359574063510173
0.1359574063510173
0.1359574063510173
0.1359574063510173
0.1359574063510173
0.1359574063510173
0.13602078975724155
0.13602078975724155
0.1360841731634658
0.13614755656969005
0.13614755656969005
0.13614755656969005
0.13614755656969005
0.13614755656969005
0.13614755656969005
0.1362109399759143
0.1362109399759143
0.1362109399759143
0.13627432338213855
0.1363377067883628
0.1363377067883628
0.1363377067883628
0.1363377067883628
0.1363377067883628
0.1363377067883628
0.13640109019458704
0.13646447360081132
0.13652785700703557
0.13652785700703557
0.13652785700703557
0.13652785700703557
0.13652785700703557
0.13652785700703557
0.13652785700703557
0.13659124041325982
0.13665462381948407
0.13665462381948407
0.13671800722570832
0.13671800722570832
0.13671800722570832
0.1368447740381568
0.1368447740381568
0.1368447740381568
0.1368447740381568
0.1368447740381568
0.1368447740381568
0.1368447740381568
0.13690815744438106
0.13690815744438106
0.13690815744438106
0.13690815744438106
0.13690815744438106
0.13690815744438106
0.13703492425682956
0.13703492425682956
0.13703492425682956
0.13703492425682956
0.13703492425682956
0.13703492425682956
0.1370983076630538
0.1370983076630538
0.1370983076630538
0.13716169106927806
0.13716169106927806
0.13716169106927806
0.13716169106927806
0.1372250744755023
0.1372250744755023
0.1372250744755023
0.1372250744755023
0.1372250744755023
0.1372250744755023
0.1373518412879508
0.1373518412879508
0.1373518412879508
0.1373518412879508
0.13741522469417505
0.13741522469417505
0.13741522469417505
0.13741522469417505
0.13741522469417505
0.13741522469417505
0.1374786081003993
0.1374786081003993
0.1374786081003993
0.13754199150662358
0.13754199150662358
0.13754199150662358
0.13760537491284783
0.13760537491284783
0.13760537491284783
0.13760537491284783
0.13760537491284783
0.13760537491284783
0.13760537491284783
0.13760537491284783
0.13760537491284783
0.13766875831907208
0.13766875831907208
0.13766875831907208
0.13773214172529633
0.13773214172529633
0.13773214172529633
0.13773214172529633
0.13773214172529633
0.13773214172529633
0.13779552513152057
0.13779552513152057
0.13779552513152057
0.13785890853774482
0.13785890853774482
0.13785890853774482
0.13785890853774482
0.13785890853774482
0.13792229194396907
0.13792229194396907
0.13792229194396907
0.13798567535019332
0.13798567535019332
0.13798567535019332
0.13804905875641757
0.13811244216264182
0.13817582556886607
0.13817582556886607
0.13823920897509032
0.13830259238131457
0.13830259238131457
0.13830259238131457
0.13830259238131457
0.13830259238131457
0.13830259238131457
0.13830259238131457
0.13836597578753881
0.1384927425999873
0.1384927425999873
0.1384927425999873
0.13855612600621156
0.13861950941243584
0.13861950941243584
0.13861950941243584
0.13861950941243584
0.13861950941243584
0.13861950941243584
0.13861950941243584
0.13861950941243584
0.13861950941243584
0.13861950941243584
0.13861950941243584
0.13874627622488434
0.13874627622488434
0.13880965963110858
0.13887304303733283
0.13887304303733283
0.13893642644355708
0.13893642644355708
0.13893642644355708
0.13893642644355708
0.13893642644355708
0.13906319325600558
0.13906319325600558
0.13906319325600558
