0.0048171388730430375
0.007289091715788807
0.009444127527413323
0.011979463776383342
0.014641566837801864
0.01685998605565063
0.018634721429929644
0.0195854725232934
0.020409456804208657
0.021043290866451164
0.02155035811624517
0.02218419217848767
0.022627876022057427
0.02326171008429993
0.023958927552766685
0.02465614502123344
0.0254801293021487
0.026494263801736705
0.02719148127020346
0.02807884895734297
0.028776066425809724
0.02960005070672498
0.030233884768967486
0.031184635862331243
0.03194523673702225
0.03276922101793751
0.03314952145528301
0.03359320529885276
0.03410027254864676
0.03467072320466502
0.034924256829562024
0.03536794067313177
0.035621474298028775
0.036001774735374276
0.03644545857894403
0.03682575901628954
0.03714267604741079
0.03733282626608354
0.03752297648475629
0.03777651010965329
0.037966660328326046
0.0382835773594473
0.0386638777967928
0.03885402801546555
0.039361095265259556
0.03967801229638081
0.03993154592127781
0.04031184635862331
0.040438613171071815
0.04062876338974457
0.040882297014641564
0.04100906382709007
0.041135830639538566
0.04138936426443557
0.04157951448310832
0.041769664701781076
0.04202319832667808
0.042149965139126576
0.04240349876402358
0.04265703238892058
0.04297394942004183
0.043227483044938834
0.04329086645116308
0.04335424985738734
0.04367116688850859
0.04379793370095709
0.04398808391962984
0.044241617544526844
0.044558534575648095
0.044621917981872344
0.044938835012993596
0.04500221841921785
0.04512898523166635
0.0454459022627876
0.045636052481460354
0.045952969512581605
0.04639665335615136
0.04646003676237561
0.04646003676237561
0.046650186981048364
0.04677695379349686
0.04684033719972111
0.046903720605945366
0.04709387082461811
0.047284021043290866
0.04747417126196362
0.04772770488686062
0.04772770488686062
0.048044621917981874
0.04823477213665463
0.048298155542878876
0.04848830576155162
0.04855168916777588
0.048678455980224376
0.04893198960512138
0.04918552323001838
0.04931229004246688
0.049375673448691135
0.04956582366736388
0.04962920707358814
0.049819357292260884
0.049819357292260884
0.04994612410470939
0.05000950751093364
0.05019965772960639
0.05026304113583064
0.05038980794827914
0.05057995816695189
0.05057995816695189
0.05064334157317614
0.050770108385624645
0.050833491791848893
0.0509602586042974
0.051150408822970145
0.0513405590416429
0.05140394244786715
0.05153070926031565
0.0515940926665399
0.0515940926665399
0.051784242885212654
0.0518476262914369
0.0519743931038854
0.052101159916333906
0.05229131013500665
0.05235469354123091
0.052544843759903655
0.05267161057235216
0.05273499397857641
0.05279837738480066
0.05286176079102491
0.05286176079102491
0.05292514419724916
0.05305191100969766
0.05305191100969766
0.053178677822146164
0.05336882804081891
0.05336882804081891
0.053558978259491664
0.053558978259491664
0.05362236166571591
0.05368574507194017
0.05381251188438867
0.053875895290612916
0.05400266210306142
0.05412942891550992
0.05419281232173417
0.05425619572795842
0.05431957913418267
0.05438296254040692
0.05438296254040692
0.05438296254040692
0.054509729352855425
0.05463649616530392
0.05463649616530392
0.05469987957152817
0.05482664638397668
0.05482664638397668
0.054890029790200925
0.054953413196425174
0.05501679660264942
0.05508018000887368
0.05520694682132218
0.05533371363377068
0.05546048044621918
0.05552386385244343
0.05565063066489193
0.05571401407111618
0.05577739747734043
0.055904164289788935
0.05609431450846168
0.05615769791468594
0.056347848133358684
0.056347848133358684
0.05647461494580719
0.05653799835203144
0.05666476516447994
0.05685491538315269
0.05685491538315269
0.05704506560182544
0.057235215820498196
0.057361982632946694
0.057615516257843696
0.057742283070292194
0.057995816695189197
0.058312733726310455
0.0585028839449832
0.05881980097610445
0.05894656778855296
0.05926348481967421
0.05951701844457121
0.059770552069468214
0.060087469100589465
0.06021423591303797
0.06027761931926222
0.060404386131710716
0.06053115294415922
0.06065791975660772
0.06097483678772897
0.061101603600177475
0.06129175381885023
0.06135513722507448
0.061418520631298726
0.061545287443747224
0.06167205425619573
0.06173543766241998
0.062115738099765484
0.06217912150598973
0.06230588831843823
0.06236927172466249
0.06236927172466249
0.06262280534955948
0.06281295556823224
0.06306648919312924
0.06312987259935349
0.06319325600557774
0.06332002281802625
0.06332002281802625
0.06363693984914749
0.06370032325537174
0.06376370666159599
0.06382709006782024
0.0638904734740445
0.06408062369271725
0.06408062369271725
0.0641440070989415
0.06420739050516575
0.06433415731761424
0.06433415731761424
0.06439754072383849
0.064524307536287
0.064524307536287
0.06458769094251125
0.06458769094251125
0.0646510743487355
0.0646510743487355
0.06471445775495975
0.06471445775495975
0.06484122456740825
0.0649046079736325
0.06496799137985676
0.06496799137985676
0.06496799137985676
0.06496799137985676
0.06509475819230526
0.065284908410978
0.065284908410978
0.065284908410978
0.0654116752234265
0.0654116752234265
0.06547505862965075
0.06547505862965075
0.06547505862965075
0.06560182544209926
0.06560182544209926
0.06560182544209926
0.06566520884832351
0.06572859225454776
0.06579197566077201
0.0659187424732205
0.0659187424732205
0.0659187424732205
0.0659187424732205
0.06604550928566902
0.06604550928566902
0.06604550928566902
0.06610889269189327
0.06610889269189327
0.06617227609811752
0.06617227609811752
0.06629904291056601
0.06636242631679026
0.06636242631679026
0.06636242631679026
0.06636242631679026
0.06636242631679026
0.06642580972301451
0.06642580972301451
0.06648919312923876
0.06655257653546301
0.06655257653546301
0.06655257653546301
0.06655257653546301
0.06667934334791152
0.06667934334791152
0.06667934334791152
0.06667934334791152
0.06674272675413577
0.06674272675413577
0.06674272675413577
0.06674272675413577
0.06674272675413577
0.06674272675413577
0.06674272675413577
0.06680611016036002
0.06680611016036002
0.06686949356658427
0.06693287697280852
0.06693287697280852
0.06693287697280852
0.06693287697280852
0.06693287697280852
0.06693287697280852
0.06705964378525701
0.06705964378525701
0.06705964378525701
0.06718641059770553
0.06718641059770553
0.06718641059770553
0.06718641059770553
0.06718641059770553
0.06731317741015402
0.06731317741015402
0.06737656081637827
0.06737656081637827
0.06737656081637827
0.06737656081637827
0.06737656081637827
0.06750332762882677
0.06750332762882677
0.06750332762882677
0.06756671103505102
0.06756671103505102
0.06763009444127527
0.06763009444127527
0.06763009444127527
0.06763009444127527
0.06763009444127527
0.06775686125372378
0.06775686125372378
0.06788362806617228
0.06794701147239653
0.06794701147239653
0.06794701147239653
0.06794701147239653
0.06801039487862078
0.06801039487862078
0.06807377828484502
0.06813716169106927
0.06826392850351778
0.06832731190974203
0.06832731190974203
0.06832731190974203
0.06832731190974203
0.06832731190974203
0.06832731190974203
0.06832731190974203
0.06832731190974203
0.06832731190974203
0.06832731190974203
0.06839069531596628
0.06839069531596628
0.06858084553463903
0.06858084553463903
0.06858084553463903
0.06858084553463903
0.06864422894086328
0.06864422894086328
0.06870761234708753
0.06870761234708753
0.06877099575331179
0.06883437915953604
0.06896114597198454
0.06896114597198454
0.06902452937820878
0.06902452937820878
0.06902452937820878
0.06902452937820878
0.06902452937820878
0.06902452937820878
0.06908791278443303
0.06908791278443303
0.06908791278443303
0.06908791278443303
0.06908791278443303
0.06908791278443303
0.06915129619065728
0.06915129619065728
0.06915129619065728
0.06915129619065728
0.06921467959688153
0.06921467959688153
0.06927806300310578
0.06927806300310578
0.06927806300310578
0.06934144640933004
0.06934144640933004
0.06940482981555429
0.06940482981555429
0.06940482981555429
0.06946821322177854
0.06946821322177854
0.06946821322177854
0.06946821322177854
0.06953159662800279
0.06953159662800279
0.06953159662800279
0.06953159662800279
0.06959498003422704
0.06959498003422704
0.06959498003422704
0.06959498003422704
0.06965836344045129
0.06965836344045129
0.06972174684667554
0.06978513025289979
0.06978513025289979
0.06984851365912405
0.06984851365912405
0.06984851365912405
0.06997528047157255
0.06997528047157255
0.06997528047157255
0.0700386638777968
0.07016543069024529
0.07016543069024529
0.07022881409646954
0.07022881409646954
0.07022881409646954
0.07029219750269379
0.07029219750269379
0.07029219750269379
0.07035558090891804
0.07035558090891804
0.07035558090891804
0.07035558090891804
0.07035558090891804
0.07035558090891804
0.07035558090891804
0.07035558090891804
0.07035558090891804
0.0704189643151423
0.07048234772136655
0.07048234772136655
0.0705457311275908
0.0705457311275908
0.0705457311275908
0.0705457311275908
0.0705457311275908
0.0705457311275908
0.07060911453381505
0.07060911453381505
0.07060911453381505
0.07060911453381505
0.0706724979400393
0.0706724979400393
0.07073588134626355
0.07073588134626355
0.07073588134626355
0.07073588134626355
0.07073588134626355
0.07073588134626355
0.07073588134626355
0.07073588134626355
0.07073588134626355
0.07073588134626355
0.07073588134626355
0.0707992647524878
0.0707992647524878
0.0707992647524878
0.07086264815871204
0.07086264815871204
0.0709260315649363
0.0709260315649363
0.0709260315649363
0.0709260315649363
0.0709260315649363
0.07098941497116056
0.07111618178360905
0.07111618178360905
0.07111618178360905
0.07111618178360905
0.07111618178360905
0.07111618178360905
0.07111618178360905
0.07124294859605755
0.07124294859605755
0.07124294859605755
0.07124294859605755
0.07124294859605755
0.0713063320022818
0.0713063320022818
0.0713063320022818
0.07149648222095456
0.07149648222095456
0.07149648222095456
0.07149648222095456
0.07149648222095456
0.07149648222095456
0.07149648222095456
0.07155986562717881
0.07155986562717881
0.07155986562717881
0.07155986562717881
0.07155986562717881
0.07155986562717881
0.07155986562717881
0.07162324903340306
0.07162324903340306
0.0716866324396273
0.0716866324396273
0.07175001584585156
0.0718133992520758
0.07187678265830005
0.07187678265830005
0.07187678265830005
0.07187678265830005
0.07187678265830005
0.07187678265830005
0.07187678265830005
0.07187678265830005
0.0719401660645243
0.0719401660645243
0.0719401660645243
0.0719401660645243
0.0719401660645243
0.0719401660645243
0.0719401660645243
0.0719401660645243
0.0719401660645243
0.0719401660645243
0.0719401660645243
0.0719401660645243
0.0719401660645243
0.0719401660645243
0.0719401660645243
0.0719401660645243
0.07200354947074855
0.07200354947074855
0.07200354947074855
0.07206693287697281
0.07213031628319706
0.07213031628319706
0.07213031628319706
0.07219369968942131
0.07219369968942131
0.07219369968942131
0.07225708309564556
0.07225708309564556
0.07232046650186981
0.07232046650186981
0.07232046650186981
0.07232046650186981
0.07232046650186981
0.07238384990809406
0.07244723331431831
0.07244723331431831
0.07244723331431831
0.07244723331431831
0.07244723331431831
0.07244723331431831
0.07244723331431831
0.07244723331431831
0.07263738353299107
0.07263738353299107
0.07263738353299107
0.07263738353299107
0.07263738353299107
0.07263738353299107
0.07263738353299107
0.07263738353299107
0.07263738353299107
0.07263738353299107
0.07263738353299107
0.07270076693921532
0.07270076693921532
0.07276415034543957
0.07276415034543957
0.07282753375166381
0.07295430056411231
0.07295430056411231
0.07295430056411231
0.07295430056411231
0.07301768397033656
0.07301768397033656
0.07301768397033656
0.07301768397033656
0.07308106737656081
0.07308106737656081
0.07308106737656081
0.07308106737656081
0.07314445078278507
0.07314445078278507
0.07314445078278507
0.07314445078278507
0.07314445078278507
0.07314445078278507
0.07314445078278507
0.07314445078278507
0.07314445078278507
0.07314445078278507
0.07314445078278507
0.07320783418900932
0.07327121759523357
0.07327121759523357
0.07327121759523357
0.07327121759523357
0.07327121759523357
0.07327121759523357
0.07327121759523357
0.07327121759523357
0.07327121759523357
0.07327121759523357
0.07327121759523357
0.07327121759523357
0.07327121759523357
0.07327121759523357
0.07327121759523357
0.07327121759523357
0.07339798440768207
0.07339798440768207
0.07346136781390632
0.07346136781390632
0.07346136781390632
0.07346136781390632
0.07352475122013057
0.07352475122013057
0.07352475122013057
0.07358813462635481
0.07371490143880333
0.07371490143880333
0.07371490143880333
0.07377828484502758
0.07377828484502758
0.07377828484502758
0.07377828484502758
0.07377828484502758
0.07384166825125182
0.07390505165747607
0.07396843506370032
0.07396843506370032
0.07396843506370032
0.07396843506370032
0.07403181846992457
0.07403181846992457
0.07403181846992457
0.07403181846992457
0.07403181846992457
0.07403181846992457
0.07403181846992457
0.07403181846992457
0.07403181846992457
0.07403181846992457
0.07403181846992457
0.07403181846992457
0.07409520187614882
0.07409520187614882
0.07409520187614882
0.07409520187614882
0.07409520187614882
0.07409520187614882
0.07409520187614882
0.07409520187614882
0.07409520187614882
0.07409520187614882
0.07409520187614882
0.07409520187614882
0.07415858528237307
0.07415858528237307
0.07415858528237307
0.07415858528237307
0.07415858528237307
0.07415858528237307
0.07422196868859733
0.07422196868859733
0.07428535209482158
0.07428535209482158
0.07428535209482158
0.07428535209482158
0.07428535209482158
0.07428535209482158
0.07428535209482158
0.07428535209482158
0.07434873550104583
0.07434873550104583
0.07434873550104583
0.07434873550104583
0.07441211890727008
0.07441211890727008
0.07441211890727008
0.07441211890727008
0.07441211890727008
0.07441211890727008
0.07441211890727008
0.07441211890727008
0.07441211890727008
0.07441211890727008
0.07441211890727008
0.07441211890727008
0.07447550231349433
0.07447550231349433
0.07447550231349433
0.07447550231349433
0.07447550231349433
0.07447550231349433
0.07447550231349433
0.07447550231349433
0.07453888571971858
0.07460226912594282
0.07460226912594282
0.07466565253216707
0.07466565253216707
0.07466565253216707
0.07466565253216707
0.07466565253216707
0.07472903593839134
0.07472903593839134
0.07472903593839134
0.07472903593839134
0.07472903593839134
0.07472903593839134
0.07472903593839134
0.07472903593839134
0.07472903593839134
0.07472903593839134
0.07472903593839134
0.07472903593839134
0.07472903593839134
0.07485580275083983
0.07485580275083983
0.07485580275083983
0.07485580275083983
0.07485580275083983
0.07485580275083983
0.07485580275083983
0.07485580275083983
0.07485580275083983
0.07485580275083983
0.07485580275083983
0.07485580275083983
0.07498256956328833
0.07498256956328833
0.07498256956328833
0.07498256956328833
0.07498256956328833
0.07498256956328833
0.07498256956328833
0.07498256956328833
0.07498256956328833
0.07498256956328833
0.07504595296951258
0.07504595296951258
0.07504595296951258
0.07510933637573683
0.07517271978196108
0.07517271978196108
0.07517271978196108
0.07517271978196108
0.07529948659440959
0.07529948659440959
0.07529948659440959
0.07529948659440959
0.07529948659440959
0.07529948659440959
0.07529948659440959
0.07529948659440959
0.07529948659440959
0.07529948659440959
0.07536287000063384
0.07536287000063384
0.07536287000063384
0.07536287000063384
0.07536287000063384
0.07536287000063384
0.07536287000063384
0.07536287000063384
0.07536287000063384
0.07536287000063384
0.07536287000063384
0.07536287000063384
0.07548963681308234
0.07548963681308234
0.07548963681308234
0.07548963681308234
0.07548963681308234
0.07548963681308234
0.07548963681308234
0.07548963681308234
0.07548963681308234
0.07548963681308234
0.07548963681308234
0.07548963681308234
0.07555302021930659
0.07561640362553083
0.07561640362553083
0.07561640362553083
0.07561640362553083
0.07561640362553083
0.07561640362553083
0.07561640362553083
0.07561640362553083
0.07561640362553083
0.07567978703175508
0.07567978703175508
0.07567978703175508
0.07574317043797933
0.07580655384420358
0.07580655384420358
0.07586993725042784
0.07586993725042784
0.07586993725042784
0.07586993725042784
0.07586993725042784
0.07586993725042784
0.07586993725042784
0.07586993725042784
0.07593332065665209
0.07593332065665209
0.07593332065665209
0.07593332065665209
0.07593332065665209
0.07599670406287634
0.07599670406287634
0.07606008746910059
0.07612347087532484
0.07612347087532484
0.07612347087532484
0.07612347087532484
0.07612347087532484
0.07618685428154909
0.07618685428154909
0.07625023768777334
0.07625023768777334
0.07625023768777334
0.07625023768777334
0.07625023768777334
0.07625023768777334
0.07625023768777334
0.07625023768777334
0.07625023768777334
0.07625023768777334
0.07625023768777334
0.07625023768777334
0.07625023768777334
0.07625023768777334
0.07625023768777334
0.07625023768777334
0.07625023768777334
0.07625023768777334
0.07625023768777334
0.07625023768777334
0.07625023768777334
0.07625023768777334
0.07637700450022185
0.07637700450022185
0.07637700450022185
0.07637700450022185
0.07637700450022185
0.07637700450022185
0.07637700450022185
0.0764403879064461
0.0764403879064461
0.0764403879064461
0.0764403879064461
0.0764403879064461
0.0764403879064461
0.0764403879064461
0.0764403879064461
0.0764403879064461
0.07650377131267035
0.07650377131267035
0.07650377131267035
0.07650377131267035
0.07650377131267035
0.07650377131267035
0.07650377131267035
0.07650377131267035
0.07650377131267035
0.07650377131267035
0.0765671547188946
0.0765671547188946
0.0765671547188946
0.0765671547188946
0.0765671547188946
0.0765671547188946
0.0765671547188946
0.0765671547188946
0.0765671547188946
0.0765671547188946
0.0765671547188946
0.0765671547188946
0.0765671547188946
0.0765671547188946
0.0765671547188946
0.07663053812511884
0.07663053812511884
0.07663053812511884
0.07663053812511884
0.07669392153134309
0.07669392153134309
0.07669392153134309
0.07669392153134309
0.07669392153134309
0.07675730493756734
0.07675730493756734
0.07675730493756734
0.07675730493756734
0.07675730493756734
0.07682068834379159
0.07682068834379159
0.07682068834379159
0.07682068834379159
0.07682068834379159
0.07682068834379159
0.07682068834379159
0.07682068834379159
0.07682068834379159
0.07682068834379159
0.07682068834379159
0.07688407175001584
0.07688407175001584
0.0769474551562401
0.0769474551562401
0.0769474551562401
0.0769474551562401
0.0769474551562401
0.07701083856246435
0.0770742219686886
0.0770742219686886
0.0770742219686886
0.07713760537491285
0.07713760537491285
0.07713760537491285
0.07713760537491285
0.07713760537491285
0.0772009887811371
0.0772009887811371
0.07726437218736135
0.07726437218736135
0.07726437218736135
0.07726437218736135
0.07726437218736135
0.07726437218736135
0.07726437218736135
0.07726437218736135
0.07726437218736135
0.0773277555935856
0.0773277555935856
0.0773277555935856
0.0773277555935856
0.0773277555935856
0.0773277555935856
0.0773277555935856
0.0773277555935856
0.0773277555935856
0.07739113899980984
0.07739113899980984
0.07739113899980984
0.07739113899980984
0.07739113899980984
0.07739113899980984
0.07739113899980984
0.07739113899980984
0.07739113899980984
0.07739113899980984
0.07745452240603411
0.07745452240603411
0.07745452240603411
0.07745452240603411
0.07745452240603411
0.07745452240603411
0.07745452240603411
0.07751790581225836
0.07751790581225836
0.07751790581225836
0.0775812892184826
0.0775812892184826
0.0775812892184826
0.0775812892184826
0.0775812892184826
0.07764467262470685
0.07764467262470685
0.0777080560309311
0.0777080560309311
0.0777080560309311
0.0777080560309311
0.0777080560309311
0.0777080560309311
0.0777080560309311
0.0777080560309311
0.0777080560309311
0.0777080560309311
0.0777080560309311
0.0777080560309311
0.07777143943715535
0.07777143943715535
0.07777143943715535
0.07777143943715535
0.07777143943715535
0.07777143943715535
0.07777143943715535
0.07777143943715535
0.07777143943715535
0.07777143943715535
0.07777143943715535
0.07777143943715535
0.07777143943715535
0.07777143943715535
0.07777143943715535
0.07777143943715535
0.07777143943715535
