0.017367053305444635
0.027381631488876214
0.03517779045445902
0.04107244723331432
0.04379793370095709
0.045952969512581605
0.04823477213665463
0.049755973886036635
0.05165747607276415
0.053178677822146164
0.05444634594663117
0.05533371363377068
0.056347848133358684
0.05672814857070419
0.05755213285161945
0.05843950053875895
0.05951701844457121
0.05989731888191671
0.06046776953793497
0.061418520631298726
0.06186220447486848
0.06268618875578373
0.06332002281802625
0.06376370666159599
0.064777841161184
0.0651581415985295
0.06572859225454776
0.06617227609811752
0.06674272675413577
0.06705964378525701
0.06743994422260252
0.06788362806617228
0.06820054509729352
0.06902452937820878
0.06953159662800279
0.07010204728402104
0.07073588134626355
0.0711795651898333
0.07149648222095456
0.0719401660645243
0.07238384990809406
0.07295430056411231
0.07358813462635481
0.07403181846992457
0.07422196868859733
0.07453888571971858
0.07491918615706408
0.07536287000063384
0.07567978703175508
0.07599670406287634
0.0764403879064461
0.07682068834379159
0.0769474551562401
0.07713760537491285
0.07745452240603411
0.07853204031184635
0.07891234074919186
0.07897572415541611
0.07922925778031312
0.07998985865500412
0.08030677568612538
0.08068707612347087
0.08125752677948914
0.08163782721683463
0.08182797743550739
0.08201812765418014
0.08220827787285288
0.08252519490397414
0.0829688787475439
0.08328579577866514
0.0834759459973379
0.0837294796222349
0.0841097800595804
0.0844900804969259
0.08474361412182291
0.0848703809342714
0.08493376434049565
0.08550421499651391
0.08588451543385942
0.08613804905875641
0.08645496608987767
0.08677188312099893
0.08702541674589592
0.08721556696456867
0.08734233377701718
0.08778601762058694
0.08797616783925968
0.08816631805793243
0.08854661849527794
0.08867338530772644
0.08892691893262344
0.08918045255752044
0.08930721936996894
0.08956075299486595
0.0896241364010902
0.0900044368384357
0.09044812068200545
0.0908918045255752
0.0910185713380237
0.0910185713380237
0.09120872155669646
0.0915256385878177
0.09184255561893896
0.09209608924383596
0.09215947265006022
0.09234962286873297
0.09253977308740571
0.09266653989985423
0.09292007352475122
0.09292007352475122
0.09304684033719972
0.09323699055587248
0.09342714077454523
0.09349052418076947
0.09361729099321797
0.09368067439944222
0.09368067439944222
0.09368067439944222
0.09380744121189073
0.09406097483678773
0.09412435824301198
0.09425112505546047
0.09450465868035748
0.09463142549280598
0.09469480889903023
0.09488495911770299
0.09501172593015149
0.09526525955504848
0.09545540977372124
0.0955187931799455
0.09558217658616974
0.09577232680484249
0.09577232680484249
0.0960258604297395
0.09621601064841225
0.09646954427330925
0.0965329276795335
0.0967864613044305
0.09684984471065475
0.09703999492932751
0.09710337833555176
0.0972935285542245
0.097420295366673
0.09767382899157001
0.09767382899157001
0.09786397921024276
0.0980541294289155
0.09811751283513977
0.09811751283513977
0.09824427964758826
0.09824427964758826
0.09830766305381251
0.09830766305381251
0.09843442986626101
0.09843442986626101
0.09856119667870951
0.09868796349115802
0.09887811370983077
0.09906826392850351
0.09906826392850351
0.09906826392850351
0.09913164733472776
0.09919503074095203
0.09944856436584902
0.09957533117829752
0.09970209799074602
0.09970209799074602
0.09989224820941878
0.09995563161564303
0.09995563161564303
0.09995563161564303
0.10001901502186727
0.10008239842809152
0.10008239842809152
0.10008239842809152
0.10014578183431577
0.10020916524054002
0.10027254864676428
0.10027254864676428
0.10033593205298853
0.10033593205298853
0.10065284908410978
0.10071623249033403
0.10071623249033403
0.10071623249033403
0.10071623249033403
0.10071623249033403
0.10084299930278254
0.10090638270900679
0.10096976611523104
0.10096976611523104
0.10103314952145528
0.10103314952145528
0.10103314952145528
0.10103314952145528
0.10103314952145528
0.10103314952145528
0.10115991633390378
0.10135006655257653
0.10141344995880079
0.10141344995880079
0.10154021677124929
0.10173036698992204
0.1019205172085948
0.10211066742726754
0.10223743423971604
0.10223743423971604
0.10230081764594029
0.10230081764594029
0.10230081764594029
0.10236420105216454
0.10242758445838879
0.10249096786461305
0.1025543512708373
0.1026811180832858
0.10274450148951005
0.10287126830195854
0.10287126830195854
0.10287126830195854
0.10293465170818279
0.10293465170818279
0.1030614185206313
0.1030614185206313
0.10312480192685555
0.1033149521455283
0.1033149521455283
0.10337833555175255
0.1034417189579768
0.10350510236420105
0.10356848577042531
0.10356848577042531
0.1036952525828738
0.10375863598909806
0.10375863598909806
0.1038220193953223
0.10388540280154655
0.10388540280154655
0.1039487862077708
0.1039487862077708
0.10401216961399505
0.10401216961399505
0.10413893642644356
0.10426570323889206
0.10432908664511631
0.1044558534575648
0.1044558534575648
0.10451923686378906
0.1045826202700133
0.1045826202700133
0.1045826202700133
0.1045826202700133
0.10464600367623757
0.10464600367623757
0.10483615389491031
0.10483615389491031
0.10483615389491031
0.10489953730113456
0.10489953730113456
0.10502630411358306
0.10508968751980731
0.10527983773848007
0.10534322114470432
0.10553337136337707
0.10572352158204983
0.10585028839449832
0.10604043861317107
0.10604043861317107
0.10616720542561957
0.10616720542561957
0.10623058883184382
0.10648412245674083
0.10648412245674083
0.10667427267541357
0.10667427267541357
0.10667427267541357
0.10680103948786208
0.10686442289408633
0.10699118970653483
0.10724472333143183
0.10743487355010459
0.10749825695632884
0.10749825695632884
0.10749825695632884
0.10756164036255308
0.10756164036255308
0.10762502376877733
0.10762502376877733
0.10768840717500158
0.10768840717500158
0.10768840717500158
0.10775179058122583
0.10787855739367433
0.10794194079989859
0.10806870761234709
0.10806870761234709
0.10819547442479559
0.10819547442479559
0.10819547442479559
0.10819547442479559
0.10819547442479559
0.10819547442479559
0.10838562464346833
0.10851239145591685
0.10863915826836534
0.10870254167458959
0.10876592508081384
0.10876592508081384
0.10876592508081384
0.10876592508081384
0.10876592508081384
0.10882930848703809
0.10882930848703809
0.10895607529948659
0.10901945870571085
0.10914622551815935
0.10927299233060785
0.1093363757368321
0.10939975914305634
0.10939975914305634
0.10946314254928059
0.10965329276795335
0.10978005958040185
0.10978005958040185
0.1098434429866261
0.1098434429866261
0.1098434429866261
0.10990682639285035
0.1099702097990746
0.1099702097990746
0.11003359320529885
0.11003359320529885
0.11003359320529885
0.11003359320529885
0.11016036001774736
0.1102237434239716
0.11028712683019586
0.11028712683019586
0.11028712683019586
0.11028712683019586
0.11028712683019586
0.1103505102364201
0.1103505102364201
0.11041389364264435
0.11054066045509285
0.11066742726754136
0.11073081067376561
0.11073081067376561
0.11073081067376561
0.11073081067376561
0.11079419407998986
0.11079419407998986
0.11092096089243836
0.11098434429866261
0.11104772770488686
0.11104772770488686
0.11104772770488686
0.1111111111111111
0.11117449451733537
0.11123787792355962
0.11123787792355962
0.11142802814223236
0.11142802814223236
0.11142802814223236
0.11149141154845661
0.11161817836090511
0.11161817836090511
0.11168156176712936
0.11168156176712936
0.11174494517335362
0.11174494517335362
0.11174494517335362
0.11187171198580212
0.11187171198580212
0.11206186220447487
0.11206186220447487
0.11206186220447487
0.11206186220447487
0.11212524561069911
0.11212524561069911
0.11218862901692336
0.11218862901692336
0.11231539582937188
0.11231539582937188
0.11231539582937188
0.11244216264182037
0.11250554604804462
0.11250554604804462
0.11250554604804462
0.11250554604804462
0.11256892945426887
0.11256892945426887
0.11256892945426887
0.11256892945426887
0.11263231286049312
0.11263231286049312
0.11269569626671737
0.11282246307916588
0.11294922989161438
0.11294922989161438
0.11301261329783863
0.11301261329783863
0.11301261329783863
0.11301261329783863
0.11301261329783863
0.11301261329783863
0.11301261329783863
0.11301261329783863
0.11301261329783863
0.11307599670406288
0.11313938011028712
0.11320276351651137
0.11320276351651137
0.11320276351651137
0.11320276351651137
0.11320276351651137
0.11320276351651137
0.11326614692273562
0.11326614692273562
0.11326614692273562
0.11332953032895988
0.11332953032895988
0.11339291373518413
0.11345629714140838
0.11358306395385688
0.11358306395385688
0.11358306395385688
0.11370983076630538
0.11377321417252963
0.11377321417252963
0.11377321417252963
0.11389998098497814
0.11396336439120239
0.11396336439120239
0.11409013120365089
0.11409013120365089
0.11415351460987513
0.11415351460987513
0.11415351460987513
0.11415351460987513
0.11421689801609938
0.11421689801609938
0.11421689801609938
0.11421689801609938
0.11428028142232363
0.11434366482854788
0.11434366482854788
0.11440704823477214
0.11440704823477214
0.11447043164099639
0.11447043164099639
0.11447043164099639
0.11453381504722064
0.11466058185966914
0.11472396526589339
0.11478734867211764
0.11478734867211764
0.11478734867211764
0.11478734867211764
0.11478734867211764
0.11478734867211764
0.11491411548456613
0.1149774988907904
0.11504088229701465
0.11504088229701465
0.1151042657032389
0.11523103251568739
0.11529441592191164
0.11529441592191164
0.11529441592191164
0.11535779932813589
0.11542118273436014
0.11542118273436014
0.11548456614058439
0.11548456614058439
0.11548456614058439
0.11554794954680865
0.11567471635925715
0.1157380997654814
0.11580148317170565
0.11580148317170565
0.11580148317170565
0.11580148317170565
0.1158648665779299
0.1158648665779299
0.1158648665779299
0.11592824998415414
0.11599163339037839
0.11599163339037839
0.11599163339037839
0.11599163339037839
0.11599163339037839
0.11599163339037839
0.11599163339037839
0.11599163339037839
0.11599163339037839
0.11605501679660266
0.11605501679660266
0.11605501679660266
0.11605501679660266
0.1161184002028269
0.11618178360905115
0.11618178360905115
0.1163719338277239
0.1163719338277239
0.1164987006401724
0.1164987006401724
0.1164987006401724
0.1164987006401724
0.1164987006401724
0.1164987006401724
0.11656208404639665
0.11656208404639665
0.11662546745262091
0.11662546745262091
0.11662546745262091
0.11668885085884516
0.11681561767129366
0.11681561767129366
0.11681561767129366
0.11681561767129366
0.1168790010775179
0.1168790010775179
0.1170057678899664
0.1170057678899664
0.11719591810863916
0.11725930151486341
0.11738606832731191
0.11738606832731191
0.11738606832731191
0.11744945173353616
0.11751283513976041
0.11751283513976041
0.11751283513976041
0.11757621854598466
0.11776636876465742
0.11782975217088167
0.11789313557710591
0.11789313557710591
0.11789313557710591
0.11795651898333016
0.11801990238955441
0.11801990238955441
0.11801990238955441
0.11808328579577866
0.11821005260822717
0.11833681942067567
0.11833681942067567
0.11833681942067567
0.11840020282689992
0.11840020282689992
0.11846358623312417
0.11852696963934842
0.11859035304557267
0.11865373645179692
0.11871711985802116
0.11871711985802116
0.11878050326424543
0.11884388667046968
0.11884388667046968
0.11897065348291817
0.11897065348291817
0.11916080370159092
0.11916080370159092
0.11916080370159092
0.11928757051403942
0.11935095392026368
0.11947772073271218
0.11947772073271218
0.11947772073271218
0.11947772073271218
0.11954110413893643
0.11954110413893643
0.11966787095138492
0.11979463776383342
0.11992140457628193
0.11998478798250618
0.12004817138873043
0.12011155479495468
0.12011155479495468
0.12023832160740318
0.12036508841985168
0.12042847182607594
0.12049185523230019
0.12055523863852444
0.12061862204474869
0.12068200545097293
0.12068200545097293
0.12080877226342143
0.12080877226342143
0.12080877226342143
0.12080877226342143
0.12080877226342143
0.12106230588831844
0.12106230588831844
0.12112568929454269
0.12118907270076694
0.12118907270076694
0.12118907270076694
0.12118907270076694
0.12118907270076694
0.12118907270076694
0.1215059897318882
0.1216327565443367
0.12169613995056094
0.1217595233567852
0.12182290676300944
0.12182290676300944
0.12207644038790645
0.12207644038790645
0.12220320720035495
0.12220320720035495
0.1222665906065792
0.1223933574190277
0.1225201242314762
0.12271027445014895
0.1227736578563732
0.1227736578563732
0.12296380807504595
0.1230271914812702
0.1230271914812702
0.1230271914812702
0.1230271914812702
0.1230271914812702
0.12309057488749445
0.12315395829371871
0.12328072510616721
0.12328072510616721
0.12334410851239146
0.12334410851239146
0.1234074919186157
0.1234074919186157
0.1234074919186157
0.1234074919186157
0.1234074919186157
0.1234074919186157
0.1234074919186157
0.1234074919186157
0.1234074919186157
0.1234074919186157
0.12347087532483995
0.1235342587310642
0.1235342587310642
0.1235342587310642
0.1235342587310642
0.1235342587310642
0.1235342587310642
0.1235342587310642
0.1235342587310642
0.12359764213728845
0.12359764213728845
0.12359764213728845
0.12359764213728845
0.12366102554351271
0.12366102554351271
0.12372440894973696
0.12372440894973696
0.12372440894973696
0.12372440894973696
0.12372440894973696
0.12378779235596121
0.12378779235596121
0.12378779235596121
0.12378779235596121
0.12378779235596121
0.12378779235596121
0.12378779235596121
0.12385117576218546
0.12385117576218546
0.12385117576218546
0.12385117576218546
0.12391455916840971
0.12391455916840971
0.12404132598085821
0.12410470938708246
0.12410470938708246
0.12410470938708246
0.12410470938708246
0.12410470938708246
0.12410470938708246
0.1241680927933067
0.1241680927933067
0.12423147619953097
0.12429485960575522
0.12429485960575522
0.12429485960575522
0.12435824301197947
0.12442162641820372
0.12442162641820372
0.12442162641820372
0.12442162641820372
0.12442162641820372
0.12442162641820372
0.12448500982442796
0.12454839323065221
0.12454839323065221
0.12467516004310071
0.12473854344932497
0.12473854344932497
0.12480192685554922
0.12480192685554922
0.12480192685554922
0.12486531026177347
0.12486531026177347
0.12486531026177347
0.12486531026177347
0.12486531026177347
0.12492869366799772
0.12492869366799772
0.12492869366799772
0.12492869366799772
0.12492869366799772
0.12499207707422197
0.12505546048044622
0.12505546048044622
0.12518222729289472
0.12518222729289472
0.12518222729289472
0.12524561069911896
0.12524561069911896
0.12524561069911896
0.12524561069911896
0.12524561069911896
0.12524561069911896
0.12537237751156746
0.12537237751156746
0.12537237751156746
0.12537237751156746
0.1254357609177917
0.12549914432401596
0.12549914432401596
0.12549914432401596
0.12549914432401596
0.12556252773024024
0.12562591113646449
0.12562591113646449
0.12568929454268873
0.12568929454268873
0.12568929454268873
0.12575267794891298
0.12581606135513723
0.12587944476136148
0.12587944476136148
0.12587944476136148
0.12600621157380998
0.12600621157380998
0.12613297838625848
0.12625974519870697
0.12625974519870697
0.12625974519870697
0.12625974519870697
0.12625974519870697
0.12625974519870697
0.12625974519870697
0.12625974519870697
0.12625974519870697
0.12625974519870697
0.12625974519870697
0.12625974519870697
0.12625974519870697
0.12632312860493122
0.12638651201115547
0.12644989541737972
0.12644989541737972
0.12644989541737972
0.12644989541737972
0.12644989541737972
0.12644989541737972
0.12657666222982822
0.12657666222982822
0.12657666222982822
0.12657666222982822
0.1266400456360525
0.1266400456360525
0.12670342904227674
0.12670342904227674
0.126766812448501
0.126766812448501
0.126766812448501
0.126766812448501
0.126766812448501
0.1268935792609495
0.1268935792609495
0.1268935792609495
0.1268935792609495
0.1268935792609495
0.1268935792609495
0.1268935792609495
0.1268935792609495
0.1268935792609495
0.1268935792609495
0.1268935792609495
0.1268935792609495
0.1268935792609495
0.1268935792609495
0.1268935792609495
0.1268935792609495
0.1268935792609495
0.127020346073398
0.127020346073398
0.127020346073398
0.127020346073398
0.127020346073398
0.127020346073398
0.127020346073398
0.127020346073398
0.127020346073398
0.12708372947962224
0.12708372947962224
0.12708372947962224
0.12708372947962224
0.12714711288584649
0.12714711288584649
0.12714711288584649
0.12714711288584649
0.12714711288584649
0.12721049629207073
0.12721049629207073
0.12721049629207073
0.12733726310451923
0.12733726310451923
0.12733726310451923
0.12746402991696773
0.12759079672941623
0.12759079672941623
0.12759079672941623
0.12759079672941623
0.12759079672941623
0.12759079672941623
0.12759079672941623
0.12759079672941623
0.12765418013564048
0.12765418013564048
0.12765418013564048
0.12765418013564048
0.12765418013564048
0.12765418013564048
0.12765418013564048
0.12765418013564048
0.12765418013564048
0.12771756354186475
0.12771756354186475
0.127780946948089
0.127780946948089
0.127780946948089
0.127780946948089
0.127780946948089
0.127780946948089
0.127780946948089
0.127780946948089
0.127780946948089
0.12784433035431325
0.12784433035431325
0.12797109716676175
0.12797109716676175
0.12797109716676175
0.128034480572986
0.12809786397921025
0.12809786397921025
0.12809786397921025
0.12809786397921025
0.1281612473854345
0.1281612473854345
0.1281612473854345
0.1281612473854345
0.1281612473854345
0.1281612473854345
0.1281612473854345
0.128288014197883
0.128288014197883
0.128288014197883
0.128288014197883
0.128288014197883
0.128288014197883
0.128288014197883
0.128288014197883
0.128288014197883
0.1284147810103315
0.1284147810103315
0.1284147810103315
0.1284147810103315
0.1284147810103315
0.12854154782278
0.12854154782278
0.12854154782278
0.12854154782278
0.12854154782278
0.12854154782278
0.12854154782278
0.12854154782278
0.12854154782278
0.12854154782278
0.12854154782278
0.12854154782278
0.12860493122900424
0.12860493122900424
0.12860493122900424
0.12860493122900424
0.12860493122900424
0.12860493122900424
0.12860493122900424
0.12860493122900424
0.12860493122900424
0.12860493122900424
0.12860493122900424
0.1286683146352285
0.1286683146352285
0.12873169804145274
0.12873169804145274
0.12873169804145274
0.12873169804145274
0.12873169804145274
0.12873169804145274
0.12873169804145274
0.12873169804145274
0.12879508144767698
0.12879508144767698
0.12879508144767698
0.12879508144767698
0.12879508144767698
0.12879508144767698
0.12879508144767698
0.12879508144767698
0.12879508144767698
0.12879508144767698
0.1289218482601255
0.1289218482601255
0.1289218482601255
0.1289218482601255
0.12898523166634976
0.129048615072574
0.12911199847879826
0.12911199847879826
0.12911199847879826
0.12911199847879826
0.12911199847879826
0.12911199847879826
0.1291753818850225
0.1291753818850225
0.1291753818850225
0.12936553210369525
0.12936553210369525
0.12936553210369525
0.12936553210369525
0.1294289155099195
0.12949229891614375
0.12949229891614375
0.12949229891614375
0.129555682322368
0.129555682322368
0.129555682322368
0.129555682322368
0.12961906572859225
0.12961906572859225
0.12961906572859225
0.12961906572859225
0.12961906572859225
0.12961906572859225
0.12961906572859225
0.12961906572859225
0.12961906572859225
0.12961906572859225
0.12961906572859225
0.12961906572859225
0.12961906572859225
0.12961906572859225
0.12961906572859225
0.12961906572859225
0.12974583254104075
0.12974583254104075
0.12974583254104075
0.12974583254104075
0.12974583254104075
0.129809215947265
0.129809215947265
0.129809215947265
0.129809215947265
0.12987259935348924
0.12987259935348924
0.12987259935348924
0.12987259935348924
0.12993598275971352
0.12999936616593777
0.12999936616593777
0.12999936616593777
0.12999936616593777
0.13012613297838627
0.13012613297838627
0.13018951638461052
0.13018951638461052
0.13025289979083476
0.130316283197059
0.130316283197059
0.130316283197059
0.1304430500095075
0.1304430500095075
0.1304430500095075
0.13050643341573176
0.13050643341573176
0.130569816821956
0.130569816821956
