0.011345629714140838
0.022944793053178678
0.028649299613361223
0.031818469924573746
0.03454395639221652
0.036635608797616785
0.038093427140774544
0.03923432845281105
0.040882297014641564
0.041769664701781076
0.04265703238892058
0.04386131710718134
0.04468530138809659
0.045255752044114854
0.04582620270013311
0.04709387082461811
0.04791785510553337
0.04880522279267288
0.04950244026113963
0.050072890917157886
0.0509602586042974
0.05140394244786715
0.0515940926665399
0.052164543322558155
0.052544843759903655
0.05311529441592191
0.05330544463459466
0.05374912847816442
0.05412942891550992
0.05444634594663117
0.05482664638397668
0.05501679660264942
0.05546048044621918
0.05571401407111618
0.05609431450846168
0.056221081320910186
0.056347848133358684
0.05653799835203144
0.05685491538315269
0.05691829878937694
0.0574887494453952
0.057678899664067945
0.0578690498827407
0.0582493503200862
0.0585028839449832
0.058693034163655955
0.05913671800722571
0.05913671800722571
0.05926348481967421
0.05939025163212271
0.05945363503834696
0.059770552069468214
0.05996070228814097
0.060150852506813714
0.06046776953793497
0.06078468656905622
0.06097483678772897
0.061101603600177475
0.06129175381885023
0.06160867084997148
0.061798821068644226
0.06186220447486848
0.062115738099765484
0.062432655130886736
0.06293972238068074
0.06312987259935349
0.06332002281802625
0.06357355644292324
0.06382709006782024
0.06395385688026875
0.06446092413006276
0.06471445775495975
0.064777841161184
0.0649046079736325
0.06509475819230526
0.06522152500475376
0.0654116752234265
0.06566520884832351
0.06585535906699626
0.06617227609811752
0.06648919312923876
0.06674272675413577
0.06705964378525701
0.06718641059770553
0.06737656081637827
0.06737656081637827
0.06743994422260252
0.06756671103505102
0.06756671103505102
0.06769347784749953
0.06788362806617228
0.06813716169106927
0.06820054509729352
0.06826392850351778
0.06832731190974203
0.06851746212841478
0.06864422894086328
0.06864422894086328
0.06902452937820878
0.06915129619065728
0.06927806300310578
0.06953159662800279
0.06959498003422704
0.06965836344045129
0.06984851365912405
0.0699118970653483
0.06997528047157255
0.07022881409646954
0.07035558090891804
0.07035558090891804
0.07035558090891804
0.07048234772136655
0.07060911453381505
0.0707992647524878
0.0709260315649363
0.0711795651898333
0.0711795651898333
0.07136971540850605
0.07155986562717881
0.07162324903340306
0.07175001584585156
0.0719401660645243
0.0719401660645243
0.07213031628319706
0.07225708309564556
0.07238384990809406
0.07251061672054256
0.07263738353299107
0.07270076693921532
0.07276415034543957
0.07282753375166381
0.07289091715788806
0.07301768397033656
0.07314445078278507
0.07320783418900932
0.07327121759523357
0.07333460100145782
0.07339798440768207
0.07352475122013057
0.07384166825125182
0.07396843506370032
0.07415858528237307
0.07441211890727008
0.07466565253216707
0.07472903593839134
0.07479241934461558
0.07498256956328833
0.07517271978196108
0.07529948659440959
0.07548963681308234
0.07555302021930659
0.07574317043797933
0.07574317043797933
0.07580655384420358
0.07586993725042784
0.07593332065665209
0.07612347087532484
0.07612347087532484
0.07637700450022185
0.07650377131267035
0.07669392153134309
0.07669392153134309
0.07701083856246435
0.07726437218736135
0.0773277555935856
0.07739113899980984
0.07739113899980984
0.07751790581225836
0.07764467262470685
0.07777143943715535
0.0779615896558281
0.07802497306205236
0.07821512328072511
0.0783418900931736
0.07840527349939785
0.07840527349939785
0.07840527349939785
0.07853204031184635
0.07853204031184635
0.07859542371807061
0.07865880712429486
0.07872219053051911
0.07878557393674336
0.07910249096786462
0.07916587437408887
0.07941940799898586
0.07948279140521011
0.07960955821765861
0.07960955821765861
0.07979970843633137
0.07986309184255562
0.07992647524877987
0.07992647524877987
0.07998985865500412
0.08011662546745262
0.08024339227990113
0.08030677568612538
0.08043354249857387
0.08043354249857387
0.08056030931102237
0.08056030931102237
0.08062369271724662
0.08062369271724662
0.08062369271724662
0.08068707612347087
0.08075045952969513
0.08075045952969513
0.08087722634214363
0.08087722634214363
0.08087722634214363
0.08094060974836788
0.08100399315459213
0.08100399315459213
0.08119414337326487
0.08132091018571339
0.08132091018571339
0.08138429359193763
0.08151106040438613
0.08163782721683463
0.08170121062305888
0.08176459402928313
0.08195474424795589
0.08208151106040439
0.08220827787285288
0.08220827787285288
0.08233504468530138
0.08239842809152564
0.08265196171642264
0.08271534512264689
0.0829688787475439
0.08303226215376815
0.08315902896621664
0.0832224123724409
0.08328579577866514
0.08334917918488939
0.08334917918488939
0.08334917918488939
0.08334917918488939
0.0834759459973379
0.08353932940356215
0.0836027128097864
0.0836027128097864
0.0836027128097864
0.0836027128097864
0.08366609621601065
0.0837294796222349
0.0837294796222349
0.0837294796222349
0.0838562464346834
0.0838562464346834
0.08398301324713191
0.08398301324713191
0.08404639665335616
0.08404639665335616
0.08417316346580465
0.08429993027825315
0.0843633136844774
0.0843633136844774
0.0844900804969259
0.08455346390315016
0.08461684730937441
0.08461684730937441
0.08468023071559866
0.08474361412182291
0.08480699752804716
0.08480699752804716
0.08480699752804716
0.0848703809342714
0.08493376434049565
0.08518729796539266
0.08537744818406541
0.08544083159028966
0.08550421499651391
0.08556759840273816
0.08569436521518667
0.08575774862141092
0.08575774862141092
0.08575774862141092
0.08582113202763517
0.08588451543385942
0.08588451543385942
0.08588451543385942
0.08594789884008366
0.08594789884008366
0.08594789884008366
0.08594789884008366
0.08607466565253216
0.08607466565253216
0.08607466565253216
0.08613804905875641
0.08613804905875641
0.08620143246498067
0.08626481587120492
0.08632819927742917
0.08639158268365342
0.08645496608987767
0.08651834949610192
0.08664511630855042
0.08670849971477468
0.08677188312099893
0.08677188312099893
0.08677188312099893
0.08689864993344742
0.08689864993344742
0.08689864993344742
0.08696203333967167
0.08702541674589592
0.08708880015212017
0.08721556696456867
0.08721556696456867
0.08727895037079293
0.08727895037079293
0.08727895037079293
0.08727895037079293
0.08734233377701718
0.08753248399568993
0.08753248399568993
0.08753248399568993
0.08753248399568993
0.08759586740191418
0.08759586740191418
0.08765925080813843
0.08765925080813843
0.08765925080813843
0.08765925080813843
0.08765925080813843
0.08765925080813843
0.08765925080813843
0.08765925080813843
0.08765925080813843
0.08778601762058694
0.08778601762058694
0.08784940102681119
0.08784940102681119
0.08784940102681119
0.08784940102681119
0.08797616783925968
0.08810293465170818
0.08810293465170818
0.08810293465170818
0.08816631805793243
0.08816631805793243
0.08816631805793243
0.08816631805793243
0.08816631805793243
0.08822970146415668
0.08822970146415668
0.08822970146415668
0.08822970146415668
0.08822970146415668
0.08829308487038093
0.08835646827660519
0.08835646827660519
0.08835646827660519
0.08841985168282944
0.08848323508905369
0.08854661849527794
0.08854661849527794
0.08867338530772644
0.08867338530772644
0.08873676871395068
0.08873676871395068
0.08873676871395068
0.08873676871395068
0.08873676871395068
0.08873676871395068
0.08873676871395068
0.08873676871395068
0.08880015212017493
0.08880015212017493
0.0888635355263992
0.08905368574507194
0.08918045255752044
0.08918045255752044
0.08918045255752044
0.08930721936996894
0.08930721936996894
0.08937060277619319
0.08943398618241745
0.08943398618241745
0.08943398618241745
0.08943398618241745
0.08943398618241745
0.08943398618241745
0.08943398618241745
0.08943398618241745
0.08943398618241745
0.08943398618241745
0.08943398618241745
0.08943398618241745
0.08943398618241745
0.08943398618241745
0.08943398618241745
0.08943398618241745
0.08943398618241745
0.08943398618241745
0.0894973695886417
0.08956075299486595
0.08956075299486595
0.0896241364010902
0.08968751980731444
0.08968751980731444
0.08981428661976294
0.08981428661976294
0.08981428661976294
0.08987767002598719
0.08994105343221144
0.08994105343221144
0.08994105343221144
0.0900044368384357
0.09006782024465995
0.09006782024465995
0.09006782024465995
0.09019458705710845
0.09019458705710845
0.09019458705710845
0.09019458705710845
0.0902579704633327
0.09032135386955695
0.09032135386955695
0.09032135386955695
0.09032135386955695
0.0903847372757812
0.0903847372757812
0.0903847372757812
0.0903847372757812
0.0903847372757812
0.09044812068200545
0.09044812068200545
0.09051150408822971
0.09057488749445396
0.0906382709006782
0.09082842111935095
0.09082842111935095
0.09095518793179945
0.09095518793179945
0.0910185713380237
0.0910185713380237
0.0910185713380237
0.0910185713380237
0.0910185713380237
0.09108195474424796
0.09114533815047221
0.09120872155669646
0.09133548836914496
0.09133548836914496
0.09133548836914496
0.09133548836914496
0.09133548836914496
0.0913988717753692
0.09146225518159345
0.09146225518159345
0.09146225518159345
0.0915256385878177
0.0915256385878177
0.0915256385878177
0.0915256385878177
0.09165240540026622
0.09165240540026622
0.09165240540026622
0.09171578880649046
0.09171578880649046
0.09171578880649046
0.09171578880649046
0.09171578880649046
0.09177917221271471
0.09177917221271471
0.09184255561893896
0.09184255561893896
0.09184255561893896
0.09184255561893896
0.09184255561893896
0.09184255561893896
0.09184255561893896
0.09184255561893896
0.09184255561893896
0.09190593902516321
0.09196932243138746
0.09196932243138746
0.09196932243138746
0.09196932243138746
0.09209608924383596
0.09209608924383596
0.09215947265006022
0.09215947265006022
0.09215947265006022
0.09215947265006022
0.09215947265006022
0.09215947265006022
0.09215947265006022
0.09222285605628447
0.09222285605628447
0.09222285605628447
0.09222285605628447
0.09222285605628447
0.09222285605628447
0.09228623946250872
0.09228623946250872
0.09234962286873297
0.09241300627495722
0.09241300627495722
0.09241300627495722
0.09247638968118146
0.09247638968118146
0.09247638968118146
0.09247638968118146
0.09247638968118146
0.09260315649362996
0.09260315649362996
0.09260315649362996
0.09260315649362996
0.09260315649362996
0.09260315649362996
0.09272992330607847
0.09272992330607847
0.09272992330607847
0.09272992330607847
0.09272992330607847
0.09272992330607847
0.09279330671230272
0.09279330671230272
0.09279330671230272
0.09279330671230272
0.09285669011852697
0.09285669011852697
0.09292007352475122
0.09292007352475122
0.09292007352475122
0.09292007352475122
0.09298345693097547
0.09298345693097547
0.09298345693097547
0.09298345693097547
0.09298345693097547
0.09298345693097547
0.09298345693097547
0.09304684033719972
0.09311022374342397
0.09311022374342397
0.09311022374342397
0.09311022374342397
0.09311022374342397
0.09317360714964822
0.09317360714964822
0.09317360714964822
0.09317360714964822
0.09323699055587248
0.09330037396209673
0.09330037396209673
0.09336375736832098
0.09336375736832098
0.09336375736832098
0.09336375736832098
0.09342714077454523
0.09342714077454523
0.09349052418076947
0.09349052418076947
0.09349052418076947
0.09349052418076947
0.09355390758699372
0.09355390758699372
0.09355390758699372
0.09355390758699372
0.09355390758699372
0.09355390758699372
0.09361729099321797
0.09361729099321797
0.09361729099321797
0.09361729099321797
0.09361729099321797
0.09361729099321797
0.09361729099321797
0.09361729099321797
0.09368067439944222
0.09368067439944222
0.09374405780566647
0.09374405780566647
0.09380744121189073
0.09387082461811498
0.09387082461811498
0.09387082461811498
0.09387082461811498
0.09387082461811498
0.09393420802433923
0.09393420802433923
0.09399759143056348
0.09399759143056348
0.09399759143056348
0.09399759143056348
0.09406097483678773
0.09406097483678773
0.09412435824301198
0.09412435824301198
0.09418774164923623
0.09418774164923623
0.09425112505546047
0.09425112505546047
0.09425112505546047
0.09425112505546047
0.09425112505546047
0.09425112505546047
0.09431450846168474
0.09431450846168474
0.09431450846168474
0.09437789186790899
0.09437789186790899
0.09437789186790899
0.09437789186790899
0.09444127527413324
0.09444127527413324
0.09444127527413324
0.09450465868035748
0.09456804208658173
0.09456804208658173
0.09456804208658173
0.09456804208658173
0.09463142549280598
0.09463142549280598
0.09469480889903023
0.09469480889903023
0.09469480889903023
0.09475819230525448
0.09475819230525448
0.09482157571147873
0.09488495911770299
0.09488495911770299
0.09488495911770299
0.09488495911770299
0.09488495911770299
0.09488495911770299
0.09488495911770299
0.09488495911770299
0.09488495911770299
0.09488495911770299
0.09488495911770299
0.09488495911770299
0.09494834252392724
0.09494834252392724
0.09501172593015149
0.09501172593015149
0.09501172593015149
0.09507510933637574
0.09507510933637574
0.09513849274259999
0.09513849274259999
0.09513849274259999
0.09513849274259999
0.09520187614882424
0.09520187614882424
0.09520187614882424
0.09520187614882424
0.09520187614882424
0.09526525955504848
0.09526525955504848
0.09526525955504848
0.09526525955504848
0.09526525955504848
0.09526525955504848
0.09526525955504848
0.09526525955504848
0.09526525955504848
0.09526525955504848
0.09526525955504848
0.09526525955504848
0.09526525955504848
0.09526525955504848
0.09526525955504848
0.09526525955504848
0.09526525955504848
0.09526525955504848
0.09526525955504848
0.095392026367497
0.095392026367497
0.095392026367497
0.095392026367497
0.095392026367497
0.095392026367497
0.095392026367497
0.095392026367497
0.095392026367497
0.095392026367497
0.095392026367497
0.09545540977372124
0.09545540977372124
0.09545540977372124
0.09545540977372124
0.09545540977372124
0.09545540977372124
0.09545540977372124
0.0955187931799455
0.0955187931799455
0.0955187931799455
0.09558217658616974
0.09558217658616974
0.09558217658616974
0.09558217658616974
0.09558217658616974
0.09558217658616974
0.09558217658616974
0.09558217658616974
0.09558217658616974
0.09558217658616974
0.09558217658616974
0.09558217658616974
0.09558217658616974
0.09558217658616974
0.09558217658616974
0.09564555999239399
0.09564555999239399
0.09564555999239399
0.09570894339861824
0.09570894339861824
0.09570894339861824
0.09577232680484249
0.09577232680484249
0.09583571021106674
0.09583571021106674
0.09583571021106674
0.09583571021106674
0.09583571021106674
0.09583571021106674
0.09589909361729099
0.09589909361729099
0.09596247702351525
0.0960258604297395
0.0960258604297395
0.0960258604297395
0.0960258604297395
0.0960258604297395
0.09608924383596375
0.09608924383596375
0.096152627242188
0.096152627242188
0.09621601064841225
0.0962793940546365
0.0962793940546365
0.09640616086708499
0.09640616086708499
0.09640616086708499
0.09640616086708499
0.09640616086708499
0.09640616086708499
0.09640616086708499
0.09640616086708499
0.09640616086708499
0.09646954427330925
0.09646954427330925
0.09646954427330925
0.09646954427330925
0.09646954427330925
0.09646954427330925
0.09646954427330925
0.09646954427330925
0.09646954427330925
0.09646954427330925
0.09646954427330925
0.09646954427330925
0.09646954427330925
0.09646954427330925
0.09646954427330925
0.0965329276795335
0.0965329276795335
0.0965329276795335
0.0965329276795335
0.0965329276795335
0.0965329276795335
0.0965329276795335
0.0965329276795335
0.0965329276795335
0.09659631108575775
0.09659631108575775
0.096659694491982
0.096659694491982
0.096659694491982
0.096659694491982
0.096659694491982
0.096659694491982
0.096659694491982
0.096659694491982
0.096659694491982
0.096659694491982
0.09672307789820625
0.09672307789820625
0.09672307789820625
0.09672307789820625
0.09672307789820625
0.09672307789820625
0.09672307789820625
0.09672307789820625
0.09672307789820625
0.0967864613044305
0.0967864613044305
0.0967864613044305
0.0967864613044305
0.0967864613044305
0.09684984471065475
0.09684984471065475
0.09684984471065475
0.09684984471065475
0.09684984471065475
0.09684984471065475
0.09684984471065475
0.096913228116879
0.09697661152310325
0.09697661152310325
0.09697661152310325
0.09697661152310325
0.09697661152310325
0.09697661152310325
0.09703999492932751
0.09703999492932751
0.09703999492932751
0.09703999492932751
0.09703999492932751
0.09703999492932751
0.09703999492932751
0.09703999492932751
0.09703999492932751
0.09710337833555176
0.09710337833555176
0.09710337833555176
0.09710337833555176
0.09710337833555176
0.09710337833555176
0.09710337833555176
0.09710337833555176
0.09710337833555176
0.09710337833555176
0.09710337833555176
0.09710337833555176
0.09710337833555176
0.09710337833555176
0.09710337833555176
0.09710337833555176
0.09710337833555176
0.09710337833555176
0.097166761741776
0.097166761741776
0.097166761741776
0.097166761741776
0.097166761741776
0.097166761741776
0.097166761741776
0.097166761741776
0.097166761741776
0.097166761741776
0.097166761741776
0.09723014514800025
0.09723014514800025
0.09723014514800025
0.09723014514800025
0.09723014514800025
0.09723014514800025
0.09723014514800025
0.09723014514800025
0.0972935285542245
0.0972935285542245
0.09735691196044875
0.097420295366673
0.097420295366673
0.097420295366673
0.09748367877289725
0.09748367877289725
0.09748367877289725
0.09748367877289725
0.09748367877289725
0.09748367877289725
0.09748367877289725
0.09748367877289725
0.09748367877289725
0.09748367877289725
0.09748367877289725
0.0975470621791215
0.0975470621791215
0.0975470621791215
0.09761044558534576
0.09761044558534576
0.09761044558534576
0.09761044558534576
0.09761044558534576
0.09761044558534576
0.09761044558534576
0.09761044558534576
0.09761044558534576
0.09761044558534576
0.09767382899157001
0.09767382899157001
0.09767382899157001
0.09773721239779426
0.09773721239779426
0.09773721239779426
0.09773721239779426
0.09773721239779426
0.09773721239779426
0.09773721239779426
0.09773721239779426
0.09773721239779426
0.09773721239779426
0.09773721239779426
0.09773721239779426
0.09773721239779426
0.09773721239779426
0.09773721239779426
0.09773721239779426
0.09773721239779426
0.09773721239779426
0.09773721239779426
0.09773721239779426
0.09780059580401851
0.09780059580401851
0.09780059580401851
0.09780059580401851
0.09780059580401851
0.09780059580401851
0.09780059580401851
0.09780059580401851
0.09780059580401851
0.09780059580401851
0.09780059580401851
0.09780059580401851
0.09780059580401851
0.09780059580401851
0.09786397921024276
0.09786397921024276
0.09786397921024276
0.09786397921024276
0.09786397921024276
0.09786397921024276
0.09786397921024276
0.09786397921024276
0.09786397921024276
0.09786397921024276
0.09786397921024276
0.09786397921024276
0.09786397921024276
0.09786397921024276
0.09786397921024276
0.09786397921024276
0.09786397921024276
0.09786397921024276
0.09786397921024276
0.09786397921024276
0.09786397921024276
0.09786397921024276
0.09786397921024276
0.09786397921024276
0.09786397921024276
0.09786397921024276
0.09786397921024276
0.09786397921024276
0.09786397921024276
0.097927362616467
0.097927362616467
0.097927362616467
0.097927362616467
0.097927362616467
0.097927362616467
0.097927362616467
0.097927362616467
0.097927362616467
0.097927362616467
0.097927362616467
0.097927362616467
0.09799074602269126
0.09799074602269126
0.0980541294289155
0.0980541294289155
0.0980541294289155
0.0980541294289155
0.0980541294289155
0.0980541294289155
0.0980541294289155
0.0980541294289155
0.0980541294289155
0.0980541294289155
0.0980541294289155
0.0980541294289155
0.0980541294289155
0.0980541294289155
0.0980541294289155
0.0980541294289155
0.0980541294289155
0.0980541294289155
0.0980541294289155
0.0980541294289155
0.0980541294289155
0.0980541294289155
0.09811751283513977
0.09811751283513977
0.09811751283513977
0.09811751283513977
0.09811751283513977
0.09811751283513977
0.09811751283513977
0.09824427964758826
0.09824427964758826
0.09824427964758826
0.09824427964758826
0.09824427964758826
0.09824427964758826
0.09824427964758826
