0.012232997401280345
0.0194587057108449
0.025416745895924447
0.027698548519997465
0.030487418393864485
0.03314952145528301
0.03549470748558028
0.03783989351587754
0.03929771185903531
0.04069214679596882
0.04208658173290233
0.04259364898269633
0.043607783482284335
0.0444317677631996
0.04512898523166635
0.045889586106357357
0.04639665335615136
0.047284021043290866
0.047981238511757625
0.04861507257400013
0.04950244026113963
0.05000950751093364
0.05057995816695189
0.051150408822970145
0.051467325854091396
0.05165747607276415
0.0519743931038854
0.052544843759903655
0.05324206122837041
0.053495594853267416
0.05381251188438867
0.05400266210306142
0.05419281232173417
0.05444634594663117
0.05469987957152817
0.05508018000887368
0.055270330227546426
0.05546048044621918
0.05577739747734043
0.055967547696013184
0.05615769791468594
0.056284464727134435
0.05647461494580719
0.05666476516447994
0.05691829878937694
0.05710844900804969
0.0574887494453952
0.0574887494453952
0.057615516257843696
0.05805920010141345
0.05843950053875895
0.05894656778855296
0.05920010141344996
0.05939025163212271
0.05989731888191671
0.06021423591303797
0.06046776953793497
0.06078468656905622
0.061038220193953226
0.06135513722507448
0.061798821068644226
0.06186220447486848
0.06224250491221398
0.062432655130886736
0.06274957216200798
0.06306648919312924
0.06332002281802625
0.06357355644292324
0.06382709006782024
0.06427077391139
0.06446092413006276
0.0646510743487355
0.06503137478608101
0.06522152500475376
0.06553844203587501
0.06572859225454776
0.06610889269189327
0.06623565950434177
0.06648919312923876
0.06667934334791152
0.06674272675413577
0.06705964378525701
0.06737656081637827
0.06756671103505102
0.06788362806617228
0.06813716169106927
0.06826392850351778
0.06839069531596628
0.06851746212841478
0.06858084553463903
0.06864422894086328
0.06883437915953604
0.06889776256576029
0.06896114597198454
0.06915129619065728
0.06934144640933004
0.06940482981555429
0.06953159662800279
0.06953159662800279
0.06959498003422704
0.06978513025289979
0.06984851365912405
0.06997528047157255
0.0700386638777968
0.07029219750269379
0.07060911453381505
0.0707992647524878
0.07098941497116056
0.0710527983773848
0.07111618178360905
0.0711795651898333
0.07149648222095456
0.07175001584585156
0.0718133992520758
0.0719401660645243
0.0719401660645243
0.0719401660645243
0.07213031628319706
0.07232046650186981
0.07263738353299107
0.07282753375166381
0.07289091715788806
0.07308106737656081
0.07339798440768207
0.07371490143880333
0.07390505165747607
0.07390505165747607
0.07390505165747607
0.07396843506370032
0.07403181846992457
0.07409520187614882
0.07415858528237307
0.07422196868859733
0.07441211890727008
0.07460226912594282
0.07472903593839134
0.07491918615706408
0.07517271978196108
0.07536287000063384
0.07555302021930659
0.07561640362553083
0.07567978703175508
0.07567978703175508
0.07586993725042784
0.07599670406287634
0.07606008746910059
0.07625023768777334
0.07631362109399759
0.0764403879064461
0.07650377131267035
0.0765671547188946
0.07688407175001584
0.0770742219686886
0.0770742219686886
0.07726437218736135
0.07739113899980984
0.07739113899980984
0.07739113899980984
0.07751790581225836
0.07777143943715535
0.07789820624960385
0.0779615896558281
0.07802497306205236
0.07802497306205236
0.07808835646827661
0.07827850668694936
0.0783418900931736
0.07853204031184635
0.07853204031184635
0.07859542371807061
0.07859542371807061
0.07859542371807061
0.07859542371807061
0.07872219053051911
0.07872219053051911
0.07878557393674336
0.07884895734296761
0.07897572415541611
0.07910249096786462
0.07922925778031312
0.07960955821765861
0.07960955821765861
0.07973632503010712
0.07986309184255562
0.08005324206122837
0.08011662546745262
0.08011662546745262
0.08018000887367688
0.08030677568612538
0.08049692590479812
0.08062369271724662
0.08075045952969513
0.08087722634214363
0.08094060974836788
0.08100399315459213
0.08119414337326487
0.08125752677948914
0.08138429359193763
0.08144767699816188
0.08151106040438613
0.08157444381061038
0.08176459402928313
0.08195474424795589
0.08195474424795589
0.08220827787285288
0.08220827787285288
0.08220827787285288
0.08227166127907713
0.08227166127907713
0.08246181149774989
0.08252519490397414
0.08271534512264689
0.08290549534131965
0.08290549534131965
0.08290549534131965
0.0829688787475439
0.08303226215376815
0.0832224123724409
0.08334917918488939
0.08353932940356215
0.08353932940356215
0.08366609621601065
0.08379286302845915
0.08398301324713191
0.08404639665335616
0.0841097800595804
0.08417316346580465
0.08429993027825315
0.0844900804969259
0.0844900804969259
0.08455346390315016
0.08461684730937441
0.08474361412182291
0.08480699752804716
0.0848703809342714
0.0848703809342714
0.0848703809342714
0.0849971477467199
0.08506053115294417
0.08512391455916841
0.08512391455916841
0.08525068137161691
0.08525068137161691
0.08525068137161691
0.08531406477784116
0.08537744818406541
0.08544083159028966
0.08550421499651391
0.08550421499651391
0.08556759840273816
0.08569436521518667
0.08575774862141092
0.08575774862141092
0.08582113202763517
0.08588451543385942
0.08613804905875641
0.08632819927742917
0.08632819927742917
0.08639158268365342
0.08645496608987767
0.08658173290232617
0.08658173290232617
0.08677188312099893
0.08683526652722318
0.08689864993344742
0.08696203333967167
0.08696203333967167
0.08696203333967167
0.08702541674589592
0.08715218355834442
0.08727895037079293
0.08727895037079293
0.08740571718324143
0.08740571718324143
0.08740571718324143
0.08746910058946568
0.08753248399568993
0.08753248399568993
0.08753248399568993
0.08753248399568993
0.08753248399568993
0.08753248399568993
0.08765925080813843
0.08765925080813843
0.08765925080813843
0.08765925080813843
0.08772263421436267
0.08778601762058694
0.08778601762058694
0.08778601762058694
0.08784940102681119
0.08791278443303543
0.08791278443303543
0.08791278443303543
0.08791278443303543
0.08797616783925968
0.08797616783925968
0.08797616783925968
0.08803955124548393
0.08816631805793243
0.08816631805793243
0.08822970146415668
0.08835646827660519
0.08841985168282944
0.08848323508905369
0.08848323508905369
0.08848323508905369
0.08854661849527794
0.08854661849527794
0.08854661849527794
0.08854661849527794
0.08854661849527794
0.08861000190150219
0.08867338530772644
0.08867338530772644
0.08880015212017493
0.08880015212017493
0.0889903023388477
0.0889903023388477
0.08905368574507194
0.08905368574507194
0.08905368574507194
0.08905368574507194
0.08905368574507194
0.08905368574507194
0.08924383596374469
0.08930721936996894
0.08930721936996894
0.08930721936996894
0.08937060277619319
0.08937060277619319
0.08937060277619319
0.08943398618241745
0.0894973695886417
0.08956075299486595
0.08956075299486595
0.0896241364010902
0.08981428661976294
0.08994105343221144
0.08994105343221144
0.08994105343221144
0.0901312036508842
0.0901312036508842
0.0901312036508842
0.0901312036508842
0.09019458705710845
0.0902579704633327
0.0902579704633327
0.0902579704633327
0.09032135386955695
0.0903847372757812
0.09044812068200545
0.09051150408822971
0.09057488749445396
0.0906382709006782
0.0906382709006782
0.0906382709006782
0.09070165430690245
0.09070165430690245
0.09070165430690245
0.09070165430690245
0.09070165430690245
0.0907650377131267
0.09082842111935095
0.09082842111935095
0.0908918045255752
0.09108195474424796
0.09108195474424796
0.09108195474424796
0.09108195474424796
0.09114533815047221
0.09114533815047221
0.09114533815047221
0.09114533815047221
0.09114533815047221
0.09114533815047221
0.09120872155669646
0.09127210496292071
0.09133548836914496
0.09133548836914496
0.0913988717753692
0.0915256385878177
0.0915256385878177
0.0915256385878177
0.09165240540026622
0.09171578880649046
0.09171578880649046
0.09171578880649046
0.09184255561893896
0.09184255561893896
0.09190593902516321
0.09196932243138746
0.09203270583761171
0.09203270583761171
0.09203270583761171
0.09203270583761171
0.09215947265006022
0.09215947265006022
0.09215947265006022
0.09215947265006022
0.09215947265006022
0.09222285605628447
0.09222285605628447
0.09222285605628447
0.09241300627495722
0.09241300627495722
0.09241300627495722
0.09241300627495722
0.09247638968118146
0.09253977308740571
0.09253977308740571
0.09253977308740571
0.09253977308740571
0.09266653989985423
0.09266653989985423
0.09298345693097547
0.09298345693097547
0.09298345693097547
0.09298345693097547
0.09298345693097547
0.09304684033719972
0.09311022374342397
0.09317360714964822
0.09330037396209673
0.09330037396209673
0.09330037396209673
0.09330037396209673
0.09342714077454523
0.09349052418076947
0.09349052418076947
0.09355390758699372
0.09355390758699372
0.09355390758699372
0.09361729099321797
0.09361729099321797
0.09368067439944222
0.09380744121189073
0.09380744121189073
0.09387082461811498
0.09399759143056348
0.09406097483678773
0.09406097483678773
0.09406097483678773
0.09406097483678773
0.09406097483678773
0.09406097483678773
0.09406097483678773
0.09406097483678773
0.09406097483678773
0.09412435824301198
0.09412435824301198
0.09412435824301198
0.09418774164923623
0.09418774164923623
0.09418774164923623
0.09418774164923623
0.09425112505546047
0.09437789186790899
0.09450465868035748
0.09450465868035748
0.09456804208658173
0.09456804208658173
0.09456804208658173
0.09456804208658173
0.09456804208658173
0.09456804208658173
0.09456804208658173
0.09456804208658173
0.09456804208658173
0.09469480889903023
0.09475819230525448
0.09475819230525448
0.09475819230525448
0.09475819230525448
0.09475819230525448
0.09475819230525448
0.09475819230525448
0.09482157571147873
0.09482157571147873
0.09482157571147873
0.09488495911770299
0.09488495911770299
0.09488495911770299
0.09488495911770299
0.09494834252392724
0.09494834252392724
0.09494834252392724
0.09494834252392724
0.09494834252392724
0.09494834252392724
0.09501172593015149
0.09501172593015149
0.09501172593015149
0.09501172593015149
0.09507510933637574
0.09507510933637574
0.09513849274259999
0.09520187614882424
0.09520187614882424
0.09520187614882424
0.09520187614882424
0.09520187614882424
0.09526525955504848
0.09526525955504848
0.09526525955504848
0.09526525955504848
0.09526525955504848
0.09526525955504848
0.09526525955504848
0.09526525955504848
0.09526525955504848
0.09526525955504848
0.09526525955504848
0.09532864296127273
0.095392026367497
0.09545540977372124
0.09545540977372124
0.09545540977372124
0.09558217658616974
0.09558217658616974
0.09558217658616974
0.09558217658616974
0.09558217658616974
0.09558217658616974
0.09570894339861824
0.09577232680484249
0.09577232680484249
0.09583571021106674
0.09583571021106674
0.09583571021106674
0.09583571021106674
0.09583571021106674
0.09583571021106674
0.09583571021106674
0.09583571021106674
0.09589909361729099
0.09589909361729099
0.09589909361729099
0.09589909361729099
0.09589909361729099
0.09608924383596375
0.09608924383596375
0.09608924383596375
0.09608924383596375
0.09608924383596375
0.09608924383596375
0.09608924383596375
0.09608924383596375
0.09608924383596375
0.09608924383596375
0.096152627242188
0.096152627242188
0.09621601064841225
0.0962793940546365
0.0962793940546365
0.0962793940546365
0.0962793940546365
0.0962793940546365
0.09634277746086074
0.09640616086708499
0.09646954427330925
0.0965329276795335
0.0965329276795335
0.09659631108575775
0.09659631108575775
0.096659694491982
0.096659694491982
0.096659694491982
0.0967864613044305
0.0967864613044305
0.0967864613044305
0.0967864613044305
0.09684984471065475
0.09684984471065475
0.096913228116879
0.096913228116879
0.096913228116879
0.096913228116879
0.09697661152310325
0.09703999492932751
0.09703999492932751
0.09703999492932751
0.09703999492932751
0.097166761741776
0.097166761741776
0.097166761741776
0.09723014514800025
0.0972935285542245
0.0972935285542245
0.0972935285542245
0.0972935285542245
0.09735691196044875
0.097420295366673
0.09748367877289725
0.09748367877289725
0.09748367877289725
0.09761044558534576
0.09761044558534576
0.09761044558534576
0.09761044558534576
0.09761044558534576
0.09767382899157001
0.09767382899157001
0.09773721239779426
0.09773721239779426
0.09773721239779426
0.09773721239779426
0.09773721239779426
0.09773721239779426
0.09773721239779426
0.09773721239779426
0.09773721239779426
0.09773721239779426
0.09773721239779426
0.09780059580401851
0.09786397921024276
0.09786397921024276
0.09786397921024276
0.09799074602269126
0.0980541294289155
0.0980541294289155
0.0980541294289155
0.09811751283513977
0.09811751283513977
0.09811751283513977
0.09811751283513977
0.09818089624136402
0.09818089624136402
0.09818089624136402
0.09818089624136402
0.09818089624136402
0.09824427964758826
0.09824427964758826
0.09824427964758826
0.09824427964758826
0.09824427964758826
0.09824427964758826
0.09824427964758826
0.09830766305381251
0.09830766305381251
0.09830766305381251
0.09830766305381251
0.09837104646003676
0.09843442986626101
0.09843442986626101
0.09843442986626101
0.09843442986626101
0.09843442986626101
0.09843442986626101
0.09849781327248526
0.09849781327248526
0.09849781327248526
0.09849781327248526
0.09849781327248526
0.09849781327248526
0.09849781327248526
0.09849781327248526
0.09849781327248526
0.09849781327248526
0.09849781327248526
0.09849781327248526
0.09849781327248526
0.09849781327248526
0.09849781327248526
0.09849781327248526
0.09849781327248526
0.09856119667870951
0.09856119667870951
0.09862458008493376
0.09868796349115802
0.09868796349115802
0.09868796349115802
0.09868796349115802
0.09868796349115802
0.09868796349115802
0.09868796349115802
0.09875134689738227
0.09875134689738227
0.09875134689738227
0.09875134689738227
0.09875134689738227
0.09875134689738227
0.09881473030360652
0.09881473030360652
0.09881473030360652
0.09881473030360652
0.09881473030360652
0.09881473030360652
0.09881473030360652
0.09881473030360652
0.09887811370983077
0.09887811370983077
0.09887811370983077
0.09887811370983077
0.09887811370983077
0.09894149711605502
0.09894149711605502
0.09894149711605502
0.09894149711605502
0.09894149711605502
0.09894149711605502
0.09894149711605502
0.09900488052227926
0.09906826392850351
0.09906826392850351
0.09906826392850351
0.09906826392850351
0.09906826392850351
0.09913164733472776
0.09913164733472776
0.09913164733472776
0.09913164733472776
0.09913164733472776
0.09913164733472776
0.09913164733472776
0.09913164733472776
0.09913164733472776
0.09913164733472776
0.09919503074095203
0.09919503074095203
0.09919503074095203
0.09919503074095203
0.09919503074095203
0.09925841414717627
0.09925841414717627
0.09925841414717627
0.09925841414717627
0.09925841414717627
0.09925841414717627
0.09925841414717627
0.09925841414717627
0.09925841414717627
0.09925841414717627
0.09925841414717627
0.09925841414717627
0.09925841414717627
0.09925841414717627
0.09925841414717627
0.09925841414717627
0.09932179755340052
0.09938518095962477
0.09938518095962477
0.09938518095962477
0.09951194777207327
0.09951194777207327
0.09951194777207327
0.09951194777207327
0.09951194777207327
0.09951194777207327
0.09951194777207327
0.09951194777207327
0.09951194777207327
0.09957533117829752
0.09963871458452177
0.09963871458452177
0.09963871458452177
0.09963871458452177
0.09970209799074602
0.09982886480319453
0.09982886480319453
0.09995563161564303
0.10001901502186727
0.10001901502186727
0.10001901502186727
0.10001901502186727
0.10008239842809152
0.10008239842809152
0.10008239842809152
0.10008239842809152
0.10008239842809152
0.10014578183431577
0.10014578183431577
0.10020916524054002
0.10020916524054002
0.10020916524054002
0.10020916524054002
0.10020916524054002
0.10020916524054002
0.10033593205298853
0.10033593205298853
0.10033593205298853
0.10033593205298853
0.10033593205298853
0.10033593205298853
0.10033593205298853
0.10033593205298853
0.10033593205298853
0.10033593205298853
0.10039931545921278
0.10039931545921278
0.10039931545921278
0.10039931545921278
0.10039931545921278
0.10046269886543703
0.10046269886543703
0.10046269886543703
0.10046269886543703
0.10046269886543703
0.10052608227166128
0.10058946567788553
0.10058946567788553
0.10065284908410978
0.10065284908410978
0.10065284908410978
0.10065284908410978
0.10065284908410978
0.10065284908410978
0.10065284908410978
0.10065284908410978
0.10065284908410978
0.10065284908410978
0.10071623249033403
0.10071623249033403
0.10077961589655828
0.10077961589655828
0.10077961589655828
0.10077961589655828
0.10077961589655828
0.10077961589655828
0.10077961589655828
0.10077961589655828
0.10084299930278254
0.10084299930278254
0.10090638270900679
0.10090638270900679
0.10096976611523104
0.10096976611523104
0.10096976611523104
0.10096976611523104
0.10096976611523104
0.10096976611523104
0.10096976611523104
0.10103314952145528
0.10103314952145528
0.10103314952145528
0.10109653292767953
0.10109653292767953
0.10109653292767953
0.10109653292767953
0.10109653292767953
0.10109653292767953
0.10122329974012803
0.10122329974012803
0.10122329974012803
0.10122329974012803
0.10122329974012803
0.10122329974012803
0.10122329974012803
0.10122329974012803
0.10128668314635228
0.10128668314635228
0.10135006655257653
0.10135006655257653
0.10141344995880079
0.10141344995880079
0.10141344995880079
0.10141344995880079
0.10160360017747354
0.10166698358369779
0.10166698358369779
0.10173036698992204
0.10179375039614628
0.10179375039614628
0.10185713380237053
0.10185713380237053
0.10185713380237053
0.1019205172085948
0.10198390061481905
0.10198390061481905
0.10198390061481905
0.10198390061481905
0.10198390061481905
0.10198390061481905
0.10198390061481905
0.10198390061481905
0.10198390061481905
0.10198390061481905
0.10198390061481905
0.10198390061481905
0.10198390061481905
0.10198390061481905
0.1020472840210433
0.1020472840210433
0.1020472840210433
0.10211066742726754
0.10211066742726754
0.10211066742726754
0.10211066742726754
0.10217405083349179
0.10217405083349179
0.10217405083349179
0.10223743423971604
0.10223743423971604
0.10223743423971604
0.10223743423971604
0.10223743423971604
0.10223743423971604
0.10230081764594029
0.10230081764594029
0.10230081764594029
0.10230081764594029
0.10230081764594029
0.10236420105216454
0.10242758445838879
0.10242758445838879
0.10249096786461305
0.10249096786461305
0.10249096786461305
0.10249096786461305
0.10249096786461305
0.10249096786461305
0.10249096786461305
0.1025543512708373
0.1025543512708373
0.10261773467706155
0.1026811180832858
0.1026811180832858
0.10274450148951005
0.10274450148951005
0.1028078848957343
0.1028078848957343
0.1028078848957343
0.10287126830195854
0.10293465170818279
0.10293465170818279
0.10293465170818279
0.10293465170818279
0.10293465170818279
0.10293465170818279
0.10293465170818279
0.10299803511440705
0.10299803511440705
0.10299803511440705
0.10299803511440705
0.10299803511440705
0.10299803511440705
0.10299803511440705
0.10299803511440705
0.10299803511440705
0.10299803511440705
0.10299803511440705
0.1030614185206313
0.1030614185206313
0.1030614185206313
0.10312480192685555
0.10312480192685555
0.10312480192685555
0.10312480192685555
0.1031881853330798
0.1031881853330798
0.10325156873930405
0.10325156873930405
0.10325156873930405
0.1033149521455283
0.1033149521455283
0.1033149521455283
0.1033149521455283
0.1033149521455283
0.1033149521455283
0.1033149521455283
0.1033149521455283
0.1033149521455283
0.1033149521455283
0.1033149521455283
0.1033149521455283
0.10337833555175255
0.10337833555175255
0.10337833555175255
0.10337833555175255
0.10337833555175255
0.10337833555175255
0.10337833555175255
0.10337833555175255
0.10337833555175255
0.1034417189579768
0.1034417189579768
0.10350510236420105
0.10350510236420105
0.10350510236420105
0.10350510236420105
0.10350510236420105
0.10350510236420105
0.10350510236420105
0.10350510236420105
0.10350510236420105
0.10350510236420105
0.10350510236420105
0.10350510236420105
0.10350510236420105
0.10350510236420105
0.10350510236420105
0.10350510236420105
0.10356848577042531
0.10356848577042531
0.10363186917664956
0.10363186917664956
0.10375863598909806
0.10375863598909806
0.1038220193953223
0.10388540280154655
0.10388540280154655
