0.0020282689991760155
0.00919059390251632
0.010521645433225582
0.012423147619953097
0.019078405273499396
0.02700133105153071
0.030550801800088737
0.032388920580592
0.032895987830386005
0.03454395639221652
0.03473410661088927
0.03574824111047728
0.03733282626608354
0.03929771185903531
0.041135830639538566
0.043164099638714586
0.04411485073207834
0.04474868479432085
0.045572669075236105
0.04626988654370286
0.04671357038727261
0.04684033719972111
0.047284021043290866
0.04791785510553337
0.04810800532420612
0.048424922355327374
0.04861507257400013
0.04905875641756988
0.04918552323001838
0.04924890663624263
0.049439056854915384
0.049755973886036635
0.05000950751093364
0.05051657476072764
0.050833491791848893
0.05127717563541865
0.05153070926031565
0.0519743931038854
0.052544843759903655
0.05324206122837041
0.05406604550928567
0.05463649616530392
0.05508018000887368
0.055587247258667684
0.056284464727134435
0.05653799835203144
0.05685491538315269
0.05755213285161945
0.05805920010141345
0.05843950053875895
0.05894656778855296
0.05932686822589846
0.059770552069468214
0.05996070228814097
0.06084806997528047
0.06135513722507448
0.061545287443747224
0.06160867084997148
0.06186220447486848
0.06192558788109273
0.06198897128731698
0.06198897128731698
0.06230588831843823
0.06287633897445649
0.06312987259935349
0.06332002281802625
0.06344678963047475
0.06376370666159599
0.0641440070989415
0.06446092413006276
0.06496799137985676
0.065284908410978
0.06566520884832351
0.0659187424732205
0.06623565950434177
0.06655257653546301
0.06699626037903277
0.06731317741015402
0.06756671103505102
0.06801039487862078
0.06820054509729352
0.06845407872219053
0.06870761234708753
0.06927806300310578
0.06959498003422704
0.07010204728402104
0.07048234772136655
0.0713063320022818
0.07175001584585156
0.07200354947074855
0.07251061672054256
0.07270076693921532
0.07295430056411231
0.07320783418900932
0.07346136781390632
0.07358813462635481
0.07390505165747607
0.07403181846992457
0.07415858528237307
0.07434873550104583
0.07453888571971858
0.07460226912594282
0.07460226912594282
0.07466565253216707
0.07485580275083983
0.07498256956328833
0.07504595296951258
0.07567978703175508
0.07580655384420358
0.07606008746910059
0.07618685428154909
0.07637700450022185
0.07650377131267035
0.07650377131267035
0.07650377131267035
0.0765671547188946
0.0765671547188946
0.0765671547188946
0.07663053812511884
0.07663053812511884
0.07675730493756734
0.07682068834379159
0.0769474551562401
0.07701083856246435
0.07713760537491285
0.0772009887811371
0.0772009887811371
0.07726437218736135
0.07739113899980984
0.0775812892184826
0.0777080560309311
0.0777080560309311
0.0777080560309311
0.07802497306205236
0.07815173987450086
0.07853204031184635
0.07878557393674336
0.07878557393674336
0.07878557393674336
0.07878557393674336
0.07878557393674336
0.07878557393674336
0.07884895734296761
0.07891234074919186
0.07897572415541611
0.07897572415541611
0.07903910756164036
0.07903910756164036
0.07916587437408887
0.07916587437408887
0.07922925778031312
0.07929264118653737
0.07935602459276161
0.07941940799898586
0.07948279140521011
0.07967294162388287
0.07998985865500412
0.08011662546745262
0.08018000887367688
0.08056030931102237
0.08062369271724662
0.08068707612347087
0.08075045952969513
0.08094060974836788
0.08100399315459213
0.08113075996704062
0.08113075996704062
0.08113075996704062
0.08113075996704062
0.08113075996704062
0.08113075996704062
0.08113075996704062
0.08119414337326487
0.08132091018571339
0.08132091018571339
0.08138429359193763
0.08144767699816188
0.08151106040438613
0.08151106040438613
0.08151106040438613
0.08157444381061038
0.08157444381061038
0.08157444381061038
0.08163782721683463
0.08163782721683463
0.08170121062305888
0.08176459402928313
0.08182797743550739
0.08189136084173164
0.08195474424795589
0.08195474424795589
0.08195474424795589
0.08195474424795589
0.08208151106040439
0.08208151106040439
0.08208151106040439
0.08214489446662863
0.08220827787285288
0.08220827787285288
0.08220827787285288
0.08227166127907713
0.08227166127907713
0.08227166127907713
0.08227166127907713
0.08227166127907713
0.08233504468530138
0.08233504468530138
0.08233504468530138
0.08233504468530138
0.08233504468530138
0.08239842809152564
0.08246181149774989
0.08246181149774989
0.08246181149774989
0.08265196171642264
0.08265196171642264
0.08271534512264689
0.08277872852887114
0.08284211193509539
0.08284211193509539
0.08284211193509539
0.08284211193509539
0.08290549534131965
0.08290549534131965
0.08290549534131965
0.0829688787475439
0.0830956455599924
0.0830956455599924
0.0830956455599924
0.08315902896621664
0.08328579577866514
0.08328579577866514
0.08341256259111364
0.0834759459973379
0.0834759459973379
0.08353932940356215
0.08353932940356215
0.08353932940356215
0.08353932940356215
0.08353932940356215
0.08353932940356215
0.08353932940356215
0.08353932940356215
0.0836027128097864
0.08366609621601065
0.08366609621601065
0.0837294796222349
0.08391962984090764
0.08391962984090764
0.08398301324713191
0.08398301324713191
0.0841097800595804
0.08417316346580465
0.0842365468720289
0.0842365468720289
0.0842365468720289
0.08429993027825315
0.08429993027825315
0.08429993027825315
0.0843633136844774
0.0843633136844774
0.08442669709070165
0.08442669709070165
0.08442669709070165
0.08455346390315016
0.08461684730937441
0.08461684730937441
0.08461684730937441
0.08461684730937441
0.08461684730937441
0.08474361412182291
0.08474361412182291
0.0848703809342714
0.0848703809342714
0.0848703809342714
0.0849971477467199
0.08506053115294417
0.08512391455916841
0.08525068137161691
0.08525068137161691
0.08537744818406541
0.08537744818406541
0.08544083159028966
0.08550421499651391
0.08550421499651391
0.08556759840273816
0.08556759840273816
0.08563098180896242
0.08563098180896242
0.08563098180896242
0.08563098180896242
0.08569436521518667
0.08569436521518667
0.08575774862141092
0.08575774862141092
0.08575774862141092
0.08575774862141092
0.08575774862141092
0.08575774862141092
0.08575774862141092
0.08582113202763517
0.08582113202763517
0.08582113202763517
0.08582113202763517
0.08582113202763517
0.08582113202763517
0.08588451543385942
0.08588451543385942
0.08588451543385942
0.08601128224630791
0.08601128224630791
0.08613804905875641
0.08613804905875641
0.08620143246498067
0.08626481587120492
0.08626481587120492
0.08626481587120492
0.08626481587120492
0.08639158268365342
0.08645496608987767
0.08651834949610192
0.08651834949610192
0.08651834949610192
0.08651834949610192
0.08651834949610192
0.08651834949610192
0.08651834949610192
0.08651834949610192
0.08651834949610192
0.08651834949610192
0.08651834949610192
0.08651834949610192
0.08651834949610192
0.08651834949610192
0.08658173290232617
0.08658173290232617
0.08658173290232617
0.08658173290232617
0.08670849971477468
0.08670849971477468
0.08670849971477468
0.08670849971477468
0.08677188312099893
0.08683526652722318
0.08696203333967167
0.08702541674589592
0.08702541674589592
0.08715218355834442
0.08721556696456867
0.08727895037079293
0.08740571718324143
0.08746910058946568
0.08746910058946568
0.08753248399568993
0.08759586740191418
0.08759586740191418
0.08759586740191418
0.08759586740191418
0.08765925080813843
0.08772263421436267
0.08778601762058694
0.08778601762058694
0.08784940102681119
0.08791278443303543
0.08797616783925968
0.08803955124548393
0.08803955124548393
0.08803955124548393
0.08816631805793243
0.08829308487038093
0.08841985168282944
0.08841985168282944
0.08841985168282944
0.08854661849527794
0.08854661849527794
0.08854661849527794
0.08854661849527794
0.08854661849527794
0.08861000190150219
0.08867338530772644
0.08867338530772644
0.08873676871395068
0.08873676871395068
0.0888635355263992
0.0888635355263992
0.08892691893262344
0.0889903023388477
0.0889903023388477
0.0889903023388477
0.0889903023388477
0.08905368574507194
0.08911706915129619
0.08911706915129619
0.08924383596374469
0.08924383596374469
0.08924383596374469
0.08924383596374469
0.08930721936996894
0.08937060277619319
0.08943398618241745
0.0894973695886417
0.08956075299486595
0.08968751980731444
0.08981428661976294
0.08987767002598719
0.08987767002598719
0.08994105343221144
0.0901312036508842
0.0901312036508842
0.0902579704633327
0.0903847372757812
0.0903847372757812
0.09044812068200545
0.09044812068200545
0.09044812068200545
0.09044812068200545
0.09057488749445396
0.09057488749445396
0.0906382709006782
0.0906382709006782
0.0906382709006782
0.0906382709006782
0.0906382709006782
0.0906382709006782
0.0906382709006782
0.09070165430690245
0.09070165430690245
0.09070165430690245
0.0907650377131267
0.0907650377131267
0.0908918045255752
0.0908918045255752
0.09095518793179945
0.09095518793179945
0.09095518793179945
0.09095518793179945
0.09095518793179945
0.0910185713380237
0.0910185713380237
0.0910185713380237
0.0910185713380237
0.0910185713380237
0.0910185713380237
0.09108195474424796
0.09108195474424796
0.09114533815047221
0.09114533815047221
0.09120872155669646
0.09120872155669646
0.09120872155669646
0.09120872155669646
0.09120872155669646
0.09120872155669646
0.09120872155669646
0.09120872155669646
0.09127210496292071
0.09127210496292071
0.09133548836914496
0.0913988717753692
0.09146225518159345
0.09146225518159345
0.09146225518159345
0.0915256385878177
0.0915256385878177
0.0915256385878177
0.0915256385878177
0.0915256385878177
0.0915256385878177
0.09158902199404197
0.09165240540026622
0.09165240540026622
0.09171578880649046
0.09171578880649046
0.09171578880649046
0.09171578880649046
0.09177917221271471
0.09177917221271471
0.09177917221271471
0.09177917221271471
0.09177917221271471
0.09177917221271471
0.09177917221271471
0.09184255561893896
0.09184255561893896
0.09184255561893896
0.09196932243138746
0.09203270583761171
0.09203270583761171
0.09209608924383596
0.09228623946250872
0.09241300627495722
0.09241300627495722
0.09247638968118146
0.09247638968118146
0.09253977308740571
0.09260315649362996
0.09260315649362996
0.09260315649362996
0.09266653989985423
0.09279330671230272
0.09285669011852697
0.09285669011852697
0.09285669011852697
0.09285669011852697
0.09285669011852697
0.09292007352475122
0.09304684033719972
0.09311022374342397
0.09317360714964822
0.09317360714964822
0.09330037396209673
0.09330037396209673
0.09330037396209673
0.09342714077454523
0.09349052418076947
0.09361729099321797
0.09374405780566647
0.09374405780566647
0.09374405780566647
0.09374405780566647
0.09393420802433923
0.09412435824301198
0.09412435824301198
0.09412435824301198
0.09418774164923623
0.09425112505546047
0.09431450846168474
0.09437789186790899
0.09437789186790899
0.09444127527413324
0.09463142549280598
0.09463142549280598
0.09469480889903023
0.09475819230525448
0.09482157571147873
0.09488495911770299
0.09488495911770299
0.09501172593015149
0.09501172593015149
0.09501172593015149
0.09507510933637574
0.09507510933637574
0.09513849274259999
0.09513849274259999
0.09526525955504848
0.09526525955504848
0.09526525955504848
0.09532864296127273
0.09545540977372124
0.0955187931799455
0.0955187931799455
0.0955187931799455
0.0955187931799455
0.0955187931799455
0.0955187931799455
0.0955187931799455
0.09558217658616974
0.09558217658616974
0.09558217658616974
0.09558217658616974
0.09558217658616974
0.09558217658616974
0.09558217658616974
0.09558217658616974
0.09558217658616974
0.09558217658616974
0.09558217658616974
0.09564555999239399
0.09564555999239399
0.09564555999239399
0.09564555999239399
0.09564555999239399
0.09564555999239399
0.09570894339861824
0.09570894339861824
0.09570894339861824
0.09577232680484249
0.09577232680484249
0.09577232680484249
0.09577232680484249
0.09577232680484249
0.09577232680484249
0.09577232680484249
0.09577232680484249
0.09577232680484249
0.09577232680484249
0.09577232680484249
0.09577232680484249
0.09577232680484249
0.09583571021106674
0.09583571021106674
0.09583571021106674
0.09583571021106674
0.09589909361729099
0.09596247702351525
0.09596247702351525
0.0960258604297395
0.0960258604297395
0.096152627242188
0.09621601064841225
0.0962793940546365
0.0962793940546365
0.09634277746086074
0.09634277746086074
0.09640616086708499
0.09640616086708499
0.09640616086708499
0.09646954427330925
0.09646954427330925
0.09646954427330925
0.0965329276795335
0.09659631108575775
0.096659694491982
0.096659694491982
0.096659694491982
0.096659694491982
0.096659694491982
0.09672307789820625
0.09672307789820625
0.09672307789820625
0.0967864613044305
0.09684984471065475
0.09684984471065475
0.09684984471065475
0.096913228116879
0.096913228116879
0.09697661152310325
0.09697661152310325
0.09697661152310325
0.09697661152310325
0.09697661152310325
0.09703999492932751
0.09710337833555176
0.097166761741776
0.097166761741776
0.097166761741776
0.09723014514800025
0.09723014514800025
0.09723014514800025
0.09723014514800025
0.09723014514800025
0.09723014514800025
0.09723014514800025
0.09723014514800025
0.09735691196044875
0.09735691196044875
0.097420295366673
0.097420295366673
0.09748367877289725
0.09748367877289725
0.09748367877289725
0.09748367877289725
0.09748367877289725
0.09761044558534576
0.09761044558534576
0.09761044558534576
0.09761044558534576
0.09761044558534576
0.09767382899157001
0.09767382899157001
0.09773721239779426
0.09773721239779426
0.09773721239779426
0.09773721239779426
0.09780059580401851
0.09780059580401851
0.09780059580401851
0.09780059580401851
0.09780059580401851
0.09786397921024276
0.09786397921024276
0.09786397921024276
0.097927362616467
0.097927362616467
0.097927362616467
0.097927362616467
0.097927362616467
0.097927362616467
0.097927362616467
0.097927362616467
0.097927362616467
0.097927362616467
0.097927362616467
0.097927362616467
0.097927362616467
0.097927362616467
0.097927362616467
0.097927362616467
0.097927362616467
0.097927362616467
0.097927362616467
0.097927362616467
0.097927362616467
0.097927362616467
0.097927362616467
0.097927362616467
0.097927362616467
0.097927362616467
0.09799074602269126
0.09799074602269126
0.0980541294289155
0.0980541294289155
0.0980541294289155
0.0980541294289155
0.0980541294289155
0.0980541294289155
0.0980541294289155
0.0980541294289155
0.0980541294289155
0.0980541294289155
0.0980541294289155
0.0980541294289155
0.0980541294289155
0.0980541294289155
0.0980541294289155
0.0980541294289155
0.0980541294289155
0.0980541294289155
0.0980541294289155
0.09811751283513977
0.09811751283513977
0.09811751283513977
0.09811751283513977
0.09811751283513977
0.09811751283513977
0.09811751283513977
0.09811751283513977
0.09811751283513977
0.09811751283513977
0.09811751283513977
0.09818089624136402
0.09818089624136402
0.09824427964758826
0.09824427964758826
0.09830766305381251
0.09837104646003676
0.09843442986626101
0.09856119667870951
0.09856119667870951
0.09862458008493376
0.09868796349115802
0.09868796349115802
0.09868796349115802
0.09875134689738227
0.09875134689738227
0.09875134689738227
0.09875134689738227
0.09875134689738227
0.09881473030360652
0.09881473030360652
0.09881473030360652
0.09887811370983077
0.09894149711605502
0.09894149711605502
0.09894149711605502
0.09900488052227926
0.09900488052227926
0.09900488052227926
0.09906826392850351
0.09906826392850351
0.09906826392850351
0.09906826392850351
0.09906826392850351
0.09906826392850351
0.09906826392850351
0.09906826392850351
0.09906826392850351
0.09906826392850351
0.09913164733472776
0.09913164733472776
0.09913164733472776
0.09913164733472776
0.09913164733472776
0.09913164733472776
0.09913164733472776
0.09913164733472776
0.09913164733472776
0.09913164733472776
0.09913164733472776
0.09913164733472776
0.09913164733472776
0.09913164733472776
0.09913164733472776
0.09913164733472776
0.09913164733472776
0.09913164733472776
0.09913164733472776
0.09913164733472776
0.09913164733472776
0.09913164733472776
0.09913164733472776
0.09913164733472776
0.09913164733472776
0.09913164733472776
0.09913164733472776
0.09913164733472776
0.09913164733472776
0.09913164733472776
0.09913164733472776
0.09913164733472776
0.09913164733472776
0.09913164733472776
0.09913164733472776
0.09913164733472776
0.09913164733472776
0.09913164733472776
0.09913164733472776
0.09913164733472776
0.09913164733472776
0.09913164733472776
0.09913164733472776
0.09913164733472776
0.09919503074095203
0.09919503074095203
0.09925841414717627
0.09925841414717627
0.09925841414717627
0.09925841414717627
0.09932179755340052
0.09932179755340052
0.09932179755340052
0.09932179755340052
0.09932179755340052
0.09932179755340052
0.09932179755340052
0.09932179755340052
0.09932179755340052
0.09938518095962477
0.09951194777207327
0.09951194777207327
0.09951194777207327
0.09951194777207327
0.09957533117829752
0.09957533117829752
0.09963871458452177
0.09970209799074602
0.09970209799074602
0.09970209799074602
0.09970209799074602
0.09976548139697028
0.09976548139697028
0.09982886480319453
0.09982886480319453
0.09982886480319453
0.09982886480319453
0.09982886480319453
0.09982886480319453
0.09982886480319453
0.09989224820941878
0.09989224820941878
0.09989224820941878
0.09989224820941878
0.09995563161564303
0.09995563161564303
0.09995563161564303
0.10001901502186727
0.10001901502186727
0.10001901502186727
0.10008239842809152
0.10008239842809152
0.10008239842809152
0.10008239842809152
0.10008239842809152
0.10008239842809152
0.10008239842809152
0.10008239842809152
0.10008239842809152
0.10008239842809152
0.10008239842809152
0.10020916524054002
0.10027254864676428
0.10027254864676428
0.10027254864676428
0.10027254864676428
0.10027254864676428
0.10027254864676428
0.10027254864676428
0.10027254864676428
0.10033593205298853
0.10033593205298853
0.10033593205298853
0.10033593205298853
0.10033593205298853
0.10033593205298853
0.10033593205298853
0.10033593205298853
0.10033593205298853
0.10033593205298853
0.10033593205298853
0.10033593205298853
0.10033593205298853
0.10033593205298853
0.10033593205298853
0.10033593205298853
0.10046269886543703
0.10046269886543703
0.10046269886543703
0.10046269886543703
0.10052608227166128
0.10065284908410978
0.10071623249033403
0.10071623249033403
0.10071623249033403
0.10071623249033403
0.10084299930278254
0.10090638270900679
0.10096976611523104
0.10103314952145528
0.10109653292767953
0.10109653292767953
0.10109653292767953
0.10109653292767953
0.10109653292767953
0.10109653292767953
0.10109653292767953
0.10109653292767953
0.10109653292767953
0.10109653292767953
0.10109653292767953
0.10109653292767953
0.10109653292767953
0.10109653292767953
0.10109653292767953
0.10109653292767953
0.10109653292767953
0.10109653292767953
0.10109653292767953
0.10122329974012803
0.10122329974012803
0.10122329974012803
0.10128668314635228
0.10128668314635228
0.10128668314635228
0.10128668314635228
0.10128668314635228
0.10128668314635228
0.10128668314635228
0.10128668314635228
0.10128668314635228
0.10128668314635228
0.10128668314635228
0.10128668314635228
0.10128668314635228
0.10128668314635228
0.10135006655257653
0.10135006655257653
0.10141344995880079
0.10141344995880079
0.10147683336502504
0.10147683336502504
0.10147683336502504
0.10147683336502504
0.10147683336502504
0.10147683336502504
0.10147683336502504
0.10147683336502504
0.10147683336502504
0.10147683336502504
0.10147683336502504
0.10147683336502504
0.10147683336502504
0.10147683336502504
0.10154021677124929
0.10154021677124929
0.10154021677124929
0.10154021677124929
0.10166698358369779
0.10166698358369779
0.10166698358369779
0.10166698358369779
0.10166698358369779
0.10166698358369779
0.10173036698992204
0.10179375039614628
0.10179375039614628
0.10179375039614628
0.10179375039614628
0.10179375039614628
0.10179375039614628
0.10179375039614628
0.10179375039614628
0.10179375039614628
0.10179375039614628
0.10179375039614628
0.10179375039614628
0.10179375039614628
0.10179375039614628
0.10179375039614628
0.10179375039614628
0.10179375039614628
0.10179375039614628
0.10179375039614628
0.10179375039614628
0.10179375039614628
0.10179375039614628
0.10179375039614628
0.10179375039614628
0.10179375039614628
0.10179375039614628
0.10179375039614628
