0.0
0.0
0.0
0.0
0.0
0.0
0.0
0.0
0.0
0.0
0.0
0.0
0.0
0.0
0.0
0.004056537998352031
0.004056537998352031
0.004056537998352031
0.004056537998352031
0.004056537998352031
0.004056537998352031
0.004056537998352031
0.004056537998352031
0.004056537998352031
0.004056537998352031
0.004056537998352031
0.004056537998352031
0.004056537998352031
0.004056537998352031
0.004056537998352031
0.004056537998352031
0.004056537998352031
0.004056537998352031
0.004056537998352031
0.004056537998352031
0.004056537998352031
0.004056537998352031
0.004056537998352031
0.004056537998352031
0.004056537998352031
0.004056537998352031
0.004056537998352031
0.004056537998352031
0.004056537998352031
0.004119921404576282
0.004119921404576282
0.0053242061228370415
0.0053242061228370415
0.0053242061228370415
0.0053242061228370415
0.0053242061228370415
0.0053242061228370415
0.0053242061228370415
0.0053242061228370415
0.0053242061228370415
0.0053242061228370415
0.0053242061228370415
0.0053242061228370415
0.0053242061228370415
0.0053242061228370415
0.0053242061228370415
0.0053242061228370415
0.0053242061228370415
0.005704506560182544
0.005704506560182544
0.005704506560182544
0.005704506560182544
0.005704506560182544
0.005704506560182544
0.005704506560182544
0.005704506560182544
0.005704506560182544
0.005704506560182544
0.005704506560182544
0.005704506560182544
0.005704506560182544
0.005704506560182544
0.005704506560182544
0.005704506560182544
0.005704506560182544
0.005704506560182544
0.005704506560182544
0.005704506560182544
0.005704506560182544
0.005704506560182544
0.005704506560182544
0.005704506560182544
0.005704506560182544
0.005704506560182544
0.005704506560182544
0.005704506560182544
0.005704506560182544
0.005704506560182544
0.005704506560182544
0.005704506560182544
0.005704506560182544
0.005704506560182544
0.005704506560182544
0.005704506560182544
0.005704506560182544
0.005704506560182544
0.006274957216200799
0.006274957216200799
0.006274957216200799
0.006274957216200799
0.006274957216200799
0.006274957216200799
0.006274957216200799
0.006274957216200799
0.006274957216200799
0.006274957216200799
0.006274957216200799
0.006274957216200799
0.006274957216200799
0.006274957216200799
0.006274957216200799
0.006274957216200799
0.006274957216200799
0.006274957216200799
0.006274957216200799
0.006274957216200799
0.006274957216200799
0.006274957216200799
0.006274957216200799
0.006274957216200799
0.006274957216200799
0.006274957216200799
0.006274957216200799
0.006274957216200799
0.006274957216200799
0.006274957216200799
0.006274957216200799
0.006274957216200799
0.006274957216200799
0.006274957216200799
0.006274957216200799
0.006274957216200799
0.006274957216200799
0.006274957216200799
0.006274957216200799
0.006274957216200799
0.006274957216200799
0.006274957216200799
0.006274957216200799
0.006274957216200799
0.006274957216200799
0.006274957216200799
0.006274957216200799
0.006274957216200799
0.006274957216200799
0.006274957216200799
0.006274957216200799
0.006274957216200799
0.006274957216200799
0.006274957216200799
0.006274957216200799
0.006274957216200799
0.006274957216200799
0.006274957216200799
0.006274957216200799
0.006274957216200799
0.006274957216200799
0.006274957216200799
0.006274957216200799
0.006274957216200799
0.006274957216200799
0.006274957216200799
0.006274957216200799
0.006274957216200799
0.006274957216200799
0.006274957216200799
0.006274957216200799
0.006274957216200799
0.006274957216200799
0.006274957216200799
0.006274957216200799
0.006274957216200799
0.006274957216200799
0.006274957216200799
0.006274957216200799
0.006274957216200799
0.006274957216200799
0.0063383406224250495
0.0063383406224250495
0.0063383406224250495
0.0063383406224250495
0.0063383406224250495
0.0063383406224250495
0.0063383406224250495
0.0063383406224250495
0.0063383406224250495
0.0063383406224250495
0.0063383406224250495
0.0063383406224250495
0.0063383406224250495
0.0063383406224250495
0.0063383406224250495
0.0063383406224250495
0.0063383406224250495
0.0063383406224250495
0.0063383406224250495
0.0063383406224250495
0.0063383406224250495
0.0063383406224250495
0.0063383406224250495
0.0063383406224250495
0.0063383406224250495
0.0063383406224250495
0.0063383406224250495
0.0063383406224250495
0.0063383406224250495
0.0063383406224250495
0.0063383406224250495
0.0063383406224250495
0.0063383406224250495
0.0063383406224250495
0.0063383406224250495
0.0063383406224250495
0.0063383406224250495
0.0063383406224250495
0.0063383406224250495
0.0063383406224250495
0.006401724028649299
0.006401724028649299
0.006401724028649299
0.006401724028649299
0.006655257653546302
0.006655257653546302
0.006655257653546302
0.006655257653546302
0.006655257653546302
0.006655257653546302
0.006655257653546302
0.006655257653546302
0.006655257653546302
0.006655257653546302
0.006655257653546302
0.006655257653546302
0.006655257653546302
0.006655257653546302
0.006655257653546302
0.006655257653546302
0.006655257653546302
0.006655257653546302
0.006655257653546302
0.006782024465994803
0.006782024465994803
0.006782024465994803
0.006782024465994803
0.006782024465994803
0.006782024465994803
0.006782024465994803
0.006782024465994803
0.006782024465994803
0.006782024465994803
0.006782024465994803
0.006782024465994803
0.006782024465994803
0.006782024465994803
0.006782024465994803
0.006782024465994803
0.006782024465994803
0.006782024465994803
0.006782024465994803
0.006782024465994803
0.006782024465994803
0.006782024465994803
0.006782024465994803
0.006782024465994803
0.006782024465994803
0.006782024465994803
0.006782024465994803
0.006782024465994803
0.006782024465994803
0.006782024465994803
0.006782024465994803
0.006782024465994803
0.006782024465994803
0.006782024465994803
0.006782024465994803
0.0068454078722190535
0.0068454078722190535
0.0068454078722190535
0.0068454078722190535
0.0068454078722190535
0.0068454078722190535
0.0068454078722190535
0.0068454078722190535
0.0068454078722190535
0.0068454078722190535
0.0068454078722190535
0.0068454078722190535
0.0068454078722190535
0.0068454078722190535
0.0068454078722190535
0.0068454078722190535
0.0068454078722190535
0.0068454078722190535
0.0068454078722190535
0.0068454078722190535
0.0068454078722190535
0.0068454078722190535
0.0068454078722190535
0.0068454078722190535
0.0068454078722190535
0.0068454078722190535
0.006908791278443303
0.006908791278443303
0.006908791278443303
0.006972174684667554
0.006972174684667554
0.006972174684667554
0.006972174684667554
0.006972174684667554
0.006972174684667554
0.006972174684667554
0.007225708309564556
0.007225708309564556
0.007225708309564556
0.007225708309564556
0.007225708309564556
0.007225708309564556
0.007225708309564556
0.007225708309564556
0.007225708309564556
0.007225708309564556
0.007225708309564556
0.007225708309564556
0.007225708309564556
0.007225708309564556
0.007225708309564556
0.007225708309564556
0.007225708309564556
0.007225708309564556
0.007225708309564556
0.007225708309564556
0.007225708309564556
0.007225708309564556
0.007225708309564556
0.007225708309564556
0.007225708309564556
0.007225708309564556
0.007225708309564556
0.007225708309564556
0.007225708309564556
0.007225708309564556
0.007225708309564556
0.007225708309564556
0.007225708309564556
0.007225708309564556
0.007225708309564556
0.007289091715788807
0.007289091715788807
0.007289091715788807
0.007289091715788807
0.007352475122013057
0.007352475122013057
0.007352475122013057
0.007352475122013057
0.007352475122013057
0.007352475122013057
0.007352475122013057
0.007352475122013057
0.007352475122013057
0.007352475122013057
0.007352475122013057
0.007352475122013057
0.007352475122013057
0.007352475122013057
0.007352475122013057
0.007352475122013057
0.007352475122013057
0.007352475122013057
0.007352475122013057
0.007352475122013057
0.007352475122013057
0.007352475122013057
0.007352475122013057
0.007352475122013057
0.007352475122013057
0.007352475122013057
0.007352475122013057
0.007352475122013057
0.007352475122013057
0.007352475122013057
0.007352475122013057
0.007352475122013057
0.007352475122013057
0.007352475122013057
0.007352475122013057
0.007352475122013057
0.007352475122013057
0.007352475122013057
0.007352475122013057
0.007352475122013057
0.007352475122013057
0.007352475122013057
0.007352475122013057
0.007352475122013057
0.007352475122013057
0.007352475122013057
0.007352475122013057
0.007352475122013057
0.007352475122013057
0.00766939215313431
0.00766939215313431
0.00766939215313431
0.00766939215313431
0.00766939215313431
0.00766939215313431
0.00766939215313431
0.00766939215313431
0.00766939215313431
0.00766939215313431
0.00766939215313431
0.00766939215313431
0.00766939215313431
0.00766939215313431
0.00766939215313431
0.00766939215313431
0.00766939215313431
0.00766939215313431
0.00766939215313431
0.00766939215313431
0.00766939215313431
0.00766939215313431
0.00766939215313431
0.00766939215313431
0.00766939215313431
0.00766939215313431
0.007796158965582811
0.007796158965582811
0.007796158965582811
0.007796158965582811
0.007796158965582811
0.007796158965582811
0.007796158965582811
0.007859542371807061
0.007859542371807061
0.007859542371807061
0.007859542371807061
0.007859542371807061
0.007859542371807061
0.007859542371807061
0.007859542371807061
0.007859542371807061
0.007859542371807061
0.007859542371807061
0.007859542371807061
0.007859542371807061
0.007859542371807061
0.007859542371807061
0.008493376434049566
0.008493376434049566
0.008493376434049566
0.008493376434049566
0.008493376434049566
0.008493376434049566
0.008493376434049566
0.008493376434049566
0.008493376434049566
0.008493376434049566
0.008493376434049566
0.008493376434049566
0.009824427964758827
0.010204728402104329
0.010204728402104329
0.010204728402104329
0.010204728402104329
0.010204728402104329
0.01039487862077708
0.01039487862077708
0.01039487862077708
0.011028712683019585
0.011028712683019585
0.011028712683019585
0.011028712683019585
0.011028712683019585
0.011028712683019585
0.011028712683019585
0.011218862901692337
0.011282246307916587
0.011282246307916587
0.011282246307916587
0.011282246307916587
0.011282246307916587
0.011282246307916587
0.011282246307916587
0.011282246307916587
0.011282246307916587
0.011282246307916587
0.011282246307916587
0.011282246307916587
0.011282246307916587
0.011282246307916587
0.011282246307916587
0.011282246307916587
0.011282246307916587
0.011282246307916587
0.011282246307916587
0.011282246307916587
0.011282246307916587
0.011282246307916587
0.011282246307916587
0.011282246307916587
0.011282246307916587
0.011282246307916587
0.011282246307916587
0.011345629714140838
0.011409013120365089
0.011409013120365089
0.011409013120365089
0.011409013120365089
0.011409013120365089
0.011409013120365089
0.011409013120365089
0.011409013120365089
0.011409013120365089
0.011409013120365089
0.011409013120365089
0.011409013120365089
0.011409013120365089
0.011409013120365089
0.011409013120365089
0.011409013120365089
0.011409013120365089
0.011409013120365089
0.011409013120365089
0.011409013120365089
0.011409013120365089
0.011409013120365089
0.011409013120365089
0.011409013120365089
0.011409013120365089
0.011409013120365089
0.011409013120365089
0.011409013120365089
0.011789313557710592
0.011789313557710592
0.011789313557710592
0.011789313557710592
0.011789313557710592
0.011789313557710592
0.011789313557710592
0.011789313557710592
0.011789313557710592
0.011789313557710592
0.011789313557710592
0.011789313557710592
0.011789313557710592
0.011789313557710592
0.011789313557710592
0.011789313557710592
0.011789313557710592
0.011789313557710592
0.011789313557710592
0.011789313557710592
0.011789313557710592
0.011789313557710592
0.011789313557710592
0.011789313557710592
0.011789313557710592
0.011789313557710592
0.011789313557710592
0.011789313557710592
0.011789313557710592
0.011789313557710592
0.011789313557710592
0.011789313557710592
0.011789313557710592
0.011789313557710592
0.011789313557710592
0.011789313557710592
0.011789313557710592
0.011789313557710592
0.011789313557710592
0.011789313557710592
0.011789313557710592
0.011789313557710592
0.012232997401280345
0.012232997401280345
0.012232997401280345
0.012296380807504595
0.012296380807504595
0.012296380807504595
0.012296380807504595
0.012296380807504595
0.012296380807504595
0.012296380807504595
0.012296380807504595
0.012296380807504595
0.012296380807504595
0.012296380807504595
0.012296380807504595
0.012296380807504595
0.012359764213728846
0.012359764213728846
0.012359764213728846
0.012359764213728846
0.012359764213728846
0.012359764213728846
0.012359764213728846
0.012359764213728846
0.012359764213728846
0.012359764213728846
0.012359764213728846
0.012359764213728846
0.012359764213728846
0.012359764213728846
0.012359764213728846
0.012359764213728846
0.012359764213728846
0.012359764213728846
0.012359764213728846
0.012359764213728846
0.012359764213728846
0.012359764213728846
0.012359764213728846
0.012359764213728846
0.012359764213728846
0.012359764213728846
0.012359764213728846
0.012359764213728846
0.012359764213728846
0.012359764213728846
0.012359764213728846
0.012359764213728846
0.012359764213728846
0.012359764213728846
0.012359764213728846
0.012359764213728846
0.012359764213728846
0.012359764213728846
0.012359764213728846
0.012359764213728846
0.012359764213728846
0.012359764213728846
0.012423147619953097
0.012423147619953097
0.012423147619953097
0.012423147619953097
0.012423147619953097
0.012423147619953097
0.012423147619953097
0.012423147619953097
0.012423147619953097
0.012423147619953097
0.012423147619953097
0.012423147619953097
0.012423147619953097
0.012423147619953097
0.012423147619953097
0.012423147619953097
0.012423147619953097
0.012423147619953097
0.012423147619953097
0.012423147619953097
0.012423147619953097
0.012423147619953097
0.013754199150662356
0.013754199150662356
0.013754199150662356
0.013754199150662356
0.013754199150662356
0.013944349369335108
0.013944349369335108
0.013944349369335108
0.01419788299423211
0.01419788299423211
0.01419788299423211
0.01419788299423211
0.01419788299423211
0.01419788299423211
0.01419788299423211
0.01419788299423211
0.01419788299423211
0.01419788299423211
0.01419788299423211
0.01419788299423211
0.01419788299423211
0.01419788299423211
0.01419788299423211
0.01419788299423211
0.01419788299423211
0.01419788299423211
0.01419788299423211
0.01419788299423211
0.01419788299423211
0.01419788299423211
0.01419788299423211
0.01419788299423211
0.01419788299423211
0.01419788299423211
0.01419788299423211
0.01419788299423211
0.01419788299423211
0.01419788299423211
0.01419788299423211
0.01419788299423211
0.01419788299423211
0.01419788299423211
0.01419788299423211
0.01419788299423211
0.014324649806680611
0.014324649806680611
0.014324649806680611
0.014324649806680611
0.014324649806680611
0.014324649806680611
0.014324649806680611
0.014324649806680611
0.014324649806680611
0.014324649806680611
0.014324649806680611
0.014324649806680611
0.016162768587183875
0.016289535399632377
0.016289535399632377
0.016289535399632377
0.016289535399632377
0.016289535399632377
0.016289535399632377
0.016289535399632377
0.016289535399632377
0.016289535399632377
0.016289535399632377
0.016289535399632377
0.016289535399632377
0.016289535399632377
0.016289535399632377
0.016289535399632377
0.016289535399632377
0.016289535399632377
0.016289535399632377
0.016289535399632377
0.016289535399632377
0.016289535399632377
0.016289535399632377
0.016289535399632377
0.016289535399632377
0.016289535399632377
0.016289535399632377
0.016289535399632377
0.016289535399632377
0.016289535399632377
0.016289535399632377
0.016289535399632377
0.016289535399632377
0.016289535399632377
0.016289535399632377
0.016289535399632377
0.016289535399632377
0.016289535399632377
0.016289535399632377
0.016289535399632377
0.016289535399632377
0.016289535399632377
0.016289535399632377
0.016289535399632377
0.016289535399632377
0.016289535399632377
0.016289535399632377
0.016289535399632377
0.016289535399632377
0.016416302212080878
0.016416302212080878
0.016416302212080878
0.016416302212080878
0.016416302212080878
0.016416302212080878
0.016416302212080878
0.016416302212080878
0.016416302212080878
0.016416302212080878
0.016416302212080878
0.016416302212080878
0.016416302212080878
0.016416302212080878
0.016416302212080878
0.016416302212080878
0.016416302212080878
0.016416302212080878
0.016416302212080878
0.016416302212080878
0.016416302212080878
0.016416302212080878
0.016416302212080878
0.016416302212080878
0.016416302212080878
0.016416302212080878
0.016416302212080878
0.016416302212080878
0.016416302212080878
0.016416302212080878
0.017557203524117385
0.017557203524117385
0.017557203524117385
0.017557203524117385
0.017557203524117385
0.017557203524117385
0.017557203524117385
0.017557203524117385
0.017557203524117385
0.017557203524117385
0.017557203524117385
0.017557203524117385
0.017557203524117385
0.017557203524117385
0.017683970336565887
0.017683970336565887
0.017683970336565887
0.017683970336565887
0.017683970336565887
0.017683970336565887
0.017683970336565887
0.017683970336565887
0.017683970336565887
0.017683970336565887
0.017683970336565887
0.017683970336565887
0.017683970336565887
0.017683970336565887
0.017683970336565887
0.017683970336565887
0.017683970336565887
0.017683970336565887
0.017683970336565887
0.017683970336565887
0.017683970336565887
0.017683970336565887
0.017683970336565887
0.017683970336565887
0.017683970336565887
0.017683970336565887
0.017683970336565887
0.017683970336565887
0.017683970336565887
0.017683970336565887
0.017810737149014388
0.017810737149014388
0.017810737149014388
0.017810737149014388
0.017810737149014388
0.017810737149014388
0.017810737149014388
0.017810737149014388
0.017810737149014388
0.017810737149014388
0.017810737149014388
0.017810737149014388
0.017810737149014388
0.017810737149014388
0.017810737149014388
0.017810737149014388
0.017810737149014388
0.017810737149014388
0.017810737149014388
0.017810737149014388
0.017810737149014388
0.017810737149014388
0.017810737149014388
0.017810737149014388
0.017810737149014388
0.017810737149014388
0.017810737149014388
0.017810737149014388
0.017810737149014388
0.017810737149014388
0.017810737149014388
0.017810737149014388
0.017810737149014388
0.017810737149014388
0.018000887367687138
0.018000887367687138
0.018000887367687138
0.018000887367687138
0.018000887367687138
0.018000887367687138
0.018000887367687138
0.018000887367687138
0.018000887367687138
0.018000887367687138
0.018000887367687138
0.018000887367687138
0.018000887367687138
0.018000887367687138
0.018000887367687138
0.018000887367687138
0.018000887367687138
0.018000887367687138
0.018000887367687138
0.018000887367687138
0.018000887367687138
0.018000887367687138
0.018000887367687138
0.018000887367687138
0.018000887367687138
0.018000887367687138
0.018000887367687138
0.018000887367687138
0.018000887367687138
0.018000887367687138
0.018000887367687138
0.018000887367687138
0.018000887367687138
0.018000887367687138
0.018000887367687138
0.018000887367687138
0.018000887367687138
0.018000887367687138
0.018000887367687138
0.018000887367687138
0.018000887367687138
0.018000887367687138
0.018000887367687138
0.018000887367687138
0.018000887367687138
0.018000887367687138
0.018000887367687138
0.018000887367687138
0.018000887367687138
0.018000887367687138
0.018000887367687138
0.018000887367687138
0.018000887367687138
0.018000887367687138
0.01825442099258414
0.01825442099258414
0.01825442099258414
0.01825442099258414
0.01825442099258414
0.01825442099258414
0.01825442099258414
0.01825442099258414
0.01825442099258414
0.01825442099258414
0.01825442099258414
0.01825442099258414
0.01825442099258414
0.01825442099258414
0.01825442099258414
0.01825442099258414
0.01825442099258414
0.01825442099258414
0.01825442099258414
0.01825442099258414
0.01825442099258414
0.01825442099258414
0.01825442099258414
0.01825442099258414
0.01825442099258414
0.01825442099258414
0.01825442099258414
0.01825442099258414
0.018824871648602397
0.018824871648602397
0.018951638461050895
0.018951638461050895
0.018951638461050895
0.018951638461050895
0.018951638461050895
0.018951638461050895
0.018951638461050895
0.018951638461050895
0.018951638461050895
0.018951638461050895
0.019015021867275148
0.019015021867275148
0.019015021867275148
0.019015021867275148
0.019015021867275148
0.019078405273499396
0.019078405273499396
0.019078405273499396
0.019078405273499396
0.019078405273499396
0.019078405273499396
0.019078405273499396
0.019078405273499396
0.019078405273499396
0.019078405273499396
0.019078405273499396
0.019078405273499396
0.019078405273499396
0.019078405273499396
0.019078405273499396
0.019078405273499396
0.019078405273499396
0.019078405273499396
0.019078405273499396
0.019078405273499396
0.019078405273499396
0.019078405273499396
0.019078405273499396
0.019078405273499396
0.019078405273499396
0.019078405273499396
0.019078405273499396
0.019078405273499396
0.019078405273499396
0.019078405273499396
