0.013944349369335108
0.022754642834505925
0.028649299613361223
0.03302275464283451
0.036698992203841034
0.038727261203017053
0.041135830639538566
0.042149965139126576
0.043164099638714586
0.04474868479432085
0.04620650313747861
0.04766432148063637
0.04893198960512138
0.049755973886036635
0.05102364201052165
0.052101159916333906
0.053178677822146164
0.05412942891550992
0.054573112759079674
0.055587247258667684
0.05641123153958294
0.057298599226722445
0.057995816695189197
0.058629650757431706
0.05926348481967421
0.059770552069468214
0.060087469100589465
0.06034100272548647
0.06059453635038347
0.061038220193953226
0.06122837041262597
0.061481904037522975
0.06205235469354123
0.06230588831843823
0.06262280534955948
0.06312987259935349
0.06332002281802625
0.06363693984914749
0.06376370666159599
0.064017240286493
0.06420739050516575
0.06446092413006276
0.064777841161184
0.0651581415985295
0.06547505862965075
0.06598212587944476
0.06629904291056601
0.06636242631679026
0.06661595994168727
0.06686949356658427
0.06724979400392977
0.06756671103505102
0.06788362806617228
0.06813716169106927
0.06845407872219053
0.06877099575331179
0.06902452937820878
0.06921467959688153
0.06940482981555429
0.0699118970653483
0.07029219750269379
0.0705457311275908
0.07086264815871204
0.07111618178360905
0.0716866324396273
0.07206693287697281
0.07213031628319706
0.07238384990809406
0.07289091715788806
0.07320783418900932
0.07346136781390632
0.07365151803257908
0.07371490143880333
0.07390505165747607
0.07403181846992457
0.07403181846992457
0.07409520187614882
0.07441211890727008
0.07460226912594282
0.07485580275083983
0.07498256956328833
0.07517271978196108
0.07529948659440959
0.07542625340685809
0.07555302021930659
0.07567978703175508
0.07599670406287634
0.07618685428154909
0.07631362109399759
0.0764403879064461
0.07669392153134309
0.07682068834379159
0.07688407175001584
0.07701083856246435
0.0773277555935856
0.07751790581225836
0.07777143943715535
0.07789820624960385
0.0779615896558281
0.07802497306205236
0.07827850668694936
0.07859542371807061
0.07872219053051911
0.07891234074919186
0.07910249096786462
0.07922925778031312
0.07929264118653737
0.07941940799898586
0.07941940799898586
0.07954617481143436
0.07973632503010712
0.07986309184255562
0.08005324206122837
0.08056030931102237
0.08068707612347087
0.08094060974836788
0.08106737656081638
0.08113075996704062
0.08125752677948914
0.08132091018571339
0.08138429359193763
0.08144767699816188
0.08151106040438613
0.08170121062305888
0.08182797743550739
0.08189136084173164
0.08208151106040439
0.08227166127907713
0.08246181149774989
0.08258857831019839
0.08265196171642264
0.08284211193509539
0.08290549534131965
0.08315902896621664
0.08334917918488939
0.0834759459973379
0.0834759459973379
0.08366609621601065
0.08391962984090764
0.08391962984090764
0.0841097800595804
0.0842365468720289
0.0842365468720289
0.0842365468720289
0.08429993027825315
0.08455346390315016
0.08468023071559866
0.08493376434049565
0.08506053115294417
0.08518729796539266
0.08531406477784116
0.08544083159028966
0.08556759840273816
0.08575774862141092
0.08582113202763517
0.08588451543385942
0.08594789884008366
0.08613804905875641
0.08626481587120492
0.08639158268365342
0.08645496608987767
0.08651834949610192
0.08658173290232617
0.08658173290232617
0.08670849971477468
0.08677188312099893
0.08696203333967167
0.08702541674589592
0.08721556696456867
0.08734233377701718
0.08753248399568993
0.08759586740191418
0.08759586740191418
0.08759586740191418
0.08765925080813843
0.08765925080813843
0.08791278443303543
0.08810293465170818
0.08810293465170818
0.08829308487038093
0.08835646827660519
0.08848323508905369
0.08848323508905369
0.08848323508905369
0.08854661849527794
0.08854661849527794
0.08854661849527794
0.08861000190150219
0.08892691893262344
0.08911706915129619
0.08937060277619319
0.08956075299486595
0.08968751980731444
0.08968751980731444
0.08981428661976294
0.08981428661976294
0.08994105343221144
0.08994105343221144
0.09006782024465995
0.0901312036508842
0.0901312036508842
0.0901312036508842
0.0901312036508842
0.0902579704633327
0.0902579704633327
0.0902579704633327
0.09032135386955695
0.09044812068200545
0.0906382709006782
0.0906382709006782
0.0906382709006782
0.0907650377131267
0.0907650377131267
0.0908918045255752
0.09095518793179945
0.0910185713380237
0.0910185713380237
0.09108195474424796
0.09108195474424796
0.09108195474424796
0.09108195474424796
0.09114533815047221
0.09120872155669646
0.09127210496292071
0.0913988717753692
0.09146225518159345
0.09158902199404197
0.09158902199404197
0.09165240540026622
0.09184255561893896
0.09190593902516321
0.09196932243138746
0.09196932243138746
0.09209608924383596
0.09215947265006022
0.09215947265006022
0.09215947265006022
0.09228623946250872
0.09234962286873297
0.09241300627495722
0.09247638968118146
0.09253977308740571
0.09272992330607847
0.09272992330607847
0.09272992330607847
0.09279330671230272
0.09279330671230272
0.09298345693097547
0.09298345693097547
0.09298345693097547
0.09298345693097547
0.09311022374342397
0.09317360714964822
0.09323699055587248
0.09336375736832098
0.09342714077454523
0.09349052418076947
0.09349052418076947
0.09349052418076947
0.09349052418076947
0.09355390758699372
0.09361729099321797
0.09374405780566647
0.09374405780566647
0.09374405780566647
0.09387082461811498
0.09399759143056348
0.09406097483678773
0.09406097483678773
0.09406097483678773
0.09418774164923623
0.09431450846168474
0.09444127527413324
0.09469480889903023
0.09469480889903023
0.09469480889903023
0.09482157571147873
0.09494834252392724
0.09494834252392724
0.09494834252392724
0.09501172593015149
0.09507510933637574
0.09507510933637574
0.09526525955504848
0.09532864296127273
0.09532864296127273
0.09532864296127273
0.09545540977372124
0.0955187931799455
0.0955187931799455
0.09564555999239399
0.09564555999239399
0.09564555999239399
0.09570894339861824
0.09570894339861824
0.09589909361729099
0.09589909361729099
0.09596247702351525
0.09596247702351525
0.0960258604297395
0.096152627242188
0.096152627242188
0.096152627242188
0.09621601064841225
0.09621601064841225
0.0962793940546365
0.09634277746086074
0.09634277746086074
0.09640616086708499
0.09646954427330925
0.0965329276795335
0.09659631108575775
0.09659631108575775
0.09659631108575775
0.09659631108575775
0.09672307789820625
0.09684984471065475
0.096913228116879
0.096913228116879
0.096913228116879
0.09697661152310325
0.09697661152310325
0.097166761741776
0.097166761741776
0.097166761741776
0.097166761741776
0.097166761741776
0.09723014514800025
0.0972935285542245
0.097420295366673
0.09748367877289725
0.09748367877289725
0.09748367877289725
0.0975470621791215
0.0975470621791215
0.09761044558534576
0.09761044558534576
0.09761044558534576
0.09761044558534576
0.09767382899157001
0.09767382899157001
0.09780059580401851
0.09786397921024276
0.097927362616467
0.097927362616467
0.097927362616467
0.09799074602269126
0.09799074602269126
0.0980541294289155
0.0980541294289155
0.09818089624136402
0.09824427964758826
0.09830766305381251
0.09837104646003676
0.09843442986626101
0.09843442986626101
0.09849781327248526
0.09856119667870951
0.09862458008493376
0.09868796349115802
0.09875134689738227
0.09887811370983077
0.09894149711605502
0.09900488052227926
0.09900488052227926
0.09900488052227926
0.09900488052227926
0.09900488052227926
0.09900488052227926
0.09906826392850351
0.09906826392850351
0.09913164733472776
0.09913164733472776
0.09913164733472776
0.09913164733472776
0.09913164733472776
0.09925841414717627
0.09925841414717627
0.09938518095962477
0.09944856436584902
0.09951194777207327
0.09951194777207327
0.09951194777207327
0.09951194777207327
0.09951194777207327
0.09951194777207327
0.09951194777207327
0.09957533117829752
0.09970209799074602
0.09970209799074602
0.09970209799074602
0.09970209799074602
0.09970209799074602
0.09976548139697028
0.09982886480319453
0.09982886480319453
0.09989224820941878
0.09989224820941878
0.09995563161564303
0.10008239842809152
0.10008239842809152
0.10008239842809152
0.10014578183431577
0.10020916524054002
0.10020916524054002
0.10027254864676428
0.10033593205298853
0.10039931545921278
0.10052608227166128
0.10052608227166128
0.10058946567788553
0.10058946567788553
0.10058946567788553
0.10058946567788553
0.10058946567788553
0.10058946567788553
0.10058946567788553
0.10065284908410978
0.10065284908410978
0.10071623249033403
0.10071623249033403
0.10071623249033403
0.10071623249033403
0.10077961589655828
0.10077961589655828
0.10077961589655828
0.10084299930278254
0.10090638270900679
0.10090638270900679
0.10090638270900679
0.10096976611523104
0.10096976611523104
0.10096976611523104
0.10096976611523104
0.10103314952145528
0.10103314952145528
0.10109653292767953
0.10115991633390378
0.10115991633390378
0.10122329974012803
0.10122329974012803
0.10122329974012803
0.10122329974012803
0.10122329974012803
0.10122329974012803
0.10122329974012803
0.10122329974012803
0.10122329974012803
0.10128668314635228
0.10135006655257653
0.10141344995880079
0.10141344995880079
0.10141344995880079
0.10141344995880079
0.10141344995880079
0.10141344995880079
0.10141344995880079
0.10141344995880079
0.10154021677124929
0.10154021677124929
0.10154021677124929
0.10154021677124929
0.10160360017747354
0.10166698358369779
0.10166698358369779
0.10166698358369779
0.10173036698992204
0.10173036698992204
0.10173036698992204
0.10173036698992204
0.10185713380237053
0.10185713380237053
0.10185713380237053
0.10185713380237053
0.10185713380237053
0.10198390061481905
0.10198390061481905
0.10198390061481905
0.1020472840210433
0.1020472840210433
0.10211066742726754
0.10211066742726754
0.10211066742726754
0.10211066742726754
0.10223743423971604
0.10223743423971604
0.10223743423971604
0.10223743423971604
0.10236420105216454
0.10236420105216454
0.10236420105216454
0.10236420105216454
0.10236420105216454
0.10236420105216454
0.10242758445838879
0.10242758445838879
0.10249096786461305
0.10249096786461305
0.10249096786461305
0.1025543512708373
0.1025543512708373
0.1025543512708373
0.1025543512708373
0.1025543512708373
0.1025543512708373
0.1025543512708373
0.10261773467706155
0.10261773467706155
0.10261773467706155
0.10261773467706155
0.10261773467706155
0.10261773467706155
0.1026811180832858
0.1026811180832858
0.1026811180832858
0.1026811180832858
0.1026811180832858
0.1026811180832858
0.1026811180832858
0.1026811180832858
0.1026811180832858
0.1026811180832858
0.10274450148951005
0.1028078848957343
0.1028078848957343
0.1028078848957343
0.1028078848957343
0.10287126830195854
0.10287126830195854
0.10293465170818279
0.10293465170818279
0.10293465170818279
0.10293465170818279
0.10293465170818279
0.10293465170818279
0.10293465170818279
0.10293465170818279
0.10293465170818279
0.10299803511440705
0.10299803511440705
0.10299803511440705
0.1030614185206313
0.1030614185206313
0.1030614185206313
0.1030614185206313
0.1030614185206313
0.1030614185206313
0.10312480192685555
0.10312480192685555
0.10312480192685555
0.10312480192685555
0.10312480192685555
0.10312480192685555
0.10312480192685555
0.1031881853330798
0.1031881853330798
0.1031881853330798
0.1031881853330798
0.1031881853330798
0.1033149521455283
0.1033149521455283
0.1033149521455283
0.1033149521455283
0.1033149521455283
0.1033149521455283
0.1033149521455283
0.10337833555175255
0.10337833555175255
0.10337833555175255
0.10337833555175255
0.10337833555175255
0.10337833555175255
0.1034417189579768
0.10350510236420105
0.10350510236420105
0.10350510236420105
0.10350510236420105
0.10350510236420105
0.10350510236420105
0.10350510236420105
0.10350510236420105
0.10350510236420105
0.10356848577042531
0.10356848577042531
0.10356848577042531
0.10356848577042531
0.10356848577042531
0.10363186917664956
0.10363186917664956
0.10363186917664956
0.10363186917664956
0.10363186917664956
0.10363186917664956
0.10363186917664956
0.10363186917664956
0.10363186917664956
0.10363186917664956
0.10363186917664956
0.10363186917664956
0.10363186917664956
0.10363186917664956
0.10363186917664956
0.10363186917664956
0.1036952525828738
0.1038220193953223
0.1038220193953223
0.10388540280154655
0.10388540280154655
0.10388540280154655
0.10388540280154655
0.10388540280154655
0.10388540280154655
0.10388540280154655
0.10388540280154655
0.10401216961399505
0.10401216961399505
0.10401216961399505
0.1040755530202193
0.1040755530202193
0.1040755530202193
0.1040755530202193
0.10413893642644356
0.10413893642644356
0.10413893642644356
0.10413893642644356
0.10413893642644356
0.10413893642644356
0.10413893642644356
0.10413893642644356
0.10420231983266781
0.10432908664511631
0.10439247005134056
0.10439247005134056
0.10451923686378906
0.10451923686378906
0.10451923686378906
0.10451923686378906
0.10451923686378906
0.1045826202700133
0.1045826202700133
0.1045826202700133
0.1045826202700133
0.10464600367623757
0.10464600367623757
0.10464600367623757
0.10464600367623757
0.10464600367623757
0.10464600367623757
0.10464600367623757
0.10464600367623757
0.10464600367623757
0.10464600367623757
0.10464600367623757
0.10464600367623757
0.10464600367623757
0.10464600367623757
0.10470938708246182
0.10470938708246182
0.10470938708246182
0.10470938708246182
0.10477277048868607
0.10477277048868607
0.10477277048868607
0.10477277048868607
0.10477277048868607
0.10477277048868607
0.10477277048868607
0.10477277048868607
0.10477277048868607
0.10477277048868607
0.10477277048868607
0.10483615389491031
0.10483615389491031
0.10483615389491031
0.10489953730113456
0.10496292070735881
0.10496292070735881
0.10502630411358306
0.10502630411358306
0.10508968751980731
0.10508968751980731
0.10508968751980731
0.10515307092603156
0.10515307092603156
0.10521645433225582
0.10521645433225582
0.10521645433225582
0.10521645433225582
0.10527983773848007
0.10527983773848007
0.10527983773848007
0.10527983773848007
0.10527983773848007
0.10527983773848007
0.10527983773848007
0.10527983773848007
0.10527983773848007
0.10527983773848007
0.10527983773848007
0.10527983773848007
0.10527983773848007
0.10534322114470432
0.10534322114470432
0.10534322114470432
0.10534322114470432
0.10534322114470432
0.10534322114470432
0.10534322114470432
0.10534322114470432
0.10540660455092857
0.10540660455092857
0.10540660455092857
0.10546998795715282
0.10553337136337707
0.10553337136337707
0.10553337136337707
0.10553337136337707
0.10553337136337707
0.10553337136337707
0.10559675476960131
0.10559675476960131
0.10559675476960131
0.10559675476960131
0.10559675476960131
0.10559675476960131
0.10559675476960131
0.10559675476960131
0.10559675476960131
0.10559675476960131
0.10566013817582556
0.10566013817582556
0.10566013817582556
0.10566013817582556
0.10566013817582556
0.10566013817582556
0.10566013817582556
0.10566013817582556
0.10572352158204983
0.10572352158204983
0.10572352158204983
0.10572352158204983
0.10572352158204983
0.10572352158204983
0.10572352158204983
0.10572352158204983
0.10572352158204983
0.10578690498827407
0.10591367180072257
0.10591367180072257
0.10591367180072257
0.10591367180072257
0.10591367180072257
0.10591367180072257
0.10604043861317107
0.10604043861317107
0.10604043861317107
0.10604043861317107
0.10604043861317107
0.10610382201939532
0.10610382201939532
0.10610382201939532
0.10610382201939532
0.10610382201939532
0.10610382201939532
0.10610382201939532
0.10610382201939532
0.10610382201939532
0.10610382201939532
0.10616720542561957
0.10623058883184382
0.10623058883184382
0.10623058883184382
0.10623058883184382
0.10623058883184382
0.10623058883184382
0.10623058883184382
0.10623058883184382
0.10623058883184382
0.10623058883184382
0.10623058883184382
0.10623058883184382
0.10623058883184382
0.10623058883184382
0.10629397223806808
0.10629397223806808
0.10635735564429233
0.10635735564429233
0.10635735564429233
0.10635735564429233
0.10642073905051658
0.10654750586296508
0.10654750586296508
0.10654750586296508
0.10654750586296508
0.10654750586296508
0.10654750586296508
0.10654750586296508
0.10654750586296508
0.10654750586296508
0.10654750586296508
0.10654750586296508
0.10654750586296508
0.10654750586296508
0.10661088926918932
0.10661088926918932
0.10661088926918932
0.10661088926918932
0.10661088926918932
0.10661088926918932
0.10661088926918932
0.10661088926918932
0.10661088926918932
0.10661088926918932
0.10661088926918932
0.10667427267541357
0.10673765608163782
0.10680103948786208
0.10680103948786208
0.10680103948786208
0.10680103948786208
0.10680103948786208
0.10686442289408633
0.10692780630031058
0.10692780630031058
0.10692780630031058
0.10692780630031058
0.10692780630031058
0.10699118970653483
0.10699118970653483
0.10699118970653483
0.10699118970653483
0.10699118970653483
0.10711795651898333
0.10711795651898333
0.10711795651898333
0.10711795651898333
0.10711795651898333
0.10711795651898333
0.10711795651898333
0.10711795651898333
0.10718133992520758
0.10718133992520758
0.10718133992520758
0.10718133992520758
0.10718133992520758
0.10718133992520758
0.10724472333143183
0.10724472333143183
0.10724472333143183
0.10724472333143183
0.10724472333143183
0.10730810673765608
0.10730810673765608
0.10730810673765608
0.10730810673765608
0.10730810673765608
0.10730810673765608
0.10737149014388034
0.10737149014388034
0.10737149014388034
0.10737149014388034
0.10737149014388034
0.10737149014388034
0.10737149014388034
0.10737149014388034
0.10737149014388034
0.10737149014388034
0.10737149014388034
0.10737149014388034
0.10737149014388034
0.10737149014388034
0.10737149014388034
0.10737149014388034
0.10737149014388034
0.10737149014388034
0.10737149014388034
0.10737149014388034
0.10737149014388034
0.10737149014388034
0.10737149014388034
0.10737149014388034
0.10737149014388034
0.10737149014388034
0.10737149014388034
0.10743487355010459
0.10743487355010459
0.10743487355010459
0.10743487355010459
0.10743487355010459
0.10743487355010459
0.10743487355010459
0.10743487355010459
0.10743487355010459
0.10749825695632884
0.10749825695632884
0.10756164036255308
0.10756164036255308
0.10762502376877733
0.10762502376877733
0.10768840717500158
0.10775179058122583
0.10775179058122583
0.10781517398745008
0.10781517398745008
0.10781517398745008
0.10781517398745008
0.10781517398745008
0.10787855739367433
0.10787855739367433
0.10787855739367433
0.10794194079989859
0.10794194079989859
0.10794194079989859
0.10794194079989859
0.10794194079989859
0.10794194079989859
0.10794194079989859
0.10794194079989859
0.10794194079989859
0.10800532420612284
0.10806870761234709
0.10806870761234709
0.10806870761234709
0.10806870761234709
0.10806870761234709
0.10806870761234709
0.10806870761234709
0.10806870761234709
0.10806870761234709
0.10806870761234709
0.10813209101857134
0.10813209101857134
0.10813209101857134
0.10813209101857134
0.10813209101857134
0.10813209101857134
0.10813209101857134
0.10813209101857134
0.10813209101857134
0.10813209101857134
0.10813209101857134
0.10813209101857134
0.10813209101857134
0.10819547442479559
0.10819547442479559
0.10819547442479559
0.10819547442479559
0.10819547442479559
0.10819547442479559
0.10825885783101984
0.10825885783101984
0.10825885783101984
0.10825885783101984
0.10825885783101984
0.10825885783101984
0.10825885783101984
0.10825885783101984
0.10825885783101984
0.10825885783101984
0.10825885783101984
0.10825885783101984
0.10825885783101984
0.10825885783101984
0.10825885783101984
0.10825885783101984
0.10825885783101984
0.10825885783101984
0.10825885783101984
0.10832224123724409
0.10832224123724409
0.10832224123724409
0.10838562464346833
0.10838562464346833
0.10851239145591685
0.10851239145591685
0.10851239145591685
0.10851239145591685
0.10851239145591685
0.10851239145591685
0.10851239145591685
0.10851239145591685
0.10851239145591685
0.10851239145591685
0.10851239145591685
0.10851239145591685
0.10851239145591685
0.10851239145591685
0.1085757748621411
0.1085757748621411
0.1085757748621411
0.10863915826836534
0.10870254167458959
0.10870254167458959
0.10870254167458959
0.10870254167458959
0.10870254167458959
0.10870254167458959
0.10870254167458959
0.10870254167458959
0.10870254167458959
0.10870254167458959
